Diameter,Length,Pressure,Mass flux,Temperature,CHF
0.01076438791653661,3.9333335228998707,6791.6437774793785,2048.5960740055743,261.6667592245124,1108.8742079184517
0.007808641132730752,5.981748504432163,17963.420119587587,1950.9847086523378,253.96401792900684,653.2048726899252
0.007766050630500977,6.059162511523197,13655.491988776741,986.0416138133218,160.67569905600283,492.1232967508653
0.008047600581951628,3.0733393365034827,16093.27578925457,991.3260303817623,339.6321536283767,426.7270345858668
0.010355409074692132,3.847434853970744,19584.844361870684,1936.218354011703,328.3542258481559,771.6343877632833
0.007956217184753743,4.966666448635689,12851.270385589316,2692.395519718641,314.9096087310115,547.5234345747648
0.007921843661227893,1.0166713445355573,17752.318056200613,990.2470283957791,161.29846343606255,1904.3798121683883
0.009918692613792423,3.4445458471828037,6034.961041346347,1305.6528667308655,120.39847186522685,1604.1810447660982
0.010805174595084722,2.023845934494837,17399.309392240317,1546.9001575505572,282.36751565977454,1250.2179662755527
0.010011637795416764,1.000729161788572,2693.5634168314314,716.2324760351335,103.38004523137324,3030.7093940187956
0.00785127607677711,4.0149555470849325,15972.55908485354,2003.2233330884408,259.0766255771183,824.4915473334585
0.010105659942461149,1.9786140260814016,13719.463923438914,1520.4832655826879,112.82547632263947,2249.233912737348
0.005908664070335444,0.800127362570937,12891.392832371926,1619.7765390375241,246.863656399424,1956.2238620000978
0.007828180705203677,0.49436207192592374,7917.53342782292,2796.6852137801843,118.76609140744237,6367.240120963567
0.00623561507825021,0.9057123633090498,6763.692699004343,2660.2468681408736,157.58304040077144,3722.1104336209764
0.007942340683981513,0.9851171563492284,5064.680548689995,2515.209888584387,80.44534142054253,4768.7575122483095
0.005710136581812204,1.005940772079702,9726.373555568027,1505.2981743003336,158.77329019997106,2388.473769940616
0.010109278452571027,0.9657364779658033,2787.013756161822,2345.037105847402,142.5225661035575,4496.098341237889
0.012898241951310719,1.9208355127680985,5147.913296449987,1322.9476347531904,228.2365405908577,2224.9758637938444
0.007773008665513113,5.925915176326654,9663.116830389143,3998.14423354187,97.80845131796434,1621.3369212193884
0.010891538426221386,1.0103523995077424,9704.61277162284,2690.413336799988,162.85869840128746,4632.543227932741
0.007100538065336457,0.9944442964200454,9797.584112939976,3538.2573601586537,286.64898950281184,2128.812336901198
0.006071370522638262,0.7771947858045991,7826.87057202991,3250.7712568585616,259.75556074942665,2653.9166978211942
0.002437374267689039,0.4958822569524746,3058.508614286512,1760.286209966979,51.404409522946224,3898.6869913002847
0.010149843419347975,1.9770651475823264,1381.44115201468,387.9452284441878,73.73074700307605,1040.8347981661166
0.005725371882441888,3.018658298351398,14048.629565843774,3343.822150876578,324.51014486646665,765.5148257376097
0.008072436299057576,0.9972108727315283,9798.349093119008,981.988833566289,223.56431140435305,1969.1442474352866
0.00995948135274844,1.2519174828570239,3451.7272514128363,333.2719759244007,57.31098262775488,1537.6337129982956
0.01013678823772084,1.0016684051735976,13958.971343454255,1004.321614172311,190.53004658110385,2123.4956857356424
0.007707268447041411,7.015657703685621,17524.282498921704,2738.286271313589,95.07524314875369,1172.211490062818
0.008214269634528999,15.031662398586722,13630.773132873343,2815.8372691130216,311.89515291721796,256.2930383357741
0.007991545434724445,1.5845219007901081,12864.307194783634,2657.7087876504797,281.0533526556288,1607.4545183726939
0.010074484877173294,0.9685744735525057,13902.799093788559,414.9148043265757,150.78544710208286,1485.5356469505368
0.007899492803155647,1.5586417777582118,4906.374222039172,1606.2077949977277,169.47545813986267,2525.0196469716743
0.008222577296338554,1.5636932230148963,12939.545575118396,2227.7047747926244,208.91802942397547,2105.9172587359312
0.007873347599492812,1.5433134828867652,5001.54573284614,1608.9653557541155,111.6417889658409,2889.9481455594255
0.008011626889892437,2.95386917934402,17446.908739432085,507.8100047190767,119.47312928934592,575.7065958827039
0.011208580067329235,1.8697009752101457,14230.783126005585,2017.0835482009072,315.12277211853495,1085.5688933460106
0.009939100166480143,1.0561219324955198,2082.0770337757413,201.73055584262826,131.28796075154463,1104.399363062713
0.014846662292035613,3.117972208642904,4991.238356067889,1125.149896618744,181.60673264720725,1734.0209822027643
0.010253407865080883,3.8272100306005,19504.097438778852,1943.168810930865,333.9647661231522,760.9386025088984
0.007977508273308485,1.005686321601992,13529.744000931973,987.5475016293465,186.21743274590622,1893.5070760311096
0.009883859150628994,4.93256830431339,12051.995801631845,2683.5761282210647,304.45374294956815,717.669493802082
0.00790918297189047,0.9932991077975577,9927.812126509356,1940.062433072774,288.9735538638456,1911.4185277901015
0.008015656402422008,1.5554519009142829,9765.713241796724,1598.4241533899317,302.441878948094,1264.8134276340309
0.00578162551623908,4.010192437949847,15670.120251911874,3278.246512799227,137.17116776056744,1510.9859948065412
0.009885589713194181,1.9996146720935355,13758.324670065349,1168.043514682357,110.02906643826714,1875.81440262459
0.007988759418304223,0.7866520887489549,2972.7225771571366,3908.091970736698,178.64141221181848,4739.619535973497
0.010018595341831733,3.0208405849113955,7024.690808438592,3636.82492596522,197.53828888867974,2371.0298092274224
0.0057739376062158655,1.0147497764334,11823.196144604752,4966.709971982947,135.39832713359786,5906.3882555002865
0.009531436760325489,1.734013770261283,7015.3081414880535,2090.846236404683,173.6586485052587,2672.7483350732855
0.012947871737812483,1.7445904046647323,3274.550650395983,994.558952318879,52.19367623110685,3058.5043692166387
0.010044542840664254,2.9907132614673717,18113.50410356134,2122.6644791091626,343.53580183154,841.9458994341095
0.007984668320830899,2.015279438641405,13839.817415080144,2008.8204704088625,302.1359261839187,1007.4156158129906
0.014107107256221186,1.2775809711394517,10975.661959767647,2021.8381572353373,278.0368422189529,2063.7665230819716
0.005946405136233236,0.78640491206036,14582.18304434383,3178.9457865470094,320.2228141917405,1769.894214977031
0.009910396932185515,3.031746607633845,15414.27834200249,374.64937040777517,323.0160912815171,365.1250654437509
0.009979223788169955,1.9874564350967208,9143.517802840488,658.9860575515927,77.80580558249098,1585.694411336933
0.010006659692656978,4.9531294819344405,9934.346922806786,3007.313223695158,285.873060135279,909.1167411341049
0.01015167878552185,3.6649077669462793,6937.164610411882,5307.521504595086,157.21610089381622,2756.1773998750787
0.00985671734805401,0.9915677876632145,7921.358535986179,1560.6400353818544,97.64375072289845,4030.9808709827153
0.008132014864483221,1.5639756288422442,9832.3548992716,5010.537180102141,261.33597806881926,2507.537223443489
0.008168530861499474,5.050075980064006,12869.612041665225,3217.197510529577,262.47286280197983,950.0149000764218
0.008262327169373666,5.323261926937113,17807.267965954426,1001.5560717079782,55.91517861600164,732.8754250568503
0.01254831392380349,4.861496506037573,8114.0380398614625,978.5014672658244,258.66939917569056,775.1190117246177
0.007941306049982437,1.398895690182931,3016.0131381144465,4030.9582556553864,138.20259914267353,4219.779563479047
0.015166490286972137,5.367748783411183,4089.495844263258,1314.5881016610492,191.74224311688764,1267.7530521469168
0.010632418876163155,1.00482859375644,6876.639679758283,1990.570903888453,183.1680409423034,3519.6140706377005
0.005768865064184616,2.0311309081558773,15660.360810134838,3463.2026981625886,179.99492150775708,2347.671785199789
0.012307758477048309,0.6329762643118262,544.4995899583314,100.2526541951226,125.55472194824148,881.4679506799758
0.0038619231705598043,1.548082605092209,2962.553160484783,4029.2985550339436,209.61938985438414,2229.001987212103
0.009936664121892095,2.050453576690489,6880.144497090285,5447.289177882208,183.37421598133352,3586.3916504006
0.010890201270892625,4.021553400567891,11790.529426112544,1002.3865682354809,294.0125421062199,573.343512189243
0.010027424223403709,3.580860206067875,4054.0599472887166,673.5681357604582,89.54237856452582,1047.9445935108413
0.00613776347906955,0.7945952633792555,9749.130029503707,2723.290410454469,261.3971380741183,2373.0572479804155
0.007995884622681651,0.9892662403612397,6782.4797972712195,2015.3770767852777,118.8008591387269,3785.614677069856
0.007990137695921475,1.5611958967733972,17743.59294380287,2713.3104560897305,262.3012900786164,2137.2362451128315
0.010103967212568015,4.930198759640312,17628.41866032339,657.2594771632309,337.9477805873949,267.9225711046585
0.008229500731153618,3.0231922094894115,13661.690823616686,3971.7007301283534,287.29638964869974,1486.8830789860374
0.01004676084642013,3.006378970724553,6996.341839638942,594.1892095640721,117.5719165978828,1018.4349089305884
0.005789870537003181,2.959848543379624,6859.6501337076725,1491.777327784684,253.43308196948692,864.6214858034616
0.00790104239210857,1.0043880892850277,9786.25341086574,2021.6069743288933,151.55115072215568,3358.903762186288
0.003965248403708948,2.045876406436954,2865.9696341573012,952.738801399961,60.0484216883649,1080.6868572122125
0.007753160421085854,0.246890593151261,14507.792297650447,1987.0393383166154,259.3386714971661,4234.683352731059
0.00798715530844289,0.9984682816461358,9922.873270846492,4062.151965549307,259.2279819811961,2840.5042323839875
0.0078063320818891205,2.9591451506345603,17276.823224581844,2022.8805175280686,281.19977810545544,990.3996981533586
0.013972235936844754,1.5089423457494915,10801.609483873046,1607.1896550190647,278.53166303885564,1737.9622847960966
0.007999409314506918,0.3873429425393118,1524.5378995785827,4777.975294601964,112.20843437203789,7781.106189884147
0.0076557846571623355,2.557438699070754,11515.268835470046,1973.477120981736,233.75654996349465,1238.2314016114437
0.007793101930677511,5.961625467118075,14015.730929934101,3922.0550009707786,96.91958174572322,1643.8761400471715
0.011065721309331384,6.101684157350585,14807.328027976395,1600.8501756196383,314.06995356489307,466.08349754890554
0.006056745915150883,0.7524753878774757,106.75225762046024,150.76837379008805,26.341473425151534,590.7693104955007
0.005985634316795788,0.9934656052110924,3076.392683099665,646.4365468366166,92.27137380303822,2189.446305580102
0.007909176615484403,1.581602240833105,4898.691493370889,997.2358837793955,116.21993621388631,2392.153694017441
0.010185006963757102,2.446011908156054,6722.669773833663,4294.181949425236,244.38529581118524,2357.2535225881443
0.012913105223886313,1.9262260356438359,7005.470426792821,938.4494632500257,209.7035897000861,1901.9864411859376
0.013160427404087722,2.2502280257081453,2288.6944379146858,758.3337593148756,49.58747341151772,2059.1803509548945
0.008089157174865054,0.8074727654329233,116.01945514365944,150.63113918669353,25.44430792747377,733.2837908220092
0.010709559022044802,1.0170222322965565,5953.846180882084,1492.359000151234,138.473665213969,3615.533689370882
0.01506363275226475,3.1860920801320973,4983.530384457152,3064.3325841043184,264.9750838795466,1850.8022653226162
0.00798538916791664,1.6248592766444792,13709.517535038378,1231.5562026939208,287.0067678212395,1034.2949362488355
0.008072117901534778,2.4963446143000745,2921.7600128530853,996.3266630373909,123.24740514565512,1376.79896572465
0.009239957814143095,1.8059134959902023,203.80819106434421,299.920913805614,82.70885940643058,758.3391603928394
0.00796872535591764,2.957677149245366,9773.779400776579,4063.7412328564506,261.9900747907769,1574.7377390448212
0.00595497771138601,4.0469349351567185,6986.197415941026,2205.501345361246,282.9922040088647,671.0689765091529
0.007899771630903992,1.0003059118237665,9697.45458014008,2004.8915151124354,275.16723156048033,2005.1933698418047
0.005836287461029068,3.967053070503308,9833.166198697212,1496.2072646665715,118.44661101561076,870.9207820522731
0.007837871007549598,0.2501738344352653,9670.71468132533,2004.917056894804,239.43994759346015,4551.935749963133
0.013485437871284107,3.628203560437994,17295.35734688793,2033.948160181631,328.2535198832515,923.0623126975626
0.010727360057834328,6.104735345814017,5894.573411891943,1526.2385532451074,240.07928512971384,798.8240429712953
0.006035215616096528,0.7914107736530539,14447.800484077523,2718.1017258031875,224.92973888640608,3120.5522207310696
0.005788102462434715,1.9991947477633352,5889.651988240535,1505.682444669055,162.03636897801587,1664.6254852527386
0.007974240364350293,2.438669531426086,14591.715716764975,2148.9216604987705,271.2609359679669,1201.7469842787148
0.007934569232701262,3.0176132285529063,13870.771141225294,2039.0967740996653,274.9147059570161,946.3515100638932
0.005699564892758676,1.0027195914680722,13984.480847666639,1479.0557223388466,157.21908705617213,2204.440813274033
0.007903375336221501,1.0231314690751043,3022.1514822648387,383.8244495618175,64.83647453636041,1717.9421819191282
0.00805991638545486,1.9843904255370481,6940.653889903296,4954.869703921866,188.76137923327516,3079.1231453139
0.01339804808931868,3.6706212725479874,6873.418547990757,2042.267766532829,232.07488645547164,1587.6101661350456
0.013929211720050731,1.0071180622682507,10823.271279059743,2711.8864975706942,270.38612606660587,3018.4428144424373
0.008055102451215726,6.023980458010589,17636.94093299108,492.25483903792815,205.81927479257726,282.9208535738998
0.0038393330209395603,1.5642547680723473,14746.085263392757,3954.9377597209136,254.89583506363618,1723.6829341590467
0.006060967009792922,0.7958553957162476,17770.69879700673,2710.45861026092,333.7266432875638,1607.5220752359367
0.0057309447034791985,2.9629764882200185,11672.223017404765,3372.0182089548757,239.6250701489463,1229.6341061882042
0.007878751660594069,2.0635800393831443,864.563576108023,1173.81336901752,126.71206893519523,1358.0145995259336
0.00930712876278032,2.4594257010376652,111.07113343924478,93.18372314112888,99.3157462082117,296.43190826918766
0.01114746169158781,0.9889862854415987,14691.178994731448,954.6836139376258,217.88445310061155,1909.2141055062339
0.008101350719455896,1.001287658568128,6841.357332275178,501.47927727335895,171.25547037843086,1839.507123899798
0.008056899041507498,0.9912769580429737,9867.544854140602,2002.7830905153708,279.7686956796726,1977.727021536675
0.00801482841089379,3.9928693500015315,10099.661902628915,2495.6072555975697,207.4500899015846,1238.7447110585135
0.005780636252931313,0.9935300897507643,9851.105155766652,3279.417076655593,302.79556463875264,1828.2396692294542
0.008112769202871012,10.754216788123728,6954.743655391737,1005.4868334673761,163.11614614476238,343.885443979689
0.007937860647405768,1.98901755658455,11920.3423684661,2009.173526157789,156.92305016602012,1966.0870345654207
0.00794300300723015,1.578867450120149,17848.26976643547,4012.442122032254,335.5611680150487,1847.8047978905142
0.010575680621453176,3.840707333906308,14781.564547516375,2210.0842433428033,250.37209938757087,1153.7773730053952
0.010893250170913383,5.9836344121666345,9500.478570900605,1577.0721553584644,274.63817743781107,564.5715339822356
0.007642331243162391,5.970422877737351,7067.471578610453,1996.5536325836656,249.58242410341438,669.6251650836219
0.00838923681394829,5.339834322783367,9811.888579896657,1011.0437592162331,214.60271856755048,529.6387700814503
0.010016937611949772,5.001367911290469,15975.7752871518,835.7146447855208,243.88439201346117,478.170806709012
0.010594735562756603,6.028603060707084,14767.207199444221,1530.2167731251304,161.92011245438766,899.0253731627085
0.015439399658657585,2.4203936593533912,5006.272952854985,2988.632294186503,242.3050488545555,2212.124410555515
0.007621895034569055,2.572145319234825,14536.632591169197,2457.2476034385268,157.75720544824492,1913.3201343573296
0.00802013712336369,0.9623066444321668,9770.352262572917,1581.3075767256448,251.43739402196215,2134.0544038338835
0.008171773146912463,1.9959751426495205,14027.01423886181,754.5343632169643,234.65790405153223,871.1703143718449
0.01001169671110006,2.0034486166882846,15727.970412864612,1167.4683454311278,335.9084909153368,710.8037194331453
0.009155906395469949,1.2285546712291953,202.45596936471375,295.1057367214673,101.32792911914197,997.5735294764563
0.009930344020621698,2.950338837434461,6957.677334759212,1001.5472252556705,98.63571561787877,1529.5969278422954
0.010028381548954359,4.9657037853882535,14004.363305397377,6179.110712421043,321.0644360441632,1546.9354341176168
0.007984999665183436,6.042134955959234,14012.431748946543,5065.637752558321,236.7782841584793,1425.3459425599365
0.010048257681823365,4.957280479177322,17789.50293190192,2030.8101412109886,336.7487604749842,556.03267328257
0.013937298719034742,1.5440870583833937,11099.32915378874,1611.819605417152,285.50245688846167,1607.930341885412
0.012865636246309408,3.651275836501994,6868.1620221028015,2014.745272291096,238.30719024959114,1533.3530554786155
0.01002185494225368,1.2502488349589849,1969.0089229421474,105.71258691508639,36.70960856594206,611.2764605332611
0.007967052407357697,14.839037811055714,13855.701076905829,2025.9213411093685,239.61486740445127,266.812559403177
0.005761494744165544,1.9818398254982812,5779.036032442513,1478.1697046488953,218.62465685223387,1464.2351052743275
0.01273016169038725,3.671641060423697,6876.041701899716,2006.0847283337098,247.1789791586527,1464.7154293502936
0.007965818651660652,0.24735657381880038,7872.999242056925,2943.8256254052253,177.68059584277455,7035.861903050905
0.007947017112957463,2.0254388201626754,13613.984501432134,2812.0047446106782,197.33277784760634,2189.486416193432
0.008076922875413055,3.0104275830561478,17850.16695049147,2028.9719489835381,146.44585563484932,1605.0066408763205
0.011484409126934145,1.7147877730816345,7119.819921737003,994.5336098058522,282.2432515004444,1718.5113783043485
0.007932696368469423,3.4758286715969673,14765.922746910206,2021.2517940314758,136.78615277755588,1395.8778303269808
0.010144404849165336,2.021943532279733,17670.855237817592,391.7964323060983,163.38328440907546,770.9579417554497
0.005736615623848473,1.9780731299116092,15884.954297883109,1492.9122672020642,314.4178306839181,643.67233051529
0.012516626448207085,1.9481557472434057,5320.62165513005,5351.694080119348,222.82501988440492,3146.4659840461522
0.00622841717651081,0.9039787679073281,10259.340960460386,2585.2458240673277,82.56714803742629,4598.885453827565
0.010818630866018317,4.032820756462005,13554.173844998519,992.4004813494853,199.49068016613774,787.8588390023045
0.01496009149485796,6.0044869456332295,13820.958332636534,776.1544046574949,197.1399573551064,626.8173270440774
0.01004324770533631,3.0047834098622266,15785.458875504322,626.5002420506328,243.436972514082,605.5898456130506
0.007988682573266702,1.5547903971817798,17577.490014299947,3207.4372131475293,306.3714585408923,1918.118387478052
0.008021793015548196,6.0838464073540095,15777.817704007979,1021.4324993524136,341.86297215198016,247.13366864505548
0.009895130563563974,5.0095845903593155,9713.858124145972,526.5141996098674,213.40963246982312,502.36187637299105
0.00823569149111692,3.7015279877079243,4949.336819919812,993.0724030760584,257.97955325441546,798.4448635728147
0.01285997557635962,0.8983181792513377,6835.820476513131,1367.5531890908321,178.06696686493143,3494.216601468451
0.006230836400451725,2.7424068312095975,6876.760174823396,2674.9212323556167,261.1913929867901,1211.570890057969
0.009951969639513423,4.962160176953318,17496.396779100494,1438.947313938815,335.44625577701504,418.5549968389306
0.008004657996608287,0.9928424602751753,17364.342691155663,3971.1637799658706,304.65002651791593,2926.496731471202
0.010239578660974715,4.907248146395518,6844.425919058185,4036.984842760915,147.207128576518,2149.391464009414
0.005858469693520579,1.0120248702145354,13539.181832058568,3398.960474515249,180.36210367265917,3781.7473297060983
0.007759969460322335,6.094747115693136,10161.140968355954,996.133976229933,68.47044776895221,669.3227273488251
0.007888856535613978,1.7744997611010729,2984.485717884363,1005.3374072342007,211.9331118846835,1579.661283815324
0.008069568909366854,2.9504733977117534,18092.493066396684,499.94797365584645,257.66484300760726,440.978416049218
0.010063671344699173,3.032615369426951,13815.777031408865,1578.0811019835603,247.01427972031874,1069.2816597696171
0.010866626373749551,6.057100699254173,12934.853365144581,2575.9893921602256,260.88916539767473,881.3674824459137
0.010010707874363735,1.9833398740237858,13927.05978394636,606.0143866295938,99.52552903890653,1240.6731421365214
0.005916255006910199,3.968724441668353,9836.04209493307,4960.894993296806,278.8245222233794,1178.4745183715384
0.008018477950919353,1.585976039744192,4919.720868745882,3298.6137834526617,208.70304362133788,3030.4669567656047
0.0056823459170040865,1.9907679887928988,6863.51663270565,5081.579210577362,136.90699179084794,3069.362748062761
0.010161126506079183,2.060234863692406,837.9901311307476,561.4939228101865,109.70492798026181,1125.6299567384285
0.005534185838942607,1.9942457865038108,7010.907515207431,2044.2500038122687,250.4592192017334,1354.3061956072256
0.009970904928760474,4.941543725353124,11554.377657633273,947.0105503516452,219.81763910795073,591.0234840734676
0.007830875756226506,1.9880951908935842,11621.186936299746,1997.2255684359557,198.77659998548614,1700.9422728060829
0.008209519853360948,2.960448715749618,9736.538196834192,1998.4339413528703,101.41635433161213,1765.626923729548
0.008014266028670098,1.5720328645008717,2963.340937523399,1583.2790535149582,120.42272963568549,2881.1197618702336
0.008124921754242941,2.030574005051858,15979.070934415286,504.9070064823625,248.43737069633352,640.4850579842516
0.007923250819920282,1.536461456654821,7922.665804214561,3999.7601222252415,287.45544271943663,1984.4083760557378
0.00794385357894199,0.7872418122810918,12773.625590086664,983.9838927308182,199.22562324814243,2062.138115143239
0.01005037362065658,0.352594416303483,1605.271648926595,1839.5191140323186,18.25275183338858,7976.123520362677
0.008108594168516328,1.5657317263298052,12846.90421680789,991.784209704125,186.76445343229858,1394.5578324940611
0.008019657431958035,2.9460459093102616,13651.554162008777,498.41827730203374,288.57847570783406,426.14240660846133
0.009998842983464831,1.9899341286996661,6913.962343867023,560.9256222509927,76.67457360443227,1497.1220406091527
0.010730131430523695,3.9965207307703996,15854.216342701522,2021.940881099602,280.61123062821656,895.5950562351965
0.009186323773873052,1.374244670927906,6838.793899508135,1000.2647954983304,258.5945529784842,1984.4748462791285
0.006059274496770489,0.7948779689809855,713.989895801518,147.71018593267522,28.962992118630268,613.0090950206998
0.008003442071272295,6.048816654485107,7759.061926804532,1600.4239591831742,273.65727752632233,529.0698361090274
0.010006565388261307,3.028454519101522,19453.325766311526,1341.4268977471252,262.5078295113405,924.2837506299524
0.007979030256972648,0.9823636431045618,6878.02605286664,1004.2034770026111,251.07964730974072,2257.4084517761826
0.007997555432862577,3.457710501725174,14717.19820901492,2011.4114501464828,158.516947017358,1311.4898385603396
0.009736997572191276,3.043963016851891,6865.731355366948,1304.018116479129,167.80813065189258,1554.5460316387578
0.010116991427399066,0.3520928479271148,2131.392952830675,2316.5786150352274,43.371567764393916,9357.178759972867
0.005928104497499179,2.982816106847296,6924.657667415288,4926.107725288911,78.83332347101131,2750.197719196744
0.010151828299061924,5.020999589921003,11872.778174403258,642.4801839604906,309.31555907787805,337.5499200362127
0.010853794548522642,3.9512168643414807,6988.70441262021,1003.6931433445983,280.8694682674895,779.0596663408274
0.005946918455957076,4.72991690351434,6762.381131690647,1113.474748825899,267.65547464038997,475.4377848737312
0.0048486090377733385,0.3867335533055665,448.99407414320626,501.44839690895026,107.73833175281725,1863.9607434432783
0.0077986347959617475,3.021819230450757,6743.979466187496,4060.225202208636,227.0491181822041,1918.8209014704435
0.007912907741425635,7.104382298446938,17587.57938228251,1936.1675908049467,342.21423877914276,318.975155825576
0.008030303215674153,1.5856344928611963,17589.69557227898,3971.5659791080598,328.5550268356768,1979.7058960015918
0.008043154994653702,3.0193496596590017,13807.733739782867,493.2976089117891,182.37991746819853,575.5040535262466
0.009487979996652423,3.0462465708939295,17697.904664287762,2020.096069658936,341.1180525570164,761.0344436468021
0.008075311904941781,1.00066559107008,15717.92917089777,976.9012324656933,303.40643195694815,1152.467934658286
0.00999326984896918,1.0020730911907614,3039.4627752016495,734.1018653815541,51.20280793985718,3360.0861795057485
0.007886936085220436,2.9720784702758274,9689.744502102856,2032.8205944279027,267.62864882835606,980.7016178724547
0.007970041069088487,1.9834933556632897,2975.931766361483,2539.69427447092,225.51226231477355,2013.8068954469481
0.0100208394466497,4.992851362351702,17938.822173877095,637.2024644100052,260.18868546960425,383.63414702932835
0.008074181703403958,1.5856963171513403,9838.175262103801,1625.5301480385726,56.13051096816695,2801.3365943159874
0.0038890381431451373,1.495411083635978,7140.32267504347,4342.534746362732,68.3295891790892,3380.945700768076
0.0048136542563039396,0.3880318902004319,705.1680802575436,487.75229173643766,124.54346903817024,1869.960235661633
0.008012034062368783,1.6510765541586014,15545.364336424429,2286.595018406683,331.8580552947203,974.3578123875625
0.007917741117150705,5.0915932238225095,12686.825627882396,2628.7721093560317,258.87139364130223,823.1157130420305
0.014660128849941622,3.176795857147138,4961.337634953846,1088.7381761055594,245.57831884060133,1395.54801736885
0.0079609078414438,3.0039855736695875,6865.334913828815,998.7414630083429,213.0449760417896,1068.2641204204963
0.01003280418968314,3.0123519883251846,4013.123444758113,1701.0193311373873,106.88442351128201,2053.859138742053
0.003892186692803909,1.5539902820639169,14420.133866386463,4033.6301315672763,300.2556466315252,1414.79104214855
0.0133664560812443,3.665463715116096,19231.69291962176,2037.2554619541263,315.8179437864658,1048.710279104422
0.01001768770696435,0.976569842728255,5111.335514957701,2215.770235404919,125.28316935551591,4319.422955491951
0.009943106940743088,1.2626461756866425,648.8373993382605,106.85249030342126,36.009250529142506,587.1193903666599
0.007836367428242494,1.0077276214063553,17338.74467263341,979.8451616338028,146.35454946351328,2001.105215863252
0.0094414431360279,3.6366317408414877,6888.502468006041,2788.66351661076,223.84050430365147,1531.2757153129364
0.0078104423159130465,0.7825418135468898,7867.171018876312,1608.0122997884139,155.29521959600592,3474.157536883748
0.009917234340312619,2.503212330279141,4928.360134335702,1577.9771872687961,106.02683007389557,2326.775023363071
0.0061439988915794564,0.8014736547382147,12609.83263124425,4130.720773268907,263.29468886658464,3235.1810330845174
0.007822317701111714,0.39170377484656954,1529.8716057411705,4751.91358272958,77.47226447538576,8957.657714680103
0.005803367088862831,3.0023957304710596,13672.023820574997,1529.692862973112,219.51840213004402,771.1520635014821
0.005747883766869419,5.05717936165515,17890.89661040689,1469.9148436225228,198.36174530999344,552.2463108479931
0.00800915650227797,0.7862038611540059,7720.075364260099,2255.9913013800206,135.04856845771607,4342.661975795469
0.007994563535756977,2.0022691099588488,9969.748579925723,972.3032915379853,262.9013299879138,1093.4088457546782
0.007906459525678753,0.980288944739227,6824.455250891836,2059.6108536900747,100.59492495724615,4006.1196383565098
0.00591734213096247,0.39892521952164645,7929.945035554582,2685.422603681603,174.7143173375833,5281.129179700058
0.007922676163358643,1.7040976070580431,14809.803033238319,930.1406808802391,225.60781134087327,1111.9773242329418
0.008009790634067284,1.9831928028412158,12919.661213293479,5009.721080907412,290.75140004478493,1868.6164647039152
0.008109073374167913,5.032843912115313,12847.705324970451,1586.55939966391,101.40616342406034,978.7683419440501
0.012866690577972805,1.925142648180836,5244.696769069045,1337.7344775616743,159.01336566352632,2606.75390847427
0.008097643357248238,3.0429930318316867,5038.423826852181,2502.2592835851706,256.33637653958726,1400.9798686980848
0.010977617415618299,6.011967267799668,17631.802669255612,999.7199950776183,206.42305402767795,576.3716935666464
0.01032554670273073,3.792527355725024,14666.98247880448,793.9674008684103,258.8666318912331,555.0514816945235
0.0059427952712963195,5.943202400625705,11531.970011567104,3321.0971615683716,277.02738274236134,615.3340037809417
0.007725043454666546,1.0097200465163887,17583.314490881625,994.851064028716,202.98937489747905,1626.7428430198677
0.008047593458397144,6.088525262885516,17792.84186406022,1259.5469750714835,257.8527276627341,443.3236835820309
0.005793460636797521,3.955505118014189,13757.350812463736,3294.759503204837,283.4578237078559,839.144822431797
0.010674638900902512,3.9940125845870207,15918.136051498182,2001.0636639635275,258.34846485086825,999.5617842921214
0.01006657092224251,0.6052956342548752,1637.3615666805931,430.95210278970063,54.12063948602346,3455.095062256647
0.00808690690066658,0.9926251575592332,13807.082586357436,513.5792600665972,181.61948718299055,1311.3213254080808
0.007959079468163842,2.4331395951388246,9954.216315757807,1597.3386424286173,109.42563283582021,1752.5749112973742
0.009931047925054047,1.9855240607726548,3983.795301095725,1696.5540966904025,40.05731535022443,3205.4117891099804
0.010068204638354457,0.6151029105515077,5798.422142092688,3875.123624355563,152.8880708493578,6669.31752272696
0.006185893565512279,0.7827969503044221,9738.732508561132,3264.1556277852847,238.53977836655804,2905.8725531581235
0.01011464363253528,0.34687753968714247,2171.6208599034635,1574.0178047098223,18.031444960331246,7687.847129853582
0.008126192358596178,0.977618511746761,9842.816016966199,997.0048433742826,202.06025120520658,2073.2499670146008
0.005851163799367535,5.008240050721929,17400.427841352128,3396.7513845172025,279.2489129555787,812.2489683050829
0.005844342912713243,3.9752838081489696,19445.903331607497,1511.257458677374,221.4732035179745,630.1604857985698
0.007604010093164123,6.099582869952559,17646.619260787156,2023.2941255396893,228.90003670936701,703.5179731497993
0.013217699198462895,3.664996897941883,19166.856151878375,2023.3575810210896,318.43854548742456,1056.4129407403566
0.007809710415942889,5.946388557924029,14711.502721263427,1011.2368116183598,309.1431163682115,290.33551809941025
0.011157000782361037,5.973245900255738,17677.861317764713,1018.9643032972411,304.78565203265583,383.9262735292219
0.009264405241191095,3.0417346191938823,11232.11191554659,1028.4086160836164,295.9415666310495,683.0825798977372
0.006118784959508467,1.007214672586379,3975.871931871923,1488.551238968927,57.42202745433708,3817.7799070551655
0.007911441020569818,2.944435015273179,13757.420050810224,1001.4111577874268,150.33513889606562,919.0878636534857
0.005806824129050785,2.948196504101682,6865.822376830151,3301.189969743152,257.0059546193683,1226.7334902276368
0.008073710458621387,5.978727644023128,18227.083506473176,980.7409133769086,346.2073530853352,234.92304636385728
0.00748006434330869,3.779865585233786,17523.71184190011,6019.505637992499,253.12768328357745,2204.693607417529
0.00803696842052298,3.4293232353938548,14482.983211413044,998.6084321174919,316.8926047727686,417.53198362942743
0.007919320660979808,2.9941001561980816,7115.007992782579,1112.8235195816733,186.89065794423354,1142.8085538258206
0.008064801822752408,3.9847127589492404,12172.32292174345,1249.3380067381795,310.73740192804223,446.2617958917058
0.005808229786055327,3.955771507113015,16035.596296618918,4903.966033292217,318.5293277088216,1078.3380327799302
0.007952846082567182,3.018662160497292,13723.276354415331,992.3890680837869,226.0252804713959,753.9008285722612
0.007996017947579983,1.0017559620117218,9680.057760383452,503.1507628999224,183.03220679837756,1550.4951094517862
0.012071179128907702,1.4438987329730066,290.52045439727516,298.5791095318844,61.444285081817846,1209.8519984072107
0.007978096796061939,1.5599705371970793,7919.397820287737,1584.0727086282207,214.77449203497463,1994.3342623456545
0.008201037262116719,0.9684758892812102,12752.794017635526,4007.6110077734747,283.8764520265919,2747.6781044335153
0.012805793935833063,1.936853669870621,6778.804865065501,1926.0688897019245,117.19702997894045,3091.780290735575
0.007926117258115286,1.0014220874275546,13770.358700170898,974.0836132056984,278.05616331846636,1367.2833255469814
0.012502240814484644,2.7730780708439045,7073.085691181574,2001.5495682047963,227.58805932555168,1936.8642633152824
0.005818371171879942,1.9820478918157687,11672.250127818868,3418.7864517360226,137.6636370155854,2499.151860959897
0.008063643627376674,3.999849530092709,11904.409097437816,1987.0018787340598,297.1376790709115,631.1178500294423
0.008104007630017975,4.948151677382282,17731.952970752212,2178.949084757779,232.70090702634096,918.6667170493024
0.009906183126345789,1.0024193400315904,13918.49925968736,304.99703779907276,160.9165054658537,1256.0019241702767
0.00392102323172353,2.0548070988841074,2228.6940748986176,976.5128891533536,50.867685256681504,1079.1093243223715
0.007965598028766719,0.9934228866651215,13653.361056614776,500.99083361094614,137.8143832862792,1457.6941730433548
0.00798191900871116,0.7874291338950873,9961.46839014309,997.1924429026635,93.31598860677809,3097.5961571531975
0.009796234902487088,1.4750616117503528,4029.3466068596213,655.520293551214,104.12579517681367,2143.657650957199
0.007673094083121744,1.003077580005967,6902.76749715255,502.7532374636608,104.67726321512039,1977.802974117409
0.0038296673532773723,0.7990908516778659,9680.836907695633,7374.385282206917,247.0606513970519,3798.5568416957767
0.010054191408289063,1.4856461991618568,3118.3761132735895,391.89114800926944,71.43556924011135,1473.8522064482793
0.007957251856302623,1.9910436220713776,13974.459264502035,2791.2681250166556,138.04468346358925,2713.1833768115876
0.007813262341234126,3.0055149336174396,6888.7680401064235,2010.9547092987211,172.13794593120687,1615.152220995597
0.010055243876270974,0.9884516171664994,2775.9153420374414,272.4835665685874,49.324623310485514,1551.7846875150622
0.008090577236031791,5.146918069125686,17642.5217531193,2691.5730608394515,299.3988901715971,795.0760810736097
0.009343461672784355,1.2001896002941448,184.23114755490735,301.43413847824195,74.63941129540389,976.922536746787
0.008064257604640296,1.5510399605435514,9890.630402250135,1602.7827097007867,74.75821435206808,2688.849795274876
0.006125618838167379,5.460114924183616,6949.463620022751,2660.525002580336,258.30509350355464,693.3166808648751
0.012884108509626211,2.0388326310572396,2210.7247923985524,927.5712938397434,50.98121826038393,2543.1877394691573
0.007917879852516659,0.9745832105901147,17676.4646910566,503.05251581732074,216.10197350644376,1107.4590921103745
0.008031560590578307,0.3952342399316386,1975.7384508155135,4814.745634210992,105.91780510778399,8314.968871618732
0.015137575075551779,4.026920109787656,5018.248928102477,1542.252315531132,249.34468787943814,1326.7418906124306
0.00581974017554125,1.0058167783252325,7842.380827978081,3340.8291108216936,158.98770969154026,3792.634807691431
0.007914906315646479,2.0166282811140666,14039.947104214767,5027.837371043426,240.53420805004404,3135.7602089151437
0.008037413398405989,1.016981921687338,9757.030302320465,489.343062502277,157.71155885203433,1585.6432442093922
0.010906513101046603,1.9979911090007139,13774.940577593678,535.707889632515,161.39077858401592,1088.2350340195756
0.012537526456615981,1.9385713886558993,7097.852315913164,5484.0721181385825,231.98902290818802,3222.043185019618
0.010864701075719239,5.938039167481503,9547.561426732686,1584.8189412870574,272.13604591699374,602.2967244162619
0.007937998282792319,1.5710713520124049,17554.597949681134,505.6999380057802,163.26173773931097,889.9577253398527
0.010424405087042888,3.823843359828229,9883.825680316544,2804.9074120698883,197.9660710659463,1594.6923863319028
0.007977009529873555,1.6003057612879878,14548.094800609004,3993.5819059306937,334.6051514165535,1558.0125476027338
0.008201881161839873,4.066439093625271,13807.014420894617,1995.0521446518082,276.77937590155074,719.9113616527062
0.009981741774647425,1.2619065953553035,2837.8062384470595,209.26061527922835,40.28368858077629,990.4861496327491
0.01301150961939878,2.241969793051047,3232.494200290912,281.92006649381364,31.08722125378525,1056.758384009744
0.009815159185256184,1.9950807756599909,14083.342476943259,447.01992144193156,183.10356935510305,825.8859803434905
0.013067990999744147,1.9795201746042,1448.4944318293958,726.0107635992011,41.56004057618117,2077.3826937240387
0.007906606482035755,2.0255912593329053,5920.75101071485,1412.1871131703494,197.99264258726853,1836.7988428811673
0.006034730191491859,0.7956854243222415,9857.296496637784,1591.0033680348965,233.48687715534032,2305.1342440627004
0.007893194505358057,0.9916128989204602,9709.388538451665,3989.448244159284,184.5395774959272,4549.8461406675515
0.009910381018731252,3.0228171201971223,17958.33654496619,664.6724448884869,336.63728700592685,383.5751709995611
0.010038443187071915,1.9694927943408522,15986.459166578225,2213.711370636236,342.25994494290876,1007.6909724829061
0.008107401297365601,3.04019413407138,14027.890102723526,3012.010199814107,234.74563608814498,1490.6104996774109
0.00795534647034339,2.4674030154476094,14383.783197499846,1007.7226545712826,313.7296699022844,602.1104577494626
0.008006191032213164,1.5848483128551734,14821.518189939763,4873.5325949185235,316.5295224396217,2097.110544338804
0.007998831413213791,2.476072391357492,2966.247350968866,1006.0286791308873,147.45765482396075,1344.5134813661318
0.010100231332950283,1.9929270475031142,1854.258917421567,170.29245968704788,40.76671434299968,564.6040202670232
0.008082047259814427,3.5023215446315095,9614.278184567056,2015.6453100879014,228.96115191843074,1130.4407019522819
0.012586855908679582,3.6222702795892716,7014.010810553931,2596.990580846027,247.93638019407905,1686.4591285165798
0.014800204063466443,5.966318726041462,11694.325991730679,1910.5784932307047,301.7891949383906,742.4274760832346
0.009936906235255564,1.2697381421592768,1780.6154762990652,854.5168380295427,111.43620968372403,2513.3391614340935
0.007950640921563484,0.9939386038798907,13731.619316477458,2021.7921421338854,226.1292955495023,2550.0297797679555
0.008159870545701957,3.00306048375983,13615.414246699474,990.3405125237265,246.15002482041945,727.8270766655427
0.007983704258188921,3.974708920299081,15643.640991646851,1499.7478920968335,279.2884653528195,605.0122354104961
0.009966271258454765,1.12366681832559,315.35018035875197,1079.5117341648017,38.59764525246362,2801.339563647242
0.012758017712405104,1.9284326556595373,10484.342643980212,5449.539510075401,213.79779498676126,4233.054341170002
0.005849454571383864,1.0128294585611712,17634.151037034466,5011.6767465906305,224.24818123823087,4899.266406636969
0.012622257985960788,1.916642073394869,6977.597729141822,3809.918514083551,275.8924540666665,2171.3655161584425
0.013481519602601397,3.7018323288074853,6900.98614804835,2010.762795380341,261.77753145674933,1394.2643081843696
0.008167713614517876,5.274788398380311,18047.564400836978,1503.5655067692403,141.5620616844916,886.6772844255348
0.007904975738354221,1.0169753979959717,7040.221445146332,411.63141151239967,64.95685662583884,1845.2195972273848
0.007984010908322112,1.5631105586063325,2925.6741926735385,3210.604537311241,197.33731902415056,3142.241787021324
0.00816006243550508,5.102289285052117,7019.702339339161,3012.1665683127176,187.9068183464515,1310.410972152377
0.007769258176613398,0.2529477556858571,13982.940415015362,1019.5937655309161,201.34045675224758,4237.151457148571
0.008154419671849334,1.9913106348997052,2006.294923705229,1008.5224966589876,203.7372421775251,1375.8124380759584
0.00797514577572708,3.5183155567140973,12670.711970393138,2006.7165481390207,249.96099471581266,930.7862962090145
0.012122896322099267,0.6111633036460722,206.52654186695804,100.35885848224865,81.21346970072545,833.099802287524
0.008034910023232747,11.031054525488674,17831.05465693544,1502.0953668299871,259.23061069926496,280.57501203297375
0.01518804634125713,6.023583359841894,17814.750835862553,1026.6245008707253,195.9967051973004,733.1429502455408
0.005385623402443114,2.5332494581962535,6970.820523086577,4292.457077604923,256.3403232301156,1639.3152965385516
0.009987688996398065,2.003026121697313,9057.117895271758,5901.875107248375,287.8359184106767,2157.6019110466805
0.011026690179191723,1.0011440923016812,7831.252977399782,964.6865078105468,220.2061544150996,2550.727796203502
0.006164830218294697,0.9902207732360637,3018.7436532667957,508.31974692361007,48.230959451431104,1828.3781130496905
0.010810021285646072,1.0057891339856169,5869.861198151106,1999.660887254444,119.51251905204059,4256.946923967803
0.014941417475694278,3.2434032037852623,5033.247601018404,3946.2835271925596,186.10740127946275,2760.3624976850488
0.00782088166012031,3.4976159648212772,14661.491572851999,992.6713530122884,168.32282628716402,771.8348292885236
0.008003810020693523,2.3925615166323793,12703.838594795241,2580.6030303258262,299.3898593124643,998.2180974904048
0.008022965404208302,3.0067754364822155,17878.03422881257,1003.1792888472046,184.22891897227558,872.0601895556458
0.009917707500585703,4.949285044131992,11945.091128593353,5818.980533667986,308.9663723094448,1492.309339781705
0.00812243331411342,3.6517925670246845,13834.606348956582,748.2050130276895,237.11516884341887,522.5550942310922
0.008074503826995838,3.4629265197812127,17715.067385151062,1999.8672495746769,288.51104834148816,804.4464947832142
0.014965428289936984,6.026802532608362,14953.376056375022,1013.1248422497287,301.07512965994374,493.8859432083085
0.010753240220321114,0.9907477033860596,11887.148498042972,2015.7488022097286,300.21453774940056,1784.4948940577208
0.01531378031185302,5.903202565089236,11756.771794670974,1036.4175076704364,218.31334525844244,714.5786968092459
0.008121250142343028,5.007121111830008,9733.171493408621,2692.8859948219724,273.9517285024319,763.7125186967579
0.005738247955255815,2.986144512520268,9677.102105045547,3266.948964482507,223.4992994967622,1348.8106366626898
0.00989455180765037,1.0084683585788916,9723.840442987157,1326.7625486405461,125.78087093566259,3442.754096856622
0.007961159852902654,0.7396012512192152,3004.558055418938,1013.4254897939329,169.65869965942633,3350.334768477478
0.003936400875726362,1.4978509639567896,3075.2888830726115,2250.0805145044296,66.35422901227811,2523.5170606316706
0.01001987835928406,0.605873240935983,2560.343345684914,425.30931463620783,52.69612876005993,3438.5995368907606
0.007922743832358251,3.9694268127226837,9788.693994199142,1501.4318587793928,300.89187071672285,567.466146573414
0.009403058428442414,1.799623582640051,203.70022466093926,302.01348177224503,98.76751396613827,751.0927493559083
0.012730638534434556,1.9312815050548053,10375.173002505904,2710.146471218491,213.5489115390999,2640.5141025611874
0.005791379451306009,0.9727851891250003,5807.9198036613025,1494.3145987469213,158.13028661803946,2929.525708496688
0.00995281857462735,0.6024297432777308,891.2582554613138,517.64859030155,58.924117285065066,3457.8603008315995
0.010063475865527693,3.077726215821244,13810.38462964813,578.0183691858367,229.39064216868871,613.5079819385925
0.00986875510970664,1.9778236057003933,2055.088256094138,2833.115312918528,55.66366931200463,4012.17095795542
0.007949402086332633,6.01019464863519,14156.553369928606,3064.284724905487,234.9956334799717,895.7912500811452
0.008081917043811473,2.21933844648277,12709.713819972154,1600.2990470687148,187.4974263482296,1450.1780562721506
0.006156968611505903,0.935041000709809,10459.328619103126,7634.167057205063,243.56568065772132,4912.05127043229
0.007968429901924406,5.939453120006948,11901.780006846198,1005.0332401064112,276.6546928011594,340.01779990633133
0.010076023890126766,4.920287490054131,12076.977757241673,1457.0406953343088,222.80888061506377,743.3738689034457
0.012564752601605916,4.600113141831025,7000.666242006785,1333.004394170574,235.9741692652271,1039.862778794063
0.009999235232436371,2.039921071945654,13979.745877166084,1365.7888623087188,108.47798149513956,2086.7684237233448
0.01001975641168317,2.0043734809075135,11798.312741391494,3703.8094993543,229.34101981859953,2782.9165033245663
0.009983221847856643,2.2384309592287104,2876.0555574053205,183.89072416348867,47.89390691751904,569.539096707424
0.013270914066006964,2.257519169060113,2759.211771967267,1055.593425451865,55.71498741867942,2581.513946962197
0.00710173549840909,0.5642237189032906,2246.061577984267,3357.7297118176834,166.6364887598357,5666.97914231604
0.008050416970360578,1.5499199872282643,2973.224476924313,1575.8029220148915,140.69659154305774,2663.1741434924575
0.009350958453750054,3.0502793525986585,17902.625444263773,2041.3093508341913,336.1466265396448,775.646604770282
0.009562217086414332,1.8461575759078621,11066.779329943414,4049.002151519006,202.80724693361773,3273.334431516435
0.008101232410433777,6.009225655771112,13583.598685254532,1983.6056357327789,231.82559551360458,651.7748757676837
0.008052839412029845,1.010711512133311,6839.700769209782,1994.2922046926667,142.2495359049473,3523.5163967137833
0.008069902802595374,3.954604548806322,14012.823311444312,2702.3024000466125,320.06841523688445,655.4719253489333
0.010032958837282956,1.7397036018027672,3407.09974582992,1735.3784558645946,147.10694189196647,2967.954339763043
0.008039160019634499,1.9934329191595026,5119.1735258079025,1249.909689423075,165.1724602039088,1922.3903317798597
0.00810233180575489,6.023632825117579,11693.363507496153,993.4022944328536,171.72824306748925,508.56618911447515
0.006115696149922245,0.791967386741566,7795.867164946822,1610.1653958379643,237.13930865898394,2636.3591555725748
0.00799331971922546,3.912193367271242,5006.018536182562,1525.5614384406006,253.2142963184052,873.8456382585006
0.005755429015710058,1.0007269344198748,17634.829705540415,3395.9990317111155,263.5993662174713,2915.1668662894117
0.008024195809872585,0.9989257888605303,9640.085129781908,501.052016958727,103.01393753560738,1797.7677059001956
0.005819138319222539,5.927941282389585,9764.403913846038,1524.0440407807926,260.52260301142553,399.68559507956377
0.010058453085514008,1.9933489939855922,3490.9029604299803,348.1883953891357,58.03300661978545,1071.5000868649809
0.005453687627185228,2.5281815957833094,7041.653717214451,4291.487974786905,223.79342385467064,1862.1867605227383
0.00999791228390719,0.6015160035568942,1079.951656887736,619.7838064456222,69.23238295353893,3838.009382700537
0.01064696381389694,4.982344470141439,13632.91891748509,2013.3601762300113,294.90251639689706,622.9937503706789
0.008186343523047798,2.987143215176091,10122.974257047204,1229.8840964666367,302.1014399568291,678.2780084512157
0.0038227792035950984,0.7845297776713386,9712.98319825965,5004.22166425728,180.58500838096788,4034.894491366249
0.010213761223046012,2.0173711994331294,17480.41611494304,1046.9824820163117,137.38045092337043,1557.5659310955114
0.005814992780511707,3.0295470613554367,15729.177423722584,3297.9847382470953,137.1875550810383,1914.8685956719223
0.010768669977505833,3.985445593704302,15432.678720373278,1507.8215607003488,95.34681589754662,1373.535405458058
0.01008513493328137,4.949096979179463,13723.621171596287,5812.700253860272,237.66596297218783,2030.4671048696352
0.010729197766941177,1.991544760279877,17811.853645656713,506.2014059128319,282.5230151532391,645.8114450200272
0.008069627410559792,2.4185080623170703,12606.08697905048,3191.491136353231,251.28574261998872,1609.071626663991
0.008157537893144693,4.038089047626482,6998.622599038348,3026.855099734659,276.94711942529614,1067.4770486078094
0.009871788998647024,3.0227685330710847,20177.21426919371,1448.8086393219994,346.86175174937716,632.3694303635883
0.007919747453426981,1.6376037088006228,9738.103844664052,4013.3538213838137,268.44750976579525,1914.3160804109934
0.010008642141503429,2.247140995372122,2367.1130917008577,414.14934060585864,65.87814152490294,1061.9608750266443
0.00801420090691222,3.515206947276872,14645.457134410006,2008.1308258789775,182.30327514081984,1214.3553608711552
0.010001425854816611,3.0038848784414105,5055.771402587882,1255.4104195892694,170.12901727555135,1561.170935764076
0.00586427421719575,5.06256674646498,9797.135036626387,3338.3679472200706,219.7951409380189,930.0575970020029
0.01001715132058677,2.9685782173915056,17615.17302505358,608.2321172050634,335.41669104465257,368.22933032672427
0.010132263486402974,0.6145552507940584,2297.200801244716,223.7772076238203,38.35724227355352,2064.4698243282687
0.008052376702384446,0.9924517548756251,6934.426047272903,504.681557212932,69.51682447021874,2071.4190400700577
0.009989746215886825,2.009814207006202,3383.4551554783916,589.7715506899385,94.92053575857993,1561.725775758989
0.008006591525784295,4.035012917886184,13730.081447050537,1991.2200758865383,321.50144800097473,534.9007302295765
0.012960244649323828,1.7504085667412221,1795.0895853545148,1130.953960781043,52.07047833854705,3153.6970113158977
0.007976629764416883,1.9946284861911996,5978.1388932194095,1998.2978108175748,239.78399218950486,1871.7646276191585
0.007769239908892718,0.9928020713516362,18172.75412302436,2025.5283149263814,191.91347029056092,2868.8537118407967
0.015230932155006288,5.926526101198807,13572.61551346237,766.9769176375717,217.96746622104786,583.5879765313855
0.008038508308997612,2.983505015165456,12020.741817082135,3007.327001582511,224.29738089914375,1510.8723224345856
0.010773293044736587,2.9860914744071247,19645.870452299867,504.0366009767386,261.3377721567369,485.4032311007508
0.010049858619763149,1.9833986761622173,15525.473529276165,6154.03966920245,335.4171857435587,2467.0598825816605
0.007936691903704728,0.9920577671314512,9711.202413625344,3927.0676299124952,220.7907129872895,3816.3729689627116
0.010074077407481412,1.010763529039454,3468.7105578989604,469.3022105155537,70.22826564437403,2420.261433192053
0.009951114372308435,1.9914048468416061,1679.63714493772,1254.3857596120733,126.1686566503998,2141.9860057877604
0.009945941461264691,3.0411658361088967,9819.530997250893,6675.673867040751,204.8610636901684,3337.258233301289
0.005714725646769731,1.9582160775247939,15812.055290295391,4983.879210164691,159.83564345102982,3444.477315118408
0.004802978711589397,0.38563196280995,292.02193093937956,300.32347946785967,94.29987291633695,1343.582726521272
0.007878215398798401,3.0536140282098287,13599.307833025849,1972.9273109723715,283.3631904666936,841.8050328042078
0.009990006567121429,0.6037995333520046,1279.3616533730208,253.26813103508402,41.33708454905261,2080.848525730414
0.009884037823569627,2.4788391310356017,6012.500062441607,1205.5325603477065,95.21932361055353,2097.227197855203
0.009859314485962244,0.9666908366942649,541.382248728642,354.590796472611,53.449693904591165,1653.8303604152572
0.008069478799788537,1.012195794596382,9768.309140887162,490.03100398955814,150.02391125884228,1650.2207291907575
0.007905297779635043,3.0252078531661017,14585.975441216564,1014.7411606214088,178.3109459494388,827.1479348027694
0.008041340088354752,2.0174890558097465,2005.4573509775546,2025.6325066628408,202.6123744069353,1869.008666073266
0.005758752219665335,0.6300341504361434,13835.451162924815,1291.3609596030449,114.63300001357074,2763.970141789676
0.007867237268688376,1.0121923404348392,6866.831486116505,1979.9885656720298,234.93380489152946,2729.06195093627
0.005762392130798532,1.9842148860976083,6829.272268248007,1518.6939045757867,98.24394764771965,1791.8212083339772
0.005848292067768216,4.019530678830807,17471.110612471977,4993.620850872412,201.43768723909008,1868.69060332984
0.010023737194697204,1.7594402853114703,3196.7060618790747,790.2148401872622,112.36041504577614,2059.1053627002584
0.008054212283724093,1.5905226522215112,12920.773689735286,2638.8450967878703,138.66965241746874,3313.7831169322994
0.0066404509338873876,1.8908623228562496,9905.077560632575,3263.88663249153,304.2805291811112,1365.95388606898
0.010405452361368701,1.7888443686370625,13988.778293920175,1774.1030267369865,319.37834046997546,975.877452996174
0.01000339279746824,2.9879008075883444,2993.2022181332427,2638.861241325851,138.4462577979521,2494.062976352677
0.007771077102475698,6.960137985741641,17647.021830532965,1529.7940858409575,179.4117485203119,567.262917404158
0.007957522743062018,1.5502194431810228,7788.147259496569,1615.3243220754505,194.8751361254297,2176.929299351662
0.007912200421989448,5.9136167696070805,17812.47523014316,3904.1470394718576,156.7921707589445,1578.2914125465516
0.009867045653862826,0.9987806456154982,13666.557556454994,1535.0703371942761,199.03147901149615,2625.2022543698054
0.007959426843468332,2.5416135221627454,17675.073434362537,1567.625435493562,163.70983360729218,1402.6754818282743
0.007976289126122669,0.9765315903943999,14013.374792986324,1001.3220909053714,89.92328747980035,2494.1093503404386
0.00804918622057046,1.5836907209161672,14688.075806525665,1630.2521470649242,213.98013710662875,1665.3511191151742
0.015089854633449548,2.4385738348760686,5011.0834752021065,1314.0789447752493,140.77783233478164,2448.664587333761
0.006861797244044775,1.0172083117905493,7732.256178837376,2847.53289374124,240.25418495448722,2677.266388219771
0.008083371024232053,1.5437270757644592,7936.302489123947,5074.00387097019,266.7308838464712,2272.392834972245
0.010601449747993577,3.7949427232504194,19446.447119517292,3509.2885908824815,282.14030327495743,1625.3448999947457
0.007825661176553806,2.026924632188229,17662.126946329638,2786.099888065887,200.29545009118738,2418.1832602607974
0.010045290286725218,1.999701858925954,9842.526493637362,577.7420330790178,93.75011940507326,1375.22407107124
0.00834357493326525,5.427873267375568,13583.999931836843,1523.674552333084,107.1515958110877,915.9382756790242
0.007843924252951096,5.973060946219763,14060.339013181181,2002.4487344840888,191.82994006162278,725.3049035223527
0.010867369067080513,2.0077666044632845,17623.172375232356,550.4217906034403,98.4718275752808,1147.3706341435493
0.007441403999655558,3.861451790607162,17687.911322380252,3526.6813648394123,125.7057342781044,2096.99294112558
0.007991085706671197,1.6588500694913724,17627.531039741778,1653.1916095274867,245.21677743242702,1573.676426428058
0.01022571362055109,4.874775247582412,6871.023477512453,3100.1087629278245,241.73467177695406,1306.1486874629888
0.00798180620372825,5.187254122738112,9719.757630053668,2644.065605565163,247.56458128755042,898.1599644101236
0.005848081911939754,2.9736909902649185,5957.906425236631,1479.409185263736,156.56759959021016,1146.3759220441577
0.010049865303725217,1.9641901278027638,19760.686103035576,535.6864587089286,196.40808793920056,850.909475408874
0.008142608535140754,2.005782130580503,10117.345877440972,1264.2343328597733,212.77241313135613,1424.0102361951967
0.00811327339192492,4.964632795837187,12022.321203466714,5059.525944008274,314.5793956584273,1084.177736505796
0.010007769957945962,1.4837698547125988,8480.44944031345,286.25636354363223,97.31560672726006,1168.8186710190207
0.008107209708692215,0.7826876213718812,14652.44683985587,986.2899362334061,226.92100880911926,1767.3731970284819
0.015252963868675432,2.3612689521668986,6472.421844693742,3738.2102150087467,235.15661115140477,2473.0618897698455
0.010010844763943398,4.95699215565302,18140.79823045013,432.8599425195543,253.74028327012124,322.55420679245833
0.01003378037016312,1.9654980524907186,1081.9702186292,603.258927237695,51.04613741835572,1351.3376663153254
0.00588336165223386,4.944799159685272,19425.19214057141,3403.215402194535,218.50624418715316,1150.4354850715044
0.010658969970252922,4.993992567056906,6758.467225281633,2039.7468879047813,220.01129102380924,1136.7954859805586
0.007850633975110814,1.9676120552668344,13591.293102380565,982.5853859393064,178.03284191026574,1138.2690105025358
0.008096460070914666,1.6546212421368174,15755.629876746341,1178.3510377737991,275.7793163388216,1049.7797413642027
0.007964512475072991,1.00710284847431,1007.7988993343082,1009.8142345403921,133.43602712891922,2488.033073756309
0.013949696513769622,0.9866063328015122,10961.344891506478,2019.6056195818703,254.56948621736692,2896.0766770702066
0.014045332017504006,0.9827283213744549,12425.813243988772,2029.375848105276,261.33863294592965,2789.2324421558938
0.009989824160617208,1.999942505889037,6974.040387294211,2553.309739599397,138.93721564771076,2887.2900990318194
0.013065237486342926,2.77989752229521,3186.9764168476927,586.7767868020936,43.102522442714374,1481.7841281689193
0.007754652962374187,2.0976114697723505,661.1727265418392,1104.2465825022948,116.80980895291698,1220.7672405858002
0.010877677089392558,0.9934032289533046,6901.79538683601,1011.9983056033509,256.6472629970373,2496.423895233015
0.01080586332537421,5.06109964355974,9920.142053382358,1978.7712397079085,276.8459254151101,771.5118808312861
0.01263249632054959,3.681888534403572,6882.03413155945,2696.9431024780692,243.46807366718357,1640.2848527383094
0.007542893203309009,1.6241429606817888,9760.42019163379,3461.8738516349968,258.33829076267557,1980.3043423217198
0.008079526629532364,5.980217240551433,15752.398495568295,1996.6606491648838,332.5285483982318,380.90483577223023
0.007770699046132293,0.9978315989641832,10230.598279878655,1975.3730428955216,254.34901570111828,2182.145905827072
0.007751983803247527,1.643387250469283,13459.463398258533,3405.533959807809,320.1346568043273,1343.7162599361702
0.014613379440372843,6.073131003076846,15851.743979277706,1079.9043569701862,299.8504723659798,504.28851216703936
0.008054578883972775,2.9218398455180665,14118.079782052308,991.7855727306296,83.51605903648789,1098.7665440285402
0.003768348408668467,1.5577147191693372,9855.717588423184,4009.865567910808,236.95020063383464,1783.278199318376
0.010183417071102372,0.6095984541537399,263.99291867224235,201.2927988127475,41.94924625650921,1464.604177105259
0.005914666713130373,3.030317625224349,14032.997015587087,1517.887045375858,162.20267737128378,948.7289265249384
0.010020629497338562,2.5202134489227013,3067.3209758651997,1675.095259999019,154.90403193533808,2181.9943968718385
0.006020195067915003,0.9864899323560734,1101.1441044237356,885.635596784144,65.01239942638297,2248.234128619239
0.007781653654781253,2.9539750748449176,10126.056654584223,2011.387695378266,200.92670540612698,1355.6682297915904
0.010862426115186577,0.9906078766057436,7669.04923285263,1516.3466287509216,283.6900615891205,2306.851370265282
0.007740629545730734,2.064901363599285,2320.5776241508547,659.1237461988708,127.64751256161486,1252.6661887741507
0.009924445410165128,2.015992679705285,20197.604783220722,784.9838909877216,183.05691017581708,1109.5454686778494
0.010003953762279057,2.020674119669449,3050.3908840424833,3165.066188523761,51.212605904318536,4354.2563102976455
0.009993952906076022,2.007244455348111,11908.94409274332,337.8169800794344,178.359067652872,812.5300038572177
0.008071148443215966,1.0087267326255158,6889.292277868851,999.3902884550052,201.75765224736256,2438.5539408598834
0.007932582188283467,0.5060834463159104,7876.616376848399,2039.7462645451326,179.8317767142724,4592.561050130921
0.005800884697113138,5.03141307518876,9927.632282966675,1482.4339246576574,220.88504340009123,541.9562762605808
0.009760343634136227,3.0010722448966516,13559.586918971741,2967.42032387403,231.21769437152625,1757.460384009964
0.007964352910008946,0.3957880127906832,2997.3587028150214,4948.585566179213,75.44795693748904,10400.000958476463
0.007930381910733265,3.006416328706178,17547.885717815207,499.0874094930944,157.5659058367158,551.7045229652124
0.013590767580788478,3.6692883414772224,2564.168769835673,2065.44659999785,187.11607750650487,1816.1911678093172
0.00772041672655733,7.045079923275472,17195.55509216197,1513.996206265353,75.65119072275449,748.5787792270771
0.009996194696623252,4.977400624833169,12033.294520180323,3396.0755166043436,304.4704186234131,874.0022746560245
0.009880121593970444,3.0038734297493472,17911.83814855577,2767.565398961633,257.02272788012823,1714.4679587874973
0.0029570164740679535,0.49112086093595636,6983.332535596655,1926.6279646720873,53.35658738031066,4248.046300778014
0.006183823617521206,0.9170048354046652,10214.75339565497,2538.7485315350314,49.19944529265713,5012.4521634434095
0.010007950382637716,4.855293103129206,17743.771745585167,3673.630544941517,251.64846060464453,1509.0744309699678
0.007627351298719585,5.929793147276449,13649.413945603004,1979.7751642050657,163.50376925301046,803.0555020328691
0.007763907091477249,0.8971442449502506,11927.383064727965,1375.900680576305,148.25415848682366,2934.0985113478605
0.008008118596841113,0.7697579202515756,2966.794224067662,1715.7726174766751,199.35195813715526,3732.162093800149
0.005717607182118308,0.9854462535361002,6905.232313543279,1496.5229105142594,140.87076358875697,2898.6730696600357
0.010918548859427005,6.043458659587035,15815.87278806329,1989.2329482151085,320.7701827974084,530.7900221660841
0.005851990094458854,3.9735662327112595,15733.705111763855,1472.5276838835625,116.26304999096419,862.9048874491003
0.008038276890234475,3.0410775022934637,9829.52227008549,2029.218587082597,268.1277368599208,1020.9790889326767
0.008073830219990282,0.784691847981376,9693.486587581661,981.3035878213158,248.46613085067708,2076.704781202667
0.008072217473016254,3.500079255275375,14791.523336704086,2028.5016321087498,87.7415335096071,1626.9540077988936
0.007945589097728285,2.9994495154042036,13464.283402942036,969.4649409144923,214.11046496383153,770.681400350254
0.009634908233481895,1.8042188173589007,11197.298293680322,2620.4941891963044,286.325827836018,1475.4227918920258
0.009926478253716271,2.998545797767485,9843.732351060613,1171.6100845184367,286.4997497844587,838.2358734535719
0.0063115725120112525,0.9134093813976102,10151.058874536746,5252.673964716565,244.65001903973368,3719.945411151672
0.01540157313966964,5.889364953581705,13648.406288625043,1012.0176326470998,258.19680010606595,603.4746974139855
0.009964107868326327,5.048509200917641,14113.89472146826,5393.92748188852,318.4982023452643,1383.9898624447492
0.006004932588237645,0.501923268672243,110.2696709337251,100.58275021845807,31.328802708195063,590.0046779061414
0.010002323583617714,4.9547012544310896,11880.109698044318,3725.9694083225027,228.36716972905313,1382.3996303381653
0.007922949255737863,6.001240760779902,6845.067510879376,500.0587790750118,203.4957603093261,339.758615782209
0.007943963886525757,2.94976158687413,17354.54324187809,987.3536824758792,207.1904180592189,789.4129973791804
0.0038482996990491275,0.807319337263056,12927.265953694698,4001.6677258883974,290.11117729604797,1960.8456357022244
0.006038171204440046,1.3388417595371598,303.06402992539364,151.34663762997175,31.58235046542466,389.65143630460295
0.007876521975613381,1.1751311036451646,299.9839137313215,61.87062535791268,31.71339219703127,327.4501389790444
0.008145157704097565,0.7909938573412166,4935.7856619810755,3178.186828507953,170.54523978043585,4472.664105054405
0.005886807687690104,4.007977928507069,9720.525684461069,5062.84482421215,300.82327117896307,1084.6588232634788
0.005872544575865153,4.044777566671887,17971.46772073712,3309.995430349572,135.93013426874109,1564.0588988896463
0.013163418290728068,3.628981663467656,14672.597735046407,2097.98165181974,291.54008705911457,1080.017987080816
0.009515159153514764,3.0044054405676213,6882.48481178761,4189.629419470459,219.13376733584323,2265.064170411691
0.013112993402726838,2.221692880467528,2518.5545715790086,1045.0196706708573,55.92583579964691,2540.5933210973385
0.0101841688489591,0.9881971320735516,1286.4518373052806,595.1795733047322,75.5310804375324,2542.8507432620636
0.00397999201542668,1.039661766544597,2929.839023524864,876.2427178761712,59.69846124485043,1800.3007619461275
0.005853585446434997,3.98086122628056,11777.745744504,1483.1198356808002,278.866720504287,508.44249048252397
0.010692447325972885,5.027678214168339,9752.477804818958,1996.4709628139346,219.8311610149157,1076.790858519244
0.008104998334729612,3.995982922707467,18054.894735765294,1004.2347486771295,259.07294045038543,527.3247223021355
0.015117415032163717,5.903227286758598,13851.265320798231,524.6362786781737,219.83833407931562,470.40954573623856
0.007973172450067022,0.9926671123768723,17526.028143970245,2018.2478304137967,96.28580297592387,3939.2610844579744
0.012765041005695745,1.9362939395109413,6994.329230485366,1916.701771527118,222.90318771830025,2336.6995621724577
0.007933600531733365,3.0357146975177924,13893.336065818476,1998.6078602922316,332.398704146476,631.0762127521333
0.0038191477114016357,0.787511787164906,14874.3142014044,3965.924898837242,277.4893087264361,2326.205776767892
0.010025181639670491,2.002319555909768,12039.689476743226,1455.1308433229785,118.79448296957588,2141.749415116865
0.007920853821466511,0.24834477274144104,13947.056342295866,990.9502714412813,118.17051865262628,5565.077082489196
0.015056098391208417,2.463660216346153,4990.3007411392055,2091.069094904191,260.78532881068344,1501.5342586369482
0.010074478963297889,3.0084894232371315,7036.703553449688,1040.3711421484034,106.77223407757373,1566.374745989228
0.012899066125511218,2.052447459631544,2270.9053481932942,435.12491204243196,35.02258725366229,1524.4389273322995
0.007896132524106328,5.948171382935962,14755.14942631183,1483.3191597400619,177.57281038825855,643.5554438740219
0.008003927227473269,4.994704481645093,14478.788087060295,1589.5501002963845,330.55120563048524,373.0294620458091
0.010787205039872828,4.955825709009692,13686.928940048867,1016.0513151723242,235.05248458518565,586.699212123624
0.007951084258426203,1.828893459256632,3033.08496422321,3032.8129954389065,145.3689049363268,3256.407517368098
0.008008317978528127,2.2269778214175204,12762.695834356346,1636.6864576532919,250.11609268873053,1176.7612604353305
0.01071352970848632,3.954962825721662,9672.46347291962,2021.22311739734,220.7263568885508,1268.1849158269515
0.010048140954079765,2.9730302703936604,17368.871754659867,1421.283871434991,336.30634334613393,622.1169108553423
0.009406925814481194,1.802765154735968,202.9908747103899,302.0866432632573,64.47405873229916,754.5548840120496
0.009343235329627218,1.718484056691534,6884.1008818965865,3983.719288745121,278.2424615274203,2145.1503417470512
0.010110505609114773,4.952234147246823,9922.190592851866,601.5145394259164,292.9302449859361,390.12369355952467
0.010010377183485806,0.9949389424752578,9771.013485133455,2186.014416861096,135.94371383636158,4336.953327045525
0.009967609256188698,2.0877841101671333,3898.9239149955183,289.90373922828894,131.64996420023792,806.7563993261557
0.005780018672206178,1.992681293835665,6851.001935994996,4759.43980118863,262.5879524193151,2066.2996022652037
0.008037187665127071,0.993567479814655,17373.793672174266,4036.497186290414,156.39181826449502,5954.234002800607
0.006023278465090345,0.8064508095699793,614.0064943984386,248.23314588366608,77.18818276474657,894.3517123794281
0.008107147434908509,4.960498474367622,12937.240681419818,3182.126842213494,274.4086732282125,899.5254816812175
0.007934058138662105,1.994437249906505,9771.439942306735,1490.9533798737352,37.50364371550853,2335.727419425021
0.005881031237695,2.98893056249521,9690.487666901918,3278.3698147378723,119.04477284596271,1813.7358494603595
0.008014569802196034,5.899860819814076,18002.25740079849,1006.8450598004805,313.0726571308421,295.76205989673156
0.013432215994305205,3.670287438882837,8566.134880784946,2066.755352560005,254.89210191959967,1346.9753009843093
0.01080916767532168,6.037351625189406,11704.400626308488,503.0813590791406,214.91937497591562,384.1161948010683
0.005915947402451136,0.9935231047265555,9838.79527757559,1494.6710893197062,118.3177368362614,2522.174024127861
0.015126953586505919,4.082546297293587,5024.290453320779,1096.7938880026995,225.08378731774044,1236.2199383272773
0.009303522355125366,1.2211969751026015,139.13496114136203,162.04457413979551,93.92724655171503,624.8456041713937
0.010649523551783132,5.747345940969263,11639.273651888714,1000.7452889698845,219.01805417129975,566.6086711962299
0.007615772836724038,6.055412194718669,17719.44172680677,1996.2304513047857,119.84890239564271,1002.3669488813493
0.008301208737203471,0.38136664412392696,11850.780051071339,1964.0616534712904,191.54619286740865,5079.25050356268
0.008276026895219703,3.657738996490346,1966.0822392052598,1499.785154048874,204.0956424709481,882.6424547097191
0.013077516729199021,1.509213265119637,1605.7208231103807,308.33698591993914,29.6807575377167,1522.1789151579148
0.014315867108623311,0.9808278583107584,12191.080091523436,1621.0715949124335,276.09128041342467,2353.6789407804813
0.008007824149340323,1.5737191570336435,7875.079447974845,4115.315667256576,261.4237258649476,2285.0983506340385
0.007973833558805288,0.9978736641802728,9758.459130991012,1984.250740172771,251.51231334102712,2284.1941155186
0.005047587027285968,2.608761208185342,11551.691173296964,4024.1388708696404,253.05095426778593,1282.5580105610786
0.010794911367497271,6.00940393316095,7796.9537303436455,997.1226044330888,201.34038741480236,714.637500655182
0.00798370945481526,5.9370062793772584,9794.770940080807,498.0543255897395,151.71300545223326,371.5262909753301
0.007902730553660128,3.0553959121649723,9759.577324173522,2022.0510129778538,174.62661751923008,1476.7381276524468
0.00990109586036982,3.0351988126445795,17582.91828378275,568.3920187098387,252.86154117317298,530.1376093804149
0.007987901554017178,2.4529294903030414,17690.2575286951,3250.5617782013437,331.6548940506863,1276.7659573573585
0.008014143926494159,1.0038804454427965,15623.058833950126,1006.9335591582465,279.1694858462285,1323.0288473482308
0.00793819770900833,2.02829498123858,9956.096388156126,988.7794503179764,99.75084320968774,1609.834740908348
0.015470832062815486,6.121516579529684,11756.976339340508,1537.7744615977194,298.47989829485084,636.9816507955452
0.008047500034530251,0.7797936757878214,4948.614748327103,3211.9619793665156,233.5543978450951,3629.1030675535326
0.010995408042851797,6.0007859703482875,14277.369553662653,1536.7383470440463,269.57581024424064,585.283864915053
0.008042553021208055,3.015017152235516,9794.776559157195,4011.544958793753,256.29635028097306,1567.8137874516617
0.011014134951117291,5.934895116312711,17729.108721389053,2606.5271881825456,311.3458476965281,779.736857320139
0.00998851024471932,2.2235851185403477,2066.2130272164554,193.12981115914656,52.10136464394966,560.6132361852908
0.009182642542258793,3.0543539887784665,11132.76665130721,2034.2283723406695,311.01785296823476,830.5221549237459
0.007943059877634114,3.493001822699483,17570.929371128852,2039.936611589934,346.487938136512,556.5922261833681
0.010922297754564015,5.988177196508003,12612.185329150061,2144.771355872126,252.7441557622403,794.1877043827841
0.007971403587049715,3.017038721943099,9823.041390081085,4005.632721077406,96.90795532574451,2877.7414866819795
0.008109033366237086,5.050592835715499,18048.043994158223,1503.8261816660813,254.3951075780537,604.6946498697372
0.007958338182281782,0.9844062611876713,9759.278605751242,1010.4498001903497,199.35288534518762,2108.047202641387
0.008118753905305984,2.983616456425945,11879.54568875491,2013.585699384137,303.9263774805927,804.6286214856276
0.008070805935635073,3.023284305383913,3024.8979802647923,2479.87868898755,224.93981346696208,1425.7243346502808
0.007978918341229265,0.9933723149330994,17578.128075810022,998.397102762189,139.95896828910463,2016.102738677742
0.00792151171370073,1.7012305280415847,9882.32438657693,1986.792937768541,287.2240233183307,1362.0417866844798
0.009894769913774986,3.0035997858242296,15601.800682541307,5266.976160210179,243.14714465482314,2964.0928778102675
0.012710742835954999,5.625408384333935,6872.256200966634,678.4512827580872,230.45605639881597,673.2837977730563
0.008116924357174659,2.4708625376864224,2950.3609967731004,981.085412364309,186.6298861385606,1268.0520816343592
0.007990243782048722,0.7872119142901425,9836.492944448888,1008.00074291123,221.8934536001779,2243.7234365567115
0.005847293471699465,2.994575388143044,6871.600563344861,3263.353669390447,280.37060326668086,1110.674173923461
0.00787767219173901,7.048782246170917,17987.408869432988,1004.8755820967655,240.1863089771369,333.0437875392425
0.0060660005704550575,0.7912919944799893,9706.930889742587,5021.705744437599,239.005454411493,3904.404024314619
0.009944848821183587,0.9901197405363975,2051.0015393797567,757.2059004825766,105.57333959371852,3042.152266744238
0.005875486530328657,0.9830218565507653,17600.815577110174,3340.638194180063,241.30742711618078,3141.212297824209
0.00789862565092017,0.3914495862600314,1515.5803718662194,4710.76736045079,79.86235271233171,8890.677351420944
0.005730155059985256,3.03345287524832,9753.78590089845,1499.7260669989823,282.6854291481856,671.4248684090944
0.008130352593046966,1.9833362575618525,12093.488257860683,760.422189080859,221.81890021474845,1002.6298253759755
0.007754289270294817,6.022603433723438,13891.66564603415,1993.7204317011388,147.28719218380812,857.1189542781163
0.007832865433086046,1.9904600873513758,5857.009110204614,2002.0403938741192,139.2096304358409,2520.2309775168833
0.01056459085594966,3.7609396649230655,11685.400136530247,1991.4374511854885,218.0287105198911,1189.1707676274648
0.010031676843014774,2.9767745061368913,18142.942453242395,1440.456473693687,337.8250905903672,623.7221483897745
0.00790067397384231,1.5464201973030274,14849.543243338452,973.9369859894798,298.50061633359894,859.1933505424639
0.008029824037507538,2.0047798080783816,13981.482045436425,2508.4919727796487,332.49334409095127,939.3999285744698
0.010033963023256392,2.9632564069931298,16020.961674310762,6249.42225066112,240.39813419952023,3373.228582000886
0.007986901524963013,1.5515721488492846,12673.069683351327,3157.8783166281487,229.78955637218297,2530.9512940431923
0.010699770209965431,1.0043370447902262,11784.590682700586,1500.4837647505908,115.49801657062251,3874.446647169898
0.006060979710134724,0.9958544491657811,1145.7674361271304,1427.3183583030686,56.63577408504539,3163.3901669867205
0.013989410132954022,1.5419945278076082,11159.162712909889,1611.0929843791694,285.3088010485254,1649.7646938101745
0.009945187973983369,2.1199729386935426,335.18026233923814,293.9856034819008,99.42614154272889,726.5144553017964
0.007973916223393078,1.5742074879063481,14357.485473827775,999.5790731984793,258.0696554081698,1100.0363039166125
0.005842280873570903,5.0157163861656615,6842.921010025502,4847.447820618583,220.08370905522546,1305.304726079909
0.008253768821660293,3.9659665099857557,2012.6666933387273,1519.4249375984853,114.54704770869266,1110.4266236639128
0.010526645208112657,3.839853298803986,17559.902048199416,921.0804966449557,162.5813824559314,835.2652031258962
0.009161466543070772,2.4665951976680383,141.55982283656792,162.04315253966178,85.00435338026251,396.7961974501573
0.00807999735786754,1.6015436723829268,17747.933728874814,4079.088648046114,295.09063923449236,2397.951548232403
0.0058419026934440595,0.9990834943498108,6942.347457911057,1504.491407445328,99.79967089824825,3168.1051106078953
0.012687696771344846,1.931767370089109,5303.3219956701505,3811.635411798158,205.31906173697018,3046.254916704374
0.007883401040251651,1.3886257488995637,14060.806084662418,999.5115106783882,176.84397557096554,1485.0896997542422
0.010023290466414519,0.9577959568614416,1665.5679573854038,1478.8873040013295,124.61759425545645,4029.0236230477117
0.010142198417490601,2.5089896324809415,2917.040053963594,312.6695334518739,53.89723955851301,845.258852693807
0.0100123413627646,2.4885557254715813,1836.566793411734,321.5003049305471,52.752942974791715,798.9216095946842
0.015099618016127424,2.470624130016639,5048.683049920907,1572.489018728269,262.1018280043584,1479.200456076595
0.00603358817664742,0.9836467656756231,5130.111531031573,724.9166227513989,65.61038340925948,2604.9872076408255
0.010027340511991658,4.916467078217472,9983.877850327797,5820.525748240204,209.58704021108562,2051.328869554087
0.007024352181936024,0.988081287285711,10302.121574863155,2281.081941962853,302.1824445908179,1816.2319374085282
0.006197166142986172,0.9072433318647175,6881.7256709722105,5216.948914117276,181.66029741406882,4982.493199294743
0.011212192653174672,1.3634128163482404,6981.178181491476,1005.8744540712629,276.71080815961403,2087.293071692667
0.010491073229038713,5.014449738523427,17491.572873413366,1005.7905603672422,305.12153696129013,438.1509623377486
0.00614285804574449,0.8010510095639648,7876.760799981583,2642.3660575393496,242.1457515619394,2829.8271980346876
0.009952390118225326,5.019780283137518,5091.638452269212,1524.0357577194704,240.39673935074094,888.8486105542191
0.005739414441123444,1.9884468536523097,15627.834199489624,5060.468081043936,201.62874296585454,3030.029886989542
0.007902925784578591,5.922507503495306,14698.13267781849,3042.812973330933,278.721426470006,729.9943859481076
0.015131863216677161,3.1854072391901314,6545.76333310382,1110.6013317758493,252.5116731289335,1325.0769857682167
0.007004903377508225,0.9598143191509517,7039.989368293227,2480.436280071509,259.39050434787055,2575.361022772362
0.007507454857065264,3.791337418752204,17718.528741198363,3490.3899326424157,129.28821603680728,2139.5061180699595
0.005151620526087668,2.6202243382461914,14512.844399129075,2979.904812196683,233.41120464113632,1227.020352552053
0.01040567172145738,1.8189286133440061,13729.023296805199,949.3158262838288,275.6938755711121,1004.1946563572266
0.007795747057777594,3.1403195057541113,1007.9156419672453,1400.4450555412411,129.5200460123618,1019.2235534025342
0.008055699446252899,5.950724404904553,2998.2616810116947,1004.8244445831808,133.17723781995542,652.4777370874268
0.014446623632603519,6.007000208938362,15438.589957212178,553.5707258955631,200.26373641920213,491.247798149755
0.007923813034339628,6.96332065962299,17501.120780659487,1005.9845446890639,259.8034119360254,298.7316555072554
0.009528013188543995,1.8341750439724125,13576.217073457716,674.4248597492619,145.98526102222527,1226.7638842028225
0.007987051154376326,0.9953337654429069,13950.014064637011,999.7459651950946,284.256572179847,1313.766709210819
0.010751901221645509,2.9818380709297707,6901.839670094276,1004.2517628634192,160.51901923677096,1437.4673668244932
0.007908362590043556,1.0047425380088577,2003.0793932464394,2983.2627347027646,127.02630333201274,4725.809197016404
0.015378793817004827,2.3923194793004017,4950.907972947416,2200.408149131881,248.40952884962755,1883.010469389527
0.008309402395128836,5.92146900623537,11698.375168586987,2797.5231678651526,297.22327758281443,588.6218838414289
0.0060647460172619135,2.4330901226395487,6918.343770114329,2972.386262118878,226.53311538809146,1668.3338053238315
0.003839957201214902,1.5681493904985813,9741.198799640113,4017.3217873007434,237.1030256068974,1785.5298806262074
0.008033334532876659,1.5655872265120678,7957.5586317331245,1613.0920968491944,262.3765408350146,1731.3327611512977
0.00991316062542709,4.934937418310386,13592.879814705719,814.2818691171452,311.9670021169384,327.2918215269964
0.00797998896960445,1.5673014870589714,9847.6190673512,2237.3928157624487,209.41557546608837,2182.444791091659
0.012174312753031819,0.6157804213862771,347.13194611002626,100.05971041356146,87.62084496771601,867.1968538022663
0.00807375538145101,0.7827222396923396,7952.3180117326465,3204.9421584438273,220.7914584539973,3640.291402130032
0.00584320874534342,4.013553658343523,5927.173009959003,3323.116810080062,180.4494866162475,1400.750884012157
0.010015494300171589,0.9947452044344429,14064.752601221893,1443.2306068916116,201.99522938170628,2519.364018117966
0.0058447213120811714,1.986887077076916,13783.751855362518,5049.96107630353,138.2748358106139,3592.548338759908
0.007860050049197188,1.7970465141666387,7181.006170601228,3946.64014428781,261.7276432836436,2178.5193762740537
0.009985927336335137,0.356982387848013,1406.2626357871452,2334.1988633011388,22.55833503106408,9068.131318181031
0.00809960327896138,3.9816886335233876,6974.988482685198,2536.3230531837553,270.12994116377274,955.6181424198771
0.009275911792876498,1.8485886512043561,116.01812630961055,118.8326306971559,64.07427025762028,372.7349622638199
0.0059928139096531614,0.9822104760793804,113.72156083496265,256.60145731531236,30.582714874261864,770.8880099812527
0.0060226222562403155,0.5017003261245445,192.02645198778245,98.33559846812835,28.925573444405273,586.5029201192215
0.006012381426850454,4.7978806475678075,7022.127681497062,1117.8632829931432,229.30925790768907,531.2051233891522
0.009890668727643633,2.0211800622675016,11897.006295322026,2101.4855233053963,310.7617832835962,1082.548261590546
0.010037408828211627,3.0122487823052806,9925.853882023785,3836.8750104815213,214.12035706218867,2083.0249097796377
0.008086100983118912,1.00138406735519,6884.92586105494,4012.257076454917,206.65407398935602,3675.8370686696994
0.009903067913925546,0.347454739930544,2026.0424523648414,2645.703398962981,19.41490310167653,10443.160505775117
0.00790563661826273,1.5617548940342962,10044.28186293672,2679.859435788528,166.84444298783765,2787.826995219151
0.010967720964601902,4.020154177794717,13792.496479274396,1519.8145724519582,200.49660104030755,1014.0279124825138
0.009981574136400644,1.9643204787325765,11731.182167158526,2744.99918509165,139.5288634216928,3079.0957677262777
0.009262532651484452,3.027737041954862,7146.415268192103,4052.592967322585,248.047023685581,1989.4604479923755
0.007990667360763993,0.9079587949690815,12092.355629605385,960.4365993576342,155.84457478658229,2267.5348776104433
0.00804432469391265,1.962464647431551,17779.366636210325,5043.00288294974,334.6890788830253,2025.2075544711547
0.008245967830771453,1.6527017614423143,7940.087693971175,1666.7351596455087,233.46427760702178,1934.4063647314742
0.010753020891785023,6.000484647020991,17542.962474946937,1545.62095725463,199.2499688565834,800.2552488624244
0.007858314782001144,5.957142600498131,14779.421249400933,1508.2198386715459,76.90834256326666,851.3828580612909
0.012808538344725224,1.9329288026962608,7135.261635649155,1400.0343690219045,246.9502355591512,2018.9429668792404
0.009314780322504535,1.2159115884038434,135.35988465807205,162.20958747940796,63.294726953575534,636.9827404344271
0.005779201068031458,2.005207072731154,13554.303075109252,1492.137136344892,323.0767457856598,677.5439476234469
0.007963897430767343,0.39475765352345227,188.2339354721167,4822.380462891555,32.75291888999746,8158.7322949460795
0.010218745744335006,3.649050853259673,6793.031667110307,4271.273366441303,219.46000781309885,2075.3435845434487
0.008054273971555814,2.000748402486872,13691.5066609402,3387.389505829568,280.6158505918192,1658.5452074492384
0.007862097638876546,0.9941657236145681,710.4435771720866,147.16848895135803,58.821942970485466,663.4956279934748
0.007993013761305559,2.9901424846679117,9728.13984442565,4028.927907059017,167.95956326910115,2250.8732574116993
0.009955492009783835,2.985321595515096,11748.337872666418,3437.2613163563406,226.82195774947027,1937.3375221090014
0.008070326199856587,0.7792516720341046,9644.45676035646,1598.760209086337,166.7008888830815,3288.5483391571925
0.009927320960626658,4.963460927020449,13605.315407858512,3769.580468344731,230.46919195550205,1469.5482804893973
0.007818869579919346,5.919661385907941,7318.318781440401,3934.079338972587,88.61057217988396,1757.537317634861
0.010107724125237609,1.2560890914673568,3052.5295048763214,477.6973210334729,73.95731753531587,2004.4901676330296
0.013090331712020314,1.7581756202339314,1900.9735857463306,820.8923796818221,45.73796831592984,2586.1414347537093
0.009915745046278214,0.9980552492829222,13995.947429622634,1762.6394654586932,202.655125678758,2897.7641518670475
0.007966328294405228,2.9654443090054197,13735.045971276882,1990.3818553450512,310.80266545502235,731.6094140326665
0.012651959742012928,1.9392292633495916,6932.667342275181,1897.318390944276,202.33892366505103,2521.985230527301
0.010734494834012344,1.9651876856412889,17578.717537156546,1066.8594645177175,295.7242506645186,892.6816457089816
0.010115641286172051,2.990486508187539,9862.009605680078,555.4867227510493,210.0856742974527,746.1861902480862
0.009551862164783305,1.8226137575780872,13489.855694353217,2762.3377889003305,321.7132037071683,1236.920536805508
0.010046628952106484,1.9910097305779175,16120.612643856803,1001.3436789232784,136.74854448429795,1565.4664154299658
0.005834136001899076,4.994569171462317,19749.260944466838,3383.923698175592,198.14731184281308,1211.2769304685444
0.007887730031228078,5.9602396216342255,16019.30663900091,500.70329807971774,248.65507638723756,243.4174045372985
0.007876743446703298,2.4285898757063036,9910.639016613593,1586.098818406727,119.98829620043362,1710.0066630425695
0.010128487524485703,4.879333850783901,6844.023784068061,4066.882995662559,223.96984319598585,1643.4198010234636
0.014944384478513869,6.0001633062148585,15838.487198779052,822.7167406557671,318.4350025558834,391.03306655157223
0.007735438910820865,5.952526457700648,9693.668850687514,2010.3389537903709,288.38372828900174,476.87346841581075
0.007387512232307809,3.804285590118844,9822.24733021522,2005.5295492223827,267.91085602311875,787.2699220787734
0.007999921907866157,0.7790333539304838,14592.476934724918,4999.800006289925,298.73457558196833,3780.8055713219596
0.007977651940291743,3.551376000242492,7932.165773382677,988.4863593183372,196.57011708050447,911.4284743561975
0.0059704325389619665,0.811238200093695,408.1621263049695,199.75136168139005,29.938395830258226,766.6329300338762
0.007722683844362117,3.0000098579717274,10051.155448900625,3929.344614545366,170.13173585169167,2178.863553193154
0.007922331820069215,1.595428108315339,2911.1719556691623,1598.3639990602162,90.70776922565969,3020.19218084224
0.01066738874079573,0.9937254217635156,15871.894047573718,2751.126968694912,199.82409788933128,4362.708385066949
0.013437688941685995,3.6366586146185704,6972.87800380924,2004.6828673400878,256.828221181125,1434.5703835712147
0.010036595169104327,1.9959620269156084,18035.369006003613,4064.3147005769997,340.46190541878315,1751.524904467177
0.012772568994816031,3.723766135127099,7035.706694312349,3836.359395689723,256.918444230417,1870.5599723217856
0.010151464033973179,0.981292006733691,15760.510041612422,776.134046068463,109.13473116582547,2419.3695904777687
0.015259877333920764,2.4639821147885734,5098.357433816027,1542.0862902905185,233.83853540107071,1977.8608495272915
0.010883822294073952,3.978536725057441,17375.099840733135,502.6326372256794,307.4809713030424,354.297787404582
0.008176190383687533,0.3947393057384805,1990.4176833547376,4892.454110501945,65.64777253846879,9875.960854217987
0.010682301080330874,1.9829767087152836,14000.019878822059,1001.5937916141147,96.28741035591557,1834.8576682471337
0.007910246021848562,1.5944320017366294,297.70818437023314,61.2756742941353,28.849413195029534,267.85149523727716
0.00792639258378149,2.992620260722616,13609.374719899863,3920.865814639084,230.70263650610613,1932.705316629063
0.007866902537659386,5.982344515939297,14067.128460153253,505.390283490066,117.60897168198169,369.5858696183171
0.005963028546977866,3.957366592277835,15638.142066730898,1484.9142740060913,155.7359240358437,769.1869575843307
0.010159858040002977,0.6008175305336954,214.79269040153545,339.35613291712195,40.315682812532145,1983.1010032314887
0.00797973009663269,1.00156248886893,7035.017823451315,1994.0591653341546,271.5061149476843,2421.7992997200763
0.0077637999667118695,2.9849701174449192,6952.0295205654775,4022.4486788605873,194.80147462482523,2143.377657024733
0.01068490641592011,3.881595115152283,11493.38351677454,1003.2894936865202,253.9346877740664,687.302801235186
0.010039112090978885,0.34791522566304806,2076.9543442083614,2987.8236773270887,18.64435774855371,11058.705520195654
0.008106002131072248,4.020834702826701,9957.851975549118,3976.3911894333305,209.65222324276584,1611.793496144255
0.009827922631372044,2.276775477380946,2053.7780109371006,1636.7562361996181,138.99721406235548,2201.9893246771157
0.008102167445504942,2.9897854226628646,9759.485802971796,2000.503419752285,297.3411972781985,814.1426682531243
0.009948684817331058,1.507831909093132,3994.2017924745237,895.2567708926437,106.21087178212673,2602.8969430707903
0.0073966655726452266,3.7122264906503792,9739.918684365137,2020.182516731185,167.38907569703272,1203.6054351830753
0.005740300448342129,0.6360199682399389,13482.88288707025,5298.764839975467,119.5444576350988,8134.32820652161
0.007893775656318018,3.009462706119231,13719.903766950842,1991.2607272020316,175.31350907426705,1360.9366492742984
0.010471943682594558,3.7947866346273367,14757.864488788575,1121.918527152496,201.08645635957146,827.1065804972335
0.009929060157914853,1.0032788667702606,10091.395711725625,1328.90399150778,128.53144729225664,3373.5622270156023
0.008253869422054163,5.371349839338855,15919.773832096162,1008.9841763430096,312.0783073651878,330.10074719422516
0.010077014129863652,1.974349155709953,17339.868066630628,1478.6034637740772,146.42371476390477,1990.6920892190772
0.01363013093082754,3.6513042284833728,15613.745844213161,2007.9297665906913,337.8253914674369,800.3856062506125
0.006165488663619214,0.9167681343239273,6864.189037617703,7469.183574511811,196.746017702391,5573.540610115368
0.008075145755594221,5.0217461063672655,18214.089494500746,1004.1135438632496,257.6024373310887,449.2813049122226
0.007794886579217764,1.0390048108760321,6934.09607227896,1005.3116078971691,50.25163190395332,3202.046754745514
0.008042246923385909,0.7813811937966781,7902.99823398401,3991.326190281764,231.33050365245094,3690.973262693876
0.007920375517160703,2.0172707124474,11727.583555768406,1980.5006770185425,200.06264060796548,1720.498845130043
0.010124473682119639,4.978464958511362,14079.166614711155,2553.9663353643396,316.472488118531,633.0941066377069
0.012763547174278574,1.9472028887291515,5198.108813506158,2598.8166626230222,205.60858031695335,2774.6591671089527
0.009928443235707558,1.9999341361115384,15548.53150254602,474.32310260315495,176.71193217793345,850.756898323334
0.010084756286351915,3.026845615595914,12062.137950738548,7268.241439834031,229.27017063886467,3409.6065394551224
0.007787925223135194,0.2512966836653191,7948.5512862854575,1512.6308226539552,117.97438693456003,7019.324822531426
0.007989666204913004,1.5995995748562508,9867.62031416833,3152.0717442256864,187.94749762709415,2875.271678647631
0.009958451909960128,3.02193469655744,13578.67624137625,4652.9244612860575,239.02378981605978,2503.816420209673
0.005709971655344851,1.0025724610136215,15771.211971102663,5110.731922660523,200.35459539879008,5205.509007742837
0.007756641569656102,1.0051432611984956,7064.693890219306,2004.3817604164135,56.23499254040802,4403.737649376475
0.009803964817658418,3.499003802224398,6010.1931938103835,319.9045159529898,91.64440666754376,631.0397397282477
0.010237474319088122,1.157395237524056,263.83613292724436,965.1530546563631,39.13274598652618,2632.55542983996
0.005791249820383145,1.00844060825676,13547.242330311334,5072.092810395876,298.0716733106296,2536.0252507950977
0.010055014751527038,2.005812811039234,2247.4928098515506,659.6313790275711,85.05179557347758,1627.4286511204537
0.010731138649045468,4.957637833425919,13739.854690919436,1017.5182026856374,322.7128219474689,371.6404162167015
0.007992937679348144,6.014978662087359,7860.961444101581,1602.6325427552506,227.49520003435543,619.4184206278296
0.01280850860804928,0.9674079511612925,1677.1518580040242,553.2745449291033,97.63721117905602,2870.623506710525
0.010069789078954425,1.4968752196123705,2384.8686554443766,698.5813627826182,98.92090933328386,2076.910633898399
0.008012911829919022,0.9867221059744833,13768.971044087744,2010.6411115212068,144.23824288895622,3415.241333899787
0.008201772475433713,3.4521988395495766,2001.2940943773303,993.6985991165113,103.91624275101428,1018.6276299724462
0.008120278611967758,5.338900003933057,11803.884300795231,2314.44892304497,273.2546392377668,666.0795761758671
0.010990195304141503,5.949183282046386,17705.49370171204,2229.860887635718,280.28762081631106,794.8650962931304
0.009819265935699492,5.011829143800769,13631.899625336355,1027.077244702659,312.9180848880372,368.55662353065304
0.005490078021175093,2.4997064002404192,9546.216255738502,1847.6927968310417,264.1060203166038,882.0460601104069
0.010783146002134328,3.0313842490511416,13862.045904907762,1479.562610486533,219.1061055894196,1173.0210027762832
0.008092156102909642,1.672027090711465,15488.603319368665,1402.607911424601,201.79285603290398,1553.7748935157247
0.008103143244499357,0.7850706813230764,7849.362221774732,1635.911634526157,216.18900335125028,2878.0359071297266
0.009879563248807998,3.1012081735277914,2278.8321128026464,283.29471798197596,134.0826561621602,604.2957288866628
0.006039248938590968,0.7917405149537049,7788.906598547915,7555.935573029897,245.8283171161835,4638.711804492541
0.010056991275543534,5.006349703755507,11964.652924468981,3247.1782712776644,228.9003326412103,1292.8313505398335
0.007963814171708026,1.5702420192808566,4821.021628529177,2216.951123168779,173.18317715138278,2919.1791111126117
0.009914322290705017,1.9726969531129628,11869.176393536138,5597.444077315372,313.06638759845333,2089.815300412597
0.005725760857272339,0.9996556173808158,7788.796511895504,5004.5970840497075,99.43617489277219,6239.4889708332375
0.00793452935851457,5.024111226048693,14689.426102414916,2709.0825166141376,218.17357374756787,1041.9363951210921
0.01065932426496048,6.006259159929054,13634.06468862567,1532.0775985242933,158.64867016129188,890.2565241534451
0.007860655619517605,5.9409972848457295,13962.15991647145,3994.6807792356526,236.6471958218026,1199.341902796812
0.00556329186529537,1.7168022200208548,7162.621448942043,3458.2721352292974,283.00370890992104,1704.7853745423658
0.010110815527139067,0.6017542341033418,1404.3857595578345,594.1658226282336,68.29117704418651,3810.852729771474
0.008085837694435398,2.998385126275932,17724.045988453552,3981.374341651527,207.7664680077801,2361.1035848582424
0.007883238465406131,3.0155882929556643,6837.914639435912,493.84818451997523,206.23492270035592,698.473748209369
0.012728771300344789,1.922321513539013,5332.896273429349,5364.837037608178,170.55702365491237,4253.320468314359
0.00593938645559649,6.018649437819541,6914.577398343484,1510.7463935739802,204.27640464623727,543.7319869337124
0.009982570570044676,1.2616526765377105,3511.4308489368077,936.5454471520219,119.53729903987586,2953.7581509463416
0.009871030626057991,0.9867207303353788,2500.7121193417897,160.5463067378835,32.23929360406865,1018.7164512650827
0.0106346573194755,3.9665765041384766,17699.611326025242,2007.770622469877,281.2924838228792,950.9898184525491
0.00991795617541524,5.003578160392678,16095.68580581093,773.4589233597834,249.33093692818366,452.8792968119864
0.010553919712220708,3.834194407078309,9792.717544123012,3348.4024650318142,213.66990894482595,1623.807576108698
0.005901641030056869,5.992522650975239,15605.064464024284,3279.306977091155,241.28046728134325,776.677044104288
0.009944352925712194,1.0083914911287077,3494.860150629273,356.997413012261,55.42038000523104,1983.4749209840725
0.00810051809043399,0.9779663444921999,13819.60661295941,504.0465366123101,205.71685272654256,1243.1820501724624
0.007994485519426702,0.998709722952235,9893.00813252526,3923.802051398065,160.61107039640027,5221.305662505131
0.010915926376468557,3.0228769028534277,17563.385077337636,1520.559386461037,156.7393768944005,1533.9496378857125
0.00598741240804746,1.5893916004508517,6886.237080537009,2197.497752817545,243.0635329534872,1881.5245452294691
0.007995940384559598,2.027493991034273,11891.548035622303,1492.0437950165863,238.5414617434325,1302.5576692966536
0.0058183338871623524,4.952516206424229,13834.56918446628,3333.281077616738,240.64317182129886,853.0597890585672
0.008110381068103998,1.0000225598586292,15767.556144154865,1497.383362101155,261.315417434088,1767.4961642171086
0.0039963469325750255,0.5020411656254514,13911.009601898399,4465.938711631075,160.96189056986134,6050.523243802437
0.007371052147728684,3.832559123519135,17602.158170989984,4948.505403015891,322.93375774520484,1364.4719844277747
0.007782592621643707,1.0469214460123024,1858.7531600304785,346.02650470779406,93.76871924364163,1393.3251569957479
0.012956677310713755,0.8940486078772805,6962.2355099644665,992.0066187298512,205.2685033160143,2937.522240214168
0.005876526092163926,2.982678585340947,10054.862192064365,1484.6265324123071,139.16946690535318,1086.3412591668607
0.008230911179126613,0.3892592838541511,1009.3279026366477,4850.26890971174,29.63360896437099,9772.0398287595
0.010548581996370994,3.9843457096121115,13869.10213290764,1511.890293161385,96.93175040930173,1393.18210489991
0.008143418064122651,1.5416640876814751,4895.926543003932,1588.845378803191,139.35626546699152,2696.455711405759
0.007983220006915108,1.5626039861999406,14832.447278899988,2691.421094877439,239.5864826415767,2233.464859057724
0.007731127736518006,0.7973178010415103,7808.697000221527,980.0119664641499,228.5800681005712,2439.4081144802976
0.005948901308405436,5.003461175549018,9900.624817093973,4962.968865519618,217.606647082801,1317.255772574069
0.008081502955869438,1.0047535238505323,13473.674066168578,1012.1001206429174,149.83746887590274,2102.0975831558094
0.007903294967913109,1.9802378004648498,9924.166689489746,2006.9980901988542,177.51624379108313,1921.93373297692
0.010041049046223568,1.0059918697100483,2930.766607473442,485.13620870621344,70.83916213555543,2495.995925088234
0.007669390415717691,6.032622255357628,13726.106186080195,2005.9675269162171,230.92220704086637,645.1834866964119
0.011030762639414675,6.077931318713812,12910.982536806128,2148.672434098335,302.9908362011437,568.3294198288793
0.010004508569928024,2.5157740464869125,2988.9249611278315,204.89539254870573,42.476126012155945,580.2450195770132
0.010953968881045814,2.9869666376708492,14194.315972439934,497.93246842675967,237.89798725800813,580.3232147537852
0.010112764396240667,2.003602156343616,2338.6019904966734,652.2366733260068,87.70265841786872,1616.8990864429031
0.008187598460019513,5.391508630146806,19871.879927563565,1000.1897661213097,198.34146530509838,534.6616089821982
0.009802323799580376,2.0395043763082294,11780.256366595553,470.01560396618277,173.44995109419494,984.4438429839539
0.007941651003988283,1.5686148941668463,12616.483573266012,1593.8661615355113,304.3383492057764,1108.7327187866586
0.008034967481660694,0.9969609738311107,17559.914503860833,2002.3317343594617,264.7958889361949,2168.5062814327657
0.0051438250007169095,2.6103242196456633,17752.467150238666,1994.846212421379,290.7127295159437,754.7515760643115
0.00959035287089702,1.2267943712551428,136.7314861912131,162.25890161427068,49.2428624966567,641.4294393205697
0.009972422457760236,0.3467766453618654,2219.6513202359406,1840.3234067687767,18.402401339562168,8493.44241555415
0.00979256089166749,3.4301066637120563,6064.326362449876,634.2808862423378,89.26398294829198,1034.4727014661182
0.01028123193558254,3.8268629502456686,19583.432394790656,1008.6130522456485,219.70789903608832,762.3987047957661
0.00810900612841366,1.5772684770605783,14570.84008373958,3119.6392079587945,197.4842108258002,2965.1599444692665
0.010781899300533065,1.0011499223565172,10033.329676297799,2744.3861982415765,198.08066203351262,3922.7821577849154
0.005744814154055305,2.997846415994853,15521.182723991857,5027.266721695398,301.3283440824802,1446.1896568736734
0.007695656975530935,2.949055707802486,9656.341204101096,1959.8693152149638,111.15139369903861,1685.816077141535
0.01242767935732134,4.640384892211439,7490.030138523931,2667.2420442742996,259.95016623438846,1304.4632944948166
0.002412902353123724,0.5071580600496064,3114.458534149505,1148.2028705799648,51.75649762919202,2805.0155627893478
0.009994101553450782,1.9979763203787717,15713.187753334478,2480.3406461133764,150.9387114441334,2975.9103023233015
0.005945938753757102,0.9897251361276769,13887.090788424592,3340.492552363542,98.7324251665454,5036.177709135597
0.009977848440163698,1.2583198260365427,3098.7853230970886,474.9257083797796,73.83809936176164,1985.7119517003243
0.005813141258296502,0.9992053671156464,13811.927406713576,3350.2093345839703,259.420280979116,2578.0259525877427
0.010015545938610588,0.9847972884693093,13876.11036244249,2144.5527522235225,202.86054796716695,3420.791852056971
0.010126172633723595,0.9489610334707169,819.7158438703829,315.4448321736922,48.316154359669234,1622.9975673362846
0.0058093731854713514,1.9903158568162906,6798.849754289539,2609.682603070204,261.45480662932994,1468.4672614859965
0.008063575773511373,3.5313920297111285,14777.943803043885,1002.4586191875883,318.1987445167228,429.68896156463137
0.010078208601293125,1.4977375103165758,2711.6216735987805,261.4081825873242,51.21564743491584,1056.6605693141455
0.0077385759926269174,0.2460830679667804,6692.28463076238,1524.0112954956537,120.5982072136747,6923.007978891464
0.009934454631518345,2.9814710972690825,7034.734800665383,1282.09328584855,148.01809879128345,1595.9976522887036
0.0037686121564723374,1.5623495630651514,4847.514684570039,3954.225541022732,231.60633139090743,2032.6144672549112
0.009977826011535731,2.475452330341692,3937.0528745445113,1725.0633812976084,115.41207891803853,2429.1639037832992
0.005572403532542257,1.3496247516093036,7111.893779086557,4091.8929575984394,211.69039196354112,2788.0429755533637
0.006034038195510992,0.9888314240520536,7219.10076636324,1512.7336521095335,87.67228690683659,3172.8139215129145
0.005947336668048354,4.099113309622181,6900.876800648792,3403.7630482302047,241.3610522980871,1085.2344968916875
0.007823447835184901,5.983306020031706,9796.64827807138,3969.7280438275448,236.20409572511298,1107.676245403436
0.00939458702531344,3.061705332713219,11207.377876925242,4121.721280340589,280.77751022942516,1490.9450704635967
0.00706147622954217,0.9626747998916342,7453.555293045715,3043.747694110102,227.35101677687413,2908.3971449017267
0.007962048417268905,6.018236548730579,14765.546997138827,1003.5855871648484,260.92899499288814,362.9028093106994
0.009926471593980492,4.959703257861054,15794.662193013713,1946.5907277745728,250.2273904883911,846.4789887048752
0.01140965390043421,3.654895525115443,10273.23432931735,6831.085425212397,305.38735940362113,1907.072365895416
0.015381918571140511,5.998879220912448,19814.29779958312,1031.6143689637358,240.5521501729524,652.4578572553282
0.0058216104794201135,3.9923917588064346,19868.163643240412,4970.699531440587,219.08344955997265,1852.0796023683017
0.009957531080172116,0.9953371180385965,13960.128213041855,649.9342968601793,101.96655832283729,2243.7848947064485
0.00788678297901153,1.6081305288377692,7893.807091335388,2686.3993021775996,251.78253610207236,2110.7025152084393
0.010042660141466389,4.9078634168435835,11812.9312215434,6599.226764234808,302.24778242658095,1670.1365394077116
0.008045498387253219,6.046950841144291,14431.032540676772,1251.9873363775423,237.44458783810748,476.64532632081796
0.013334617577774226,3.668930998539208,4309.15564043212,2037.481559979175,216.05790632008413,1738.014010062254
0.015045085797481348,4.046711721705266,6461.477568761402,1480.2957392849166,251.32273054131042,1228.5677885026696
0.00995278438690333,2.9883748620377366,9760.56091142543,482.0340554003217,210.056105301369,697.2702340621786
0.009320397363261972,1.3490653396522323,6890.775340477661,1012.2030263874499,281.06870294925614,1865.4841345877549
0.010054082795941013,5.003581136032017,9754.536008287243,709.132631220752,203.24547775376237,587.1300787905249
0.010926363579136638,5.936681861789711,14847.855578411409,983.0257068619961,280.3778649920945,418.52743226184475
0.010795298951412227,4.0079075288699295,5910.494005211294,1014.5724451831837,221.80363557711428,1009.2429346580782
0.009399819624682814,3.5796147912091714,6935.754281159527,3992.923011593007,256.0069261076606,1660.3025245948882
0.014856647813556074,3.1940554300704456,6405.983302450221,1517.1461243648032,269.5330091320516,1361.248479058424
0.01040346753579983,3.779282968995243,11770.53436191277,2457.4690229642115,186.525654382428,1514.3254519545512
0.009986789762413784,1.4989542513956902,9174.494733466372,295.48469613683017,104.98211753833974,1120.3523520113329
0.005812673238835179,1.008816949297665,13816.681616757756,3336.399256812653,242.10443442590568,2826.34974287959
0.009995436565694576,1.0110761704379028,13990.668894987868,1517.4640517516304,203.73238328653022,2610.7108601031036
0.007870924982613785,2.9537948899818574,6787.006394160784,2010.1280175135878,68.12461230339586,2076.2720101505874
0.008006109827895477,3.9739361143497534,13337.089273322457,2770.553537039004,278.1732943265738,893.4611611809445
0.010648501815829976,1.9975182356907684,13899.884788261767,2018.9318892814688,301.68816999751425,1150.8508651965867
0.010008830291312512,3.002316497287475,17636.392899806575,4177.6304506395145,340.5161215116351,1481.0362942602553
0.008261972812888345,5.238631391177447,11745.223632583646,1009.0219923629098,115.8092711063661,687.8106860611348
0.009494615469178222,1.8180315340468616,13892.056272043801,354.21136389685194,281.8407426792303,609.463153667211
0.005854936650031058,1.9878420957460925,9929.329049486278,4984.8518459821835,79.0570377838918,3974.4773171360957
0.013139821453259164,2.9919738487039167,3358.020415558511,671.9344462216128,44.68810877776818,1517.2645896656966
0.009939008668851163,1.5109053689458571,891.903628476053,317.5539515049367,56.26236394656604,1118.0516216064677
0.007894928981057269,5.004460008509273,12870.663271815687,2686.9955425897033,228.70887904748804,952.8387380686048
0.00815843077711451,14.895513513464211,14015.207029185462,2712.8464927770965,297.89813255671277,270.47018351812625
0.0059823873409236925,4.796438047963786,6989.412218642293,3019.9442161385264,260.588933931583,834.2385076213309
0.008049975884025987,0.3891814567251493,1923.9990392647146,4857.9426136723405,35.57531399235213,10927.073948864456
0.00918627077894698,3.661361136829164,6946.404958775669,2750.864102101948,237.42120850387784,1396.1597517540677
0.006088149004173386,1.0085622207215625,2044.5199543727097,1093.6640688083226,53.4348310480348,2936.846028030142
0.01090005742668969,1.997677803637212,17616.28256140343,552.017110707456,157.27289870142022,1013.7059285836455
0.007912778419241614,2.561040681470941,17767.39509227177,3962.0691016062074,339.1922187432244,1362.726435697082
0.008122849401728797,1.6007023131960174,18097.866094100184,1619.7384726565588,175.50767206312165,1949.0720308954233
0.012625757164004261,3.667571194249392,6624.345186012722,2675.980575945792,224.7495039034892,1790.6853841601283
0.007032686084416019,0.5585217958631391,2115.7796988038194,3382.104253759812,159.9366018300244,5764.528620896724
0.012874423854464282,1.955856282542262,5324.539088780328,1911.5353375773032,226.05319763010675,2442.768416057786
0.0077069254181535134,5.951717249035227,6771.028577028839,2022.3867935337767,142.80643987645834,958.3866032076511
0.011088710028819067,5.998024271440711,15000.142654071382,1569.0403828428164,251.35162044849753,655.8638102537436
0.006016765626264968,0.9962750808049416,316.9961737211634,198.64963473313102,51.42819395610858,619.7472987200475
0.005938425973983324,4.008098011260192,6795.669319141098,1503.8801111210023,57.04101191912099,1144.226922863656
0.010075704283588048,2.020610324395698,13849.2239014606,323.44765064357216,104.63485241005195,850.9688183593078
0.005791113509905909,1.9847581269521952,14643.207227700088,5031.576915093844,325.5457892572313,1568.1871523784873
0.007881517542942211,1.5608428501421652,9792.576826941377,2237.130661758089,196.7682548139392,2243.8566884407214
0.00998856281835268,2.9914914818291605,6954.602959759808,4993.15457380082,261.7059668095048,2092.391603537751
0.008281848265309437,5.4379180868376285,13729.066174156695,1020.7117003288984,118.12387483334031,671.6599095582152
0.01084390708006634,5.706476537298283,13598.301426790864,1498.3117315875722,333.0536951795528,386.17451430401803
0.008040172283128401,0.9678593380812837,6792.065561100137,4004.182084415537,140.5727330958965,5123.919703280979
0.01218062035174661,0.607015738299529,203.42396252273178,202.93739346346715,92.04013994417186,1267.1314759770426
0.005904764405008402,4.960608869488345,6872.7362791516225,3278.9305367796082,197.71361440984055,1047.8741810349525
0.008123103870261479,2.9975959150836156,10074.79097564956,1471.924806940094,260.9773758847718,925.8365136913951
0.005828840656801151,1.9778451686920608,9944.374916376873,2109.607431463193,278.17984070217597,1109.1329455867203
0.008123837903856625,1.0034989960781904,17750.297319939313,2776.872110731561,298.24882015974885,2308.4859992541874
0.008072366957514248,0.3952135538289191,1963.300995822709,4791.099808357733,123.7013214953714,7894.5539149643755
0.010006273285432197,3.039498946695839,17393.578643123696,354.4123963908459,260.4988323002354,431.90650200725946
0.008153984493182569,5.457692005371876,13719.415656132129,1025.8154847507087,278.34447265550256,371.95722743880555
0.010562945552359333,1.8375503722997393,13965.785435160728,943.6164109877661,294.5515641600125,922.847184366222
0.010121998421025551,2.0166046614773077,5965.328684216386,551.6696227549787,78.27254726839715,1431.5758508971521
0.006779829550086242,1.3190677584954718,5931.487482422805,2987.8058985143907,218.87309823750016,2858.5088762091905
0.00807530921694989,1.5760041030349266,14722.370461786311,2201.374618815247,320.19719035316274,1090.9930682410313
0.010006817751774099,1.7557800926840734,3005.4383453820838,502.9705750985948,84.4635264236702,1551.1395405563392
0.009994171823247662,2.2240617793390123,3420.574500407839,698.7987589041917,106.88249639136293,1551.9646304301466
0.009981878812937741,2.0192968695674627,13612.693077647511,550.4757546571633,97.03115655216178,1158.3738891326004
0.007824126399760132,5.928466867950841,14743.34199235343,1987.7444150070912,137.86318716155623,903.7373692492145
0.010174789680809935,3.007572570499188,13760.458329859655,2120.9345022786856,316.160358640099,820.7212300074691
0.007951937706058062,1.5951966030894194,14667.114660242216,2759.8591186979256,323.31744702480637,1221.3104410868482
0.009917881368898413,3.005924724089908,6044.066860023986,578.6329766761482,112.19538418564161,1016.0711981352993
0.009970479065281042,1.990017534838455,12085.06599138687,2532.333252422991,229.76295338461208,2043.1082074926173
0.009853664732367408,1.9774526397567929,18110.144333654986,950.8810756858916,140.4284182779657,1435.791475297331
0.005852129099266466,3.010468212427089,5838.409005795305,5029.000988795653,200.52512727894617,2145.5390609220594
0.008126378276883893,5.375086209040597,17449.914210091985,1976.7831634799477,319.29535550866484,512.9782479765345
0.012846650998197113,0.9628393245869787,1666.605227423571,576.1099099325761,103.08051293425005,2970.4993802190384
0.010058278873084345,0.9936476285435801,13592.36919073455,421.78024011215547,109.98672042773994,1676.5258255040965
0.005868902675874626,2.976184372904369,11786.72026199609,1494.909611107621,179.2732992650481,929.4909828229895
0.008146156813075326,2.0158486328832748,7009.826753581237,3016.4094796306986,273.4222570978337,1832.8098348142744
0.010676803738443418,1.0060926702334128,5945.42998428315,1980.0751178761368,98.89073038616165,4677.243835387623
0.009978899515475516,1.9802521421986776,4038.5596371791607,351.877692508662,43.20661965691742,1098.3678945214197
0.010047519816692788,1.9862745918892757,13953.762226629337,1279.7282722771583,113.15831315277624,1957.459475710496
0.007862184944356901,2.190201483659293,12741.327959493075,1606.6222877353675,292.94281426827234,945.7190729758345
0.007603250489831389,2.0836370608187718,5724.193581781749,694.1905666371678,164.0079033687134,1292.841168626039
0.005822265114228708,3.9999043275826245,17640.776820642463,4965.325896304481,219.12210779343036,1777.3078521111956
0.008048919194355903,3.997541720265388,15912.863044488808,738.9031613362547,340.1072953212628,312.3164662954651
0.0060930284054503455,0.795122856720676,14508.023892102367,1010.541121059841,322.44818548732366,1024.8279549478777
0.00795587969765587,2.4370294224205495,12644.170789266527,1571.7848916909973,176.15804775706735,1361.0897684681017
0.007394772125379901,3.8195606002220086,17863.886851861258,3127.9317874915228,261.85458347618237,1280.601900379306
0.007957029954559696,3.0082896839807303,17556.73372510514,2737.291597415981,259.88582398494157,1436.7433047389004
0.010011053452299109,3.0220198962207525,14054.09833017996,1878.9393715029057,251.36727487342625,1152.1351322330463
0.0038437236193133583,0.7980209861021763,7903.593865400197,7460.537646581378,253.9028345717254,3527.3236496860627
0.008128896010765068,3.6412679745883305,7033.5490491328,2950.5010737289317,273.70861905674144,1145.528388934866
0.008203734809039088,3.9512715301019345,14077.371278888182,1242.4731715425692,235.64848312296297,664.2867551940651
0.00608344371354198,0.9895166106949671,2080.023594967349,1402.8047064363152,56.83893428234068,3526.577695436175
0.007451221565086955,3.84015777307936,17661.175830363125,4001.863789061138,168.95656788181853,2159.0949191140207
0.005800550176297177,3.0087096195264684,7889.151109755798,5042.898228466894,98.80491486493018,2597.649387673083
0.010745810865179877,6.035589610765979,14854.97107239879,2074.849927031769,279.4642524920218,647.3449260024083
0.007962646564518663,1.5612032057418321,17522.85180061881,1019.0411704379857,165.72306706200797,1418.9795481915019
0.0092452606410789,1.8178562150858197,114.91883684364414,92.39695767705466,60.24032171233572,322.3235940810787
0.012528477796285653,3.6719202726245,6969.783003014193,3790.7273754506446,268.183655146093,1736.8854591936713
0.008186710326612499,2.0087521934945984,10102.535612548249,4068.678911826908,212.62659210802252,2563.2053607694224
0.013033365539381973,2.954718766606697,2334.0241324282874,1081.9636057637492,57.320648381285956,2017.0701507860335
0.00809446114844705,1.5890955105437123,12723.396122789469,1009.5601559624621,270.9587917428561,1073.6960266407034
0.006143824037382986,0.7912497466696905,7933.682129788887,4029.6599455713344,287.3270973333377,2481.638952908285
0.005719488079433339,1.9914069640338548,11719.68534105395,4954.104702601733,117.25398668815446,3631.5941157059074
0.01003837955407695,1.5006094561859,2367.9711589123353,121.04805516951151,40.72245655810217,547.8048543513935
0.010001162528824799,2.003923521851865,17855.006406565422,2197.218308990564,153.9945671183039,2690.288475357062
0.009929750689653166,1.5062102299990126,7015.49180274709,1070.9685750301892,125.36321268750133,2496.267214026044
0.010805647688962151,2.9973108502241694,7789.525282505894,2010.9626456511498,221.78254230565798,1654.736431128884
0.009928528726647118,2.974582326793436,17708.058708964923,681.1066530564815,334.98901300700356,389.2720895425792
0.007925136980005723,1.5722806833245895,17805.58578907632,503.78132727834867,181.2082842692939,860.6045844156563
0.012494840327218284,1.845052816846692,6730.268622171558,1395.3859464424322,196.48459686316667,2370.7837857543536
0.00580303318282384,1.9912236610378085,6933.875955237032,1488.586794816902,59.51956583831709,1991.8994475342708
0.006078200214879574,1.0026316225764478,3076.049190380194,704.1404042802415,45.8100068521667,2346.978992917561
0.012896145277662143,0.9633084553494023,2148.897286395369,206.5358382780318,47.14158986176634,1513.198165824728
0.007904442260785188,1.6433147861392419,13729.747965775849,1648.5506462114365,260.04529390061606,1301.0576591474287
0.008198672894921794,5.425964277874739,14310.70506347359,2031.4361800851661,259.7294719560765,682.1984432488196
0.008210474505209618,1.5702588991831992,14882.958755529033,1581.7803284780016,281.4363541849361,1198.2442055852093
0.010629187270145649,4.0904897815639565,5931.742722344245,1030.7765031318006,242.6400888145176,955.3255507731598
0.005931550803961273,1.0097158923941496,1130.8043464181778,674.6842357874814,64.21067106275565,1952.6686184362948
0.006059141634527569,0.9057017777061099,10262.718328733821,3841.2378048726137,213.68996203917774,3623.2492740625394
0.015103270938043225,3.9866720623084984,5015.361436632991,2286.1034449531558,246.08997568713076,1602.100946492242
0.013090977941392001,2.958921476509864,2233.966630626846,387.4690777670912,43.90651967053017,1011.8369220654888
0.007851182550999375,2.1049262487369758,2343.3806867187714,490.8264421690225,107.99055497344568,1036.8918365968686
0.010836841845315163,3.013601185499193,17765.714757207825,496.3562854102651,323.5182030242337,391.40372695143526
0.008023565066111288,6.030934496546877,13579.131614216674,1018.810534850611,297.6116116412828,303.09548837327094
0.00782104085249525,5.949715641048699,14801.121721863432,1024.1044095439572,76.68921588607617,622.3249186813493
0.007775596703842514,3.135684028307121,1767.063073974495,442.1900484602299,116.55400598695381,631.3469532975784
0.007820232759473333,0.6226712547374824,6924.375895305502,5294.789285754372,146.77388149218336,7468.943810311367
0.007967476462294159,3.9801176985536273,17573.75820506809,1009.423911075954,345.04821955212225,335.9537837172336
0.008128516816221853,0.9969964169885579,13741.246223303267,495.260745944459,216.9709210091189,1226.384273517689
0.009467941009678741,1.2211514913180712,117.91777627527816,119.80980965988249,98.5207909389643,532.0128940787235
0.012347012332371803,2.703245351363306,6875.2126708595215,2784.7865975237023,206.13866894537347,2330.2179910194195
0.007785149450392121,0.2504760806278376,6690.336356906473,1988.2365494573878,177.87518935250677,6196.425327952867
0.010147284209025343,1.0135478687928345,2990.411415187154,1623.3650904222095,43.60025315627791,4750.575393471619
0.01414088522698231,1.2560685094246116,8484.866630731074,2713.945303341418,274.5031551377399,2185.64444921776
0.00821265437949395,5.282832028849017,14797.265899647311,1028.505213307326,279.72425095469816,383.12752514302895
0.007966777254558905,2.554407705379562,7849.7897831847395,1583.2745281316775,233.97261060422056,1373.7043187561671
0.010003273725199132,2.025606098624534,13465.81923307174,1525.2316958577728,328.15545263307513,840.2775117289592
0.008031591588577506,15.34584456692078,13887.49479221143,2036.5243443448949,268.4754916332479,242.93901450798597
0.008050825116786255,2.585357745749498,7857.641250696505,1600.5814101671274,261.92396797568165,1180.4563974830191
0.007903613952339477,1.78946296757422,3037.8354185645644,3081.6258914873915,222.4086706350407,2491.734068787806
0.005635535311688588,1.3432703700234092,7316.517317052369,2038.331186040363,207.80479314426694,2178.2149189772676
0.009954950894816957,4.923693465129809,15644.172148472635,1349.8935763894497,331.06726880510746,411.849714004274
0.008029689097534305,0.5905257693989713,110.4518360934948,148.7675083141749,31.063318446045166,907.1919143923502
0.008119156688303788,0.9978276531797838,805.9477499731059,59.95143658328854,63.199227809348855,406.3508531652781
0.010122992263268949,3.0169511002335354,11568.645756459166,1389.747442174948,224.48984885791023,1151.4008658192763
0.009851840992143179,2.0127376255465146,11850.17872680286,5072.005132033359,310.5557287263863,1849.982925118782
0.007933098279747107,1.568407507721442,17697.493141939205,982.2471677729113,244.45318936431522,1087.1412117426262
0.010003484389468565,0.5972261646585639,3007.8933517012224,415.53899781737476,54.0960795540091,3507.3022970149173
0.010894318918278105,3.9318050285130592,16052.754508441938,1022.5030909617311,196.68521669333833,782.4222778154789
0.00782385170138307,7.008227190003519,17539.372489736685,2794.7081241199257,327.59083221983417,495.0841060945391
0.009271292671189786,5.547135812490494,6963.1331098107985,4043.3848830712914,251.54193127863545,1286.3370651614043
0.012971229411543472,0.9666525419243917,1817.5583621072974,309.79668752664276,66.8103985028559,2035.0990989833456
0.012652004365937452,1.9110577418236965,5243.291656631246,2604.1967237483095,145.15870436898552,3276.986263717749
0.007847435133684964,7.089837959724777,17459.598408260226,1006.7310895128608,218.84351011021116,353.17673076309995
0.008070254213236636,4.00363670903245,16078.539979066178,5113.620494045657,334.85240420686665,1237.3257712879602
0.00795155317581617,0.7857925968835903,2966.8598120657375,1612.8257168868956,180.8528614509866,3841.208419483921
0.010843437986422835,2.952312848213994,14640.078593989958,2831.355485833561,319.68283195088316,1058.4971650158711
0.009914099636251563,0.6015867212493216,2039.1265127382014,229.76778920785367,39.26783008465711,2042.2359435221567
0.009976086115043602,2.5012578812758446,1728.6734105132302,506.7403875803048,79.75406135331897,1104.186877812203
0.0076326240008204975,2.5706473164233383,14932.326948215576,5077.818690454975,317.1874966035414,1675.0993723498577
0.006073873137122454,0.7989912717024907,12671.102134837001,4022.802337462221,307.9864881720518,2010.3727509713126
0.010781103974286839,2.0461851629920558,17462.9395623925,989.6366673079076,118.94653415099206,1710.9199559287317
0.014205739726819823,1.5236035699212562,11171.084644371069,1651.229982627709,296.1354407856056,1522.2292718101453
0.008034916409439168,2.9366897300817967,6843.230632663275,994.6670046199321,110.76290643457475,1329.9239561404372
0.008107494383398741,3.0210820037160104,9948.020700096962,3956.015481815357,237.08934051070773,1711.0243572214388
0.008055658448072971,0.9943190278211363,17703.426808557346,1493.1236219575574,299.9317513330081,1445.1739698556714
0.01330854570288887,3.575338748540482,10298.615824360517,2015.509703411854,305.82041871843967,986.2810298944845
0.008034466496163252,2.982430204604964,9793.466658353893,1008.5686140814162,299.5761723813476,641.4340166948981
0.006057233350245453,0.78702801400258,9754.14851777523,3234.35248080155,177.41398074746195,3995.1260470254506
0.008168486145088284,3.9757672963157296,10113.571174560757,2981.915529486048,209.7163027863787,1411.064919672045
0.005970444229695781,0.67991607121227,100.78729784596051,295.6162656041834,30.959810570394595,1218.999661279514
0.010855179334959978,5.079146380323644,11868.14558146637,1017.8287949202766,251.5033430098039,562.163115185089
0.010132378155959307,3.641447961792687,6818.637904030471,1439.0217067975548,127.50388764266768,1533.8219953853202
0.011937315771313654,1.4172851981790575,293.93985538238877,496.7134501734766,111.90846296718198,1579.2463395947639
0.010029105713212616,3.003254249799893,5914.72093483755,1811.3187529669142,122.74549779758766,2077.1491218758765
0.008067530349627955,14.933935939203616,13702.567662057847,2015.8168800462556,280.17704694842143,228.75030313725037
0.00804755572004316,1.5561611331556087,9875.605028092688,4951.357003947031,289.29960152609726,1988.0725173158603
0.010463286561220139,3.8307281971338507,11436.201233527994,1959.310029380633,222.799578572437,1180.466972547207
0.0079218924191211,2.4354956835925017,14731.161884225823,2214.4689552285313,222.67764963696519,1446.6150527584869
0.006007267890146265,0.7896479623886331,12719.301110598617,2684.15237213451,201.32818630257884,3309.0716784868
0.009638967774951006,1.8379089108809004,11091.509881911477,1324.9583496974735,256.0965060002357,1360.5116740287986
0.0058756153161350095,4.013733523389941,14605.192983667654,3363.7691960340753,278.0652566117133,876.4213739135016
0.00795491389636079,2.2072404333110573,9828.93324552421,4098.050015274716,219.5736352958212,2250.7730571799957
0.005902973795608835,6.086533094875501,11559.48017365016,4913.009368474955,294.9972545919517,830.5982115914376
0.0057902808705081275,3.951030910830502,14586.75506852493,3230.5095434745676,98.14736648892278,1667.3440921077158
0.009447875106813833,3.6529351432251604,6998.758264939199,5555.1996834723395,212.47799100801004,2297.290264815009
0.014452336841542868,5.954050634216907,15589.57090143955,557.63998796885,158.17222310975131,570.5606394573388
0.0058496220119345415,1.0244315368386478,14861.817281295549,4997.251301539468,159.0758612836393,5983.263872235348
0.00781181561867716,1.0409208246676727,3023.027085733946,568.7862342013904,60.64342335145123,2380.3758892413016
0.007999508904028167,0.9922304627002365,1978.4628993612478,992.803146389603,148.95436354899397,2724.183677359544
0.008051056482248568,0.9703512566769138,17445.225135166504,2006.9958950824164,189.88449461967664,3008.6514077783954
0.003950165627010729,3.111879398145471,1077.2867300204366,1180.2579130773634,70.53602736878517,759.7611834277249
0.00514757767533223,2.6288857891965165,9831.737819393828,4455.874431535118,290.1805200238675,1233.3751482881507
0.008016381430014938,5.040368964434574,14563.654722499277,1614.2237153864937,179.33898713601158,809.9520471191299
0.01498381325484075,3.1716849748428526,6325.684247833092,3112.5893607987928,254.61757849703218,1869.7058900165468
0.010032712647866591,0.9886377993856205,15436.461751194205,1318.5501103247166,123.1353660778899,3216.823123485475
0.008046661898892405,1.9931442265746293,17701.785770077215,1491.7501317176336,135.62914735567733,1727.6670336270377
0.008002862514647898,1.9696098691927064,11869.625556999608,1259.24928966272,224.58172685598353,1235.465682259075
0.00817650598751282,10.574767583887018,17597.94153587091,1511.2331647706349,116.81795858369864,445.2858482897487
0.011875647359273574,1.217865467001268,296.48904161693906,496.94787396412295,112.0620137476149,1836.6726979631305
0.010132384400310532,1.0082878538362983,506.5370324842885,100.87161861794362,69.9073307577613,611.539607394941
0.005825323960726634,3.00874898352745,13714.747997810065,1547.8885512542709,77.7449594252816,1166.9966602282243
0.01491458300279062,6.014080912202984,15719.108157713546,1081.390038801092,175.2209095476658,789.1817585855989
0.009900300928226602,0.9876448843335712,14092.832098065459,1871.5833560882063,204.224776176617,3059.2257360629956
0.003979410065371805,2.0894429259668366,3387.4027632113834,646.4225782998202,58.801226307400476,866.5629503402464
0.008028039065860668,6.102276851551765,18186.719401191385,1031.1037947254058,131.5544283187222,577.0902416458246
0.00937272363839091,5.545600653350262,6920.5278517848,2727.1771749761156,249.74641175251506,1033.4060139821902
0.009983011865749935,2.00711534703616,7530.387340331258,2500.329089330475,177.71265038501798,2609.856117905415
0.007782517969333258,0.9840141775473872,6803.527028319593,1968.5384725281324,224.15904391503372,2876.491831250934
0.011148932918613647,6.063531614858582,9741.789583381436,970.2258901042325,284.7770971859803,459.9132452808888
0.007921431998623553,3.039611328106415,17821.228982999866,3914.2598185387,193.57848337183293,2426.4477001936543
0.005883194537553492,3.067235962868906,14979.362906576656,5041.632509500994,302.9521097878343,1416.3067739977096
0.007699768241129312,3.0294696327161845,9596.352806975548,961.2223103078354,154.40627347213746,1023.8846329476587
0.007691586233376953,1.6952367743680312,14588.956678392246,904.458607528305,196.5139045252591,1141.9329630243556
0.008021844795493989,1.6016116790706172,107.24603304486263,59.92357454800873,58.22251970588782,244.3451435020795
0.009822471020643198,1.990332152864338,3974.548779965409,1961.9197856377878,42.432406770988635,3568.8684142260213
0.009914968334304514,1.9905774653690063,17888.23795342345,210.61150028467043,159.74330400131035,586.0674684132061
0.012964458206276744,0.9074985129605047,7015.720337282806,1372.2968518424077,177.40464212679893,3370.4569448835005
0.010255894238090058,3.786774815674425,14363.853112686927,698.9126716796432,310.79674894975915,395.2093876054184
0.015039544379552183,5.998766850119077,14609.05766294765,1007.6901685348025,286.4565521012667,559.1718518922571
0.012552304390665332,4.889350521514882,6771.904442504471,934.9176407459411,222.99428185619644,923.9234578107573
0.007991239537437834,3.0757836861007766,17610.725137509955,3981.360783431068,176.47375286670257,2600.609707920399
0.008042878511320854,2.995097349396165,15494.165630774087,2845.184331882507,261.68516438284854,1345.3400469282042
0.012704346982997512,1.94296406105167,5173.993071375792,1924.561464115703,151.51872982264345,2878.3840458004142
0.00807237782295095,4.0418536333749495,16069.095099204416,5061.320594587472,248.5147165296814,1910.3360671081186
0.007990089432882042,3.0401112917625825,6811.465401189638,497.5035390702113,242.17692773957543,655.575598748129
0.005735922586102336,0.9917867969321077,7882.922075980182,1495.465009688571,99.64731830527431,2938.549276046422
0.012645303436978879,0.9213218167212665,6976.367495847264,968.4677948272057,244.48683396152083,2697.468331399017
0.010928936788135555,5.964224409614177,16045.194491305761,2033.217020862747,260.7306942924947,756.6531771809125
0.006955413163440725,0.5672762140068365,7127.141929895238,2887.14709253031,278.2231606935359,3191.8826659592014
0.005859753597415116,0.986450669201762,16069.593549125095,1478.057797424572,98.99206370192513,2607.7284656528013
0.00559632719254372,1.7259615633687229,6888.3657613701735,1009.1438669150841,209.04285639225265,1338.5619253307436
0.009888301646436861,1.011826645901982,13960.376063858303,1443.625774491023,125.35528826037917,3476.4837514584037
0.01086136501303972,4.007669592555334,15479.048635857822,1003.3870431164555,139.68663730327654,956.5983653321116
0.010829877004731422,4.002705892022658,15619.309630378753,1025.7361772304373,280.29260387455366,567.6565583550279
0.003797920086378826,0.7936241714597014,12812.193610531302,4940.867855864647,314.18402027159203,1996.997649922281
0.008081914463868788,2.005203381026273,12039.55446431493,504.58962734214845,304.6315410576581,625.4461524403171
0.010707388305763848,5.973085527581636,6904.630445077379,2022.6629229114437,238.8918383044918,930.262720132074
0.010112970518702984,0.991414227426957,1801.9910016274566,517.2072896346621,71.98486543211149,2445.2843044284514
0.013913474951551534,1.5316587343795915,11078.804641333374,1625.9801571803591,300.00031113550534,1545.4560915351808
0.004746030026843793,0.3187571944880236,13829.049341794125,3269.9531777428074,256.37506515812635,4469.9169159967605
0.007843957902737885,3.0054100295209243,17955.457273519143,2001.6808809055917,125.20121127094919,1710.0684431196676
0.010072613352554032,2.035533857231182,14082.501265207506,2552.544181989464,325.6215179939295,1066.2247336734079
0.00827802598780973,5.472999805257738,19359.870752279006,2294.318277437217,318.0888602379719,673.2769069563931
0.010150636016514098,2.0075963972660484,12304.100080132528,437.126497326263,105.4565665668127,1043.2535155078745
0.00801605722184209,1.7545658323909983,7021.908310720238,3777.0351498644295,277.9762101208273,2067.3754779658357
0.007739855598554628,0.25233368961993,9917.11879911301,1514.5465708518684,216.49444233611186,4488.905651818576
0.008117255611878762,1.612050098248553,7892.603849486865,2694.2294900054635,179.69861567837262,2651.7316952543847
0.008208369318003237,5.4255520259180114,14734.382543274367,1018.0708218254673,117.40174165287289,660.8215474155882
0.011283918137003399,3.043917828872477,10342.81851085379,6503.225263480133,281.92913204914913,2350.7288837845686
0.008122759825853896,6.035388098551709,7832.325514596604,2679.4830657059065,282.9031428411124,659.3935962059131
0.007837448525564148,1.5679165825646577,3015.3670958941925,998.1246865874908,144.2770485030668,2104.3281061717353
0.008095462629229585,1.0044295627577557,11861.753624934578,2029.2941464261628,296.707941306812,1626.0741214431432
0.010747546321060324,3.0345171369883523,13588.48305571966,1542.6368812696835,160.62962774540526,1472.2254369252475
0.008190056423508096,3.7046177084067193,17994.417639640826,1236.2416718894988,256.36505549647364,661.6866970941916
0.009243306092481111,1.2188979488389873,116.95357730310936,119.63062945602553,94.69917196553897,520.4817488079012
0.007915536406815433,2.428389611729427,9753.758697762934,1592.143544088384,140.03275455135932,1673.7511547490317
0.006045311752797078,1.0021749513612037,2973.777854985893,1487.5815253879866,71.9718124873488,3664.2030806686485
0.010902290732297587,2.968915943644547,19876.09652037223,1522.2073400771044,325.12936345328586,800.3219841943219
0.008153004605054756,3.003707745461132,17684.577144389346,2021.1769338734523,292.28950499988565,924.3488004360499
0.013021332029350243,0.9660264230286607,1729.8465551621357,797.5528169720183,128.6295439601026,3578.9175535537524
0.007992155513725778,3.5243487878138646,14639.938383949693,2009.359612562376,201.37508847800873,1156.6919372885386
0.007864102056924366,4.027146950011169,15780.95421268287,1001.8942615555593,262.8968815596595,511.68882397785126
0.013009690708524894,0.9708320052112022,2954.8418180620333,704.092670164384,122.64435060270635,3437.7298012181777
0.009944629188088003,1.9935667149126213,15976.421203142212,6148.799535559926,337.0069386672951,2502.7194551802954
0.008041105279090887,1.5725254606055619,17812.925628792396,1594.311458095879,300.7599598749031,1094.9408260166815
0.010070073758254831,5.0769698507119125,15762.89209156193,779.7675820334861,245.0329605028723,450.50799769798584
0.008032012904483948,3.008610361447715,9829.2951202337,3970.515659185479,268.6990756289161,1510.526783963877
0.013355100439754292,3.692214742766267,13031.44401481772,2002.369770624944,323.32175293538484,828.648004320484
0.005789872308249715,3.995473424777838,17495.83720024097,3335.8409886593768,300.1092878502834,876.9444888461638
0.006220201297965019,0.9029484134308056,7002.411336745402,3798.728047662787,189.94230961703565,3952.5198179683625
0.007922186849835434,1.6195640461429717,7926.557912813098,2752.098867803415,239.8974440870964,2232.5191608724763
0.007959718711659743,1.0020141887870613,17704.582721780098,498.59528678359186,153.26009847123473,1257.6328947981604
0.008170108505967198,5.293378764167626,11795.07591471243,2287.3815964465193,285.3053286212024,586.7049341210364
0.008013117468405228,1.590080876362302,17726.63440898366,495.5730654717382,131.4520387519173,937.3084321751643
0.009320166912313185,1.2239893675707683,115.73816699202236,119.64613361422161,80.09133113728352,508.47748853072244
0.010796921241128545,5.76979518944449,11897.171775152006,994.9260709527397,264.35290097278903,467.69563027025936
0.010682938200495568,0.9927628513111222,13688.322750549072,2702.1700828896624,261.00593769621196,3171.061586263536
0.009909708195768377,1.2631916879898135,1728.5128256399046,534.3159420756274,78.59905892389358,2013.81589720573
0.010091420450088774,2.992378738322247,6863.849389534849,2399.1793806981354,177.43228584385687,2016.5330806488478
0.010000729290359636,0.6046501433094039,2599.603862317764,764.0806331931043,91.74932497920243,4501.915397411511
0.007860166568581753,10.94363822172504,9682.147666593903,1005.7969862991415,260.5469567293356,241.66315651305283
0.011061956214301855,6.048241656485739,9599.35289809201,1004.2915354931572,98.29810511307038,838.2824768367745
0.00987225032508185,1.5085512267637329,8885.793905156606,504.3529150610819,90.7683189375076,1576.5517210083192
0.008141947018703098,5.053265116838437,9739.866091327624,990.4369652480993,175.71154540821922,626.710655484657
0.010773436280966248,5.774961384275181,13603.396779844625,1018.3674156716764,240.98573545421354,517.4761302880997
0.013385610708891407,3.626212304970787,1688.1811767739873,2018.677839890109,147.84794874017274,1967.0559367149938
0.008160920207238045,2.451354847830686,14585.218134966779,989.4933349210389,111.22142267567601,1204.7448081977454
0.007858961363816171,11.06854202129742,13865.109835671386,2060.479501140199,137.75741204467838,499.48570923002484
0.015032557848017106,5.402790169093125,6834.577683410085,1330.5511503264838,204.07296657041167,1134.704998795794
0.006080715151154305,0.7937184437910003,696.553997257578,203.22100325763415,30.686288700457485,824.6700961298827
0.008133207095893916,4.956761624375959,14289.189669355488,1510.1493246444431,238.57362107259473,637.4909187895905
0.010070979832840502,2.522499898474142,7033.872627300716,1866.5520511725956,183.50798449637628,2044.2537802082925
0.00794711747642247,0.9976040104437636,483.05734684123195,194.4404906414104,70.8977732513686,804.3557231244289
0.00790075730372181,0.5020704684555708,7833.262143516884,2032.4088598339965,120.20058245735135,5797.3499181831685
0.0038707679904644954,1.5066358389923276,7140.070834033238,4737.598755141765,66.96770672351546,3502.785134820813
0.00992369281024872,1.9806150100869533,9937.413645967039,607.8329551487004,177.7720920275161,1233.1281916105809
0.005934405715250547,3.1808300566079466,6926.824991012462,1133.1837944642145,237.76151994395144,782.5188384417515
0.006015012212722786,1.3557969328949513,301.1623566859343,100.49530609964069,32.79171657190586,292.97118876402965
0.009928395645406141,2.0417147599311622,9012.123269302823,1478.3417868118684,286.62632885787775,1332.087999708221
0.012795562055649651,0.941820085762692,2153.6249793710335,202.44780790854261,49.65101574413873,1520.166157909077
0.006053603659085588,3.994496017753402,6965.890513220552,1124.3885248138317,189.6105276511515,719.654312272216
0.008084306390432578,0.39085641310508873,1020.8643140118651,4841.918283523417,106.29901975040904,7461.589371438721
0.00918771871305771,1.812290297043157,116.27789183604088,118.36193220417472,64.41543084191497,379.7260220768683
0.007963319502423342,0.9962619650915375,9862.343679024989,2026.5326265288284,101.69525165064678,3975.1293378126165
0.007908735518557234,3.0345741456751627,11806.054438165007,1457.054656023886,317.00542772385796,622.3175391535185
0.0058008987379618415,5.085578178999259,17490.464926929988,3323.804540338695,342.38282639015,600.1769198795665
0.009988790064090992,3.008760938932368,18051.06520205853,863.5980786637418,254.12922717226326,702.0113999315645
0.01001124092201151,5.001301960090469,6920.254119006904,2525.678265556767,263.72848287931834,989.8176478592707
0.010078007484917096,2.017154040566377,15961.496868174298,957.1244157184927,190.42512333258082,1246.362736595907
0.008027678624577976,3.0029849346435,17517.311268371646,1002.0045857136371,148.2698671772024,945.7853227409092
0.010061403677608504,1.9678720713646636,13551.310470695984,486.1657265342578,98.90645584367486,1038.3950198590394
0.008011182407166619,15.027230300300747,13573.366176979534,1518.8821135503179,260.4370616908752,202.0070591366524
0.008222791978560512,5.382097660629912,13720.583026328339,1040.1889430177423,309.74717390012637,321.91881829056774
0.007952311441980874,3.5079896921522833,17777.949239504956,996.7031094427388,295.7384716003876,484.69592413004574
0.005169493466929636,2.586462920593652,17811.84216379729,4513.988793321867,244.8259912845646,1828.9618568914045
0.009199894700048228,3.621215406941967,7001.280767400562,5721.709163709422,199.83038177788916,2459.8509078938373
0.01064106732751385,4.9396636010172,6742.540038708032,1957.0604744884472,258.11550229773184,936.8524100193313
0.01070358174068638,3.984542180812543,13911.4542326578,1002.3628348001031,217.99753599426458,739.7378184486705
0.009640810572373155,1.7351023246230044,7007.078148871867,4094.242898645972,222.50720639720572,2809.7479104196564
0.005660781555992836,2.004369918204428,9741.718417079052,4988.878002217753,201.5688266371935,2545.0573935007274
0.00818290405444404,4.944970689350736,9873.66164648274,995.8761866228963,216.55971318878747,564.7242672708629
0.005938495916746348,0.8016004866490478,309.6286560724304,246.75253869901474,52.41877768410158,886.1434610284762
0.0077519118405184806,1.0057377039503517,13584.04469080321,500.8061789539639,199.9366953286506,1245.575858944133
0.01002495116377538,1.000665854994299,15908.129993714425,676.5451379934534,102.02267086030903,2234.6973022240254
0.008148852593056132,2.995299184320383,13902.370026105442,1979.6860092728002,215.03441095400586,1183.6967207872895
0.008007941168420423,2.507156039830336,4913.293965020429,1015.4190597910507,177.94091188382637,1360.6425597627526
0.012461820555942159,3.7013811999076323,6722.500986617404,1369.821012257042,259.8125392839863,1131.4983945222568
0.007908053247657386,2.9820575921480392,13727.431550520807,2012.7376429530345,111.9869251049099,1673.394904918903
0.008107276886366718,3.6681374582213757,7021.485059440974,1245.4628507080263,188.16525779569432,1068.227066625412
0.00997216944095238,2.969728106018681,13846.308113571575,425.5986029167237,226.86880767617103,528.8911337210543
0.005918607927545347,0.6758757651057019,102.62429429133314,345.8575820250388,28.47773364256513,1347.6978797918737
0.012009461567354421,1.0135033913231246,308.8299991548366,128.98470325069343,99.72535591834344,744.8317219696094
0.012659932681540536,3.682527174120408,6953.234190180165,2607.580473729843,255.3736222611131,1584.8594082915647
0.006151169155049427,0.7841469485632238,14623.793255704431,2693.3001847594705,231.29816710439505,3032.568932095473
0.007993121208238314,1.571210976546297,9804.655697038834,1631.1766026707096,279.54335869775406,1425.9676867928747
0.007334460938514428,3.7757493974104803,17636.205814670717,4828.218336458123,215.8748748058232,2170.0964538828134
0.0099058331589242,0.9814925747553578,9863.05525192495,2508.12229915978,136.49633147425766,4727.222632162136
0.006812360147724733,1.0098363788312061,5932.516318679407,2763.158033964524,168.06776649902645,3638.794654631707
0.007859058152264826,0.5072867556704391,5902.429909757936,2014.708593487219,140.87977907427603,5495.004363775438
0.007696013604466794,2.08539151197174,1017.7606126310286,420.0292050643156,107.62131883932632,832.7610779547509
0.005847118160237604,4.013020832848894,5981.960879996964,3366.609139238944,142.8416809094829,1594.7333079216119
0.005778038663644942,2.9398846388212037,13645.659820138764,3375.044245729124,98.27281173859294,2022.6547610569608
0.008118625647774385,2.9913258714036126,9706.464877131653,1999.967635071287,267.273977962169,1040.9263038450972
0.010010556394226596,1.9879067864741606,7783.906691174045,1951.7329889488851,151.02353640605108,2492.542020218043
0.008066125433775427,10.868204110852767,17374.609787114237,1019.7614250129417,77.22977141449256,341.4674192684734
0.007970797994243072,1.0136357915792074,9616.007625409258,1987.257956555182,231.7282820769779,2463.877698197793
0.0057672435577965035,2.019193092421303,14444.865410960982,1502.9122629637598,178.767578140425,1198.3236567172435
0.009842662045872202,2.0024634899573592,6869.457745625728,2973.919392783414,136.87500605405833,3094.92269233782
0.008038058736291733,5.985703912543292,6843.674409277188,508.4812403389237,232.91837803316164,341.9225523710678
0.006199830811224259,3.6102540523409563,6921.136128094929,1357.6018528977681,258.5290691939379,714.0739384483932
0.007929553332837812,1.000777542877594,14228.902990880359,2002.1316416379054,219.4552182860105,2620.6918545693125
0.005810448770181292,2.9901089972282873,6768.272529164163,3266.073844084611,139.56477412956434,1991.5928066704398
0.013191408490876362,2.972304546112097,3096.0492238357165,653.3687866769582,41.40372592404209,1478.8492312918283
0.006053759203159571,0.7876959259993628,9811.056191040725,2686.6957259250817,228.2900616068147,2859.9239737891417
0.00799603975795166,0.9928290928164729,11675.53391972058,997.1616229910744,257.5900666371266,1621.6690771568415
0.012549955537052626,1.9428619245091023,10454.811308662696,2788.3788367519564,261.8914595880312,2031.2021243171102
0.007953398312627322,2.037412697520487,17645.595951092953,1488.4545008177224,286.1506167266116,1076.0894162190903
0.01328259835393301,1.4991708742188525,1763.1158932092906,462.38092615551176,36.605836821149715,2075.1445851744893
0.009808025451370562,3.051006566846351,16026.419903017722,3914.4450691803586,327.7492706564198,1402.193437496447
0.012612587371386276,1.8213731444632246,6917.089574956424,2025.5469279655406,211.39616887075167,2508.244796188452
0.00787591834515917,3.0227162100799805,17528.715939093243,1005.1357290781999,318.6447150977233,478.8678268293213
0.009981042129905391,4.98634770531318,13902.199435125818,1081.2584683317616,318.7648880817329,377.02716781740446
0.0076678599332910095,2.039672770666651,1589.0735696356755,840.8268500034336,134.46796497907636,1304.8698273481414
0.008000651288825445,0.7706907308421965,7894.461327929746,3157.180446952371,190.05408126161606,4303.378309631691
0.008096047324781995,0.9690808723936909,6868.733610180349,2018.221066924522,201.0220484459081,3009.399302203734
0.009930205128524034,2.973885870507613,4073.1417693940793,960.6081070718424,98.55629111266852,1534.3860801179176
0.00793584426511439,2.969992180215761,13929.070982731093,1057.7767271169712,311.48526345041,529.6319097189943
0.008013632989860908,2.988376556510384,13583.363828232264,1003.3946624350498,163.88468002897156,891.8517535630904
0.007980730317533278,1.5825239999450709,14707.91062447777,4007.000534786146,286.86855331062634,2177.4369135632023
0.0109135588390523,3.9727845349191693,14565.589900138395,2806.2692701116794,259.76970751027653,1264.06582757405
0.005768118566263278,2.0154238316016806,9690.439629292123,1486.4627645811224,217.23803673935723,1218.946805367855
0.012615898010257417,3.6417280868955944,6980.587680058688,2591.693337782723,252.1174549554454,1569.2050612319877
0.007982604156863998,3.0086198015783774,7053.974366838713,752.8757105422211,279.64803574122146,747.8693927702241
0.012639084818637106,3.665789803983673,6729.557159243943,1397.0424089099786,219.7601169087301,1335.8164958840127
0.007980677438068129,1.5583790682042307,12966.185246592977,4940.74262570552,259.5571900032365,3005.7842440786567
0.010639053728218242,1.0077591092436555,14853.944617238165,2050.9321091065876,277.0401671253755,2111.111932815665
0.012694746086011063,5.476977319403516,6826.007502116617,5270.056157011043,228.93494029798077,1992.7167070344408
0.00802936432584422,0.9988600526102434,13672.050010933854,1999.9127544565463,204.96512682315975,2773.2267483151486
0.010945339860385298,3.0343981572347927,13517.62669871475,1553.0610618626165,197.86730387537455,1297.8991438181051
0.009929149178788687,1.0017679191815045,13844.732050213093,619.9814621201192,100.41053946016983,2195.017658778579
0.015329547456908087,1.6533061473985557,5036.261956216593,2206.4502400575566,203.94723319995484,2916.421647788136
0.007972867641337969,0.7868123649892417,2897.1098389292497,2144.849605893374,208.39892286908818,3846.474426930601
0.00794181287158076,1.612672973872155,14659.260267929187,3945.50833704069,307.07442710713616,2082.2797205450215
0.00598003152306504,1.0056464814275816,3093.871268476016,2064.015535279093,82.25359163507683,4249.995541959631
0.008415241785724186,1.4014040278735738,5947.331600565803,1702.2300358268667,202.69923100097577,2549.119822680912
0.0054713304503564465,2.5070685843628144,9487.872867913726,4281.987192099432,280.87517707429674,1325.5733969983494
0.007806779663709179,2.9875341714034107,14777.009482090132,3066.418046481692,240.88427713562578,1511.149115680267
0.009856560718562531,1.0168102468768438,8100.98533458484,2008.7869122059194,99.61498086175337,4626.953760098449
0.010761782134716794,5.9129911251843135,11753.510437586854,995.0478757233576,279.8551892127845,444.15841436837167
0.007941403237451712,5.969483558193384,5004.245977838617,2482.159953195346,163.65814443876488,1057.9932037753429
0.009955831941446978,2.8968667890155495,15823.992330887342,4715.9724807356715,239.56242260027392,2719.6449759400193
0.009977834637161738,1.9931104673285345,8132.967589551975,905.8066515994577,190.2449454145651,1591.505951768537
0.007898312116990111,1.991898470965817,17588.00440100469,997.6634258290659,118.68041489493868,1335.5541891956764
0.010707740376763301,4.985390835421547,19969.6012635111,2020.2367504116464,264.04418133048574,936.0911873666205
0.005984678125714924,1.617511830897543,7033.0745549092935,2218.312570175987,274.11594557387804,1628.9810598461445
0.008126085436783875,3.02545330600122,17911.42715296635,1504.782251069077,265.75958546513743,868.8112238726363
0.008046333916851936,2.975707286613973,6864.473281924733,1991.1633312813235,152.8901083368304,1733.6088851826346
0.007861914291300339,6.004881617678313,7004.985785390883,2460.297301924822,186.33992711708703,1018.7601496476976
0.007892444023006701,1.7740722396774933,6982.3089222804365,6494.106285576252,255.6378565230051,2656.2206897997708
0.003845308618233623,1.5437876811201927,14485.60343895509,4007.5329351136193,227.5191684655256,2009.3157160115195
0.010252810210019217,3.8191797397982836,15984.605238274375,598.865028123762,131.00671903953372,693.9919460215215
0.01265875572561408,4.587269838560858,6966.137755994412,3882.815422855498,260.67445824136337,1691.004758928147
0.007904509764630923,0.9995870854289293,17712.690680323773,502.2409110784486,125.53312852248865,1370.188932617666
0.010012869008527474,1.001350256917951,6918.912686322483,522.5612487102143,103.13874248546198,2357.007092768883
0.010202822025903918,3.842938281708118,11568.99969098861,1511.6618507228814,269.7713643480457,809.4518867269616
0.007881219150352805,1.647070014249994,11860.445575391774,1838.2113421501956,293.1937239282528,1224.8182051960102
0.008078444513994958,1.5530806904921794,7969.119478007136,4960.729001282091,247.97516203460796,2507.1807927071773
0.0059898570484919885,1.0104445649491776,5049.863515300601,3344.9660649512466,93.22718432980568,4646.598305854109
0.009956227171832059,1.9935984049351754,9719.796900645932,609.3808590954498,94.51311654472015,1421.5392875582372
0.014040119689649914,0.9823345608131641,10894.453106575356,2028.9646166434186,245.46432540717007,3020.9573503823253
0.00797477751314619,1.5696311759530066,18109.267332832173,4928.687253205113,349.09764397773233,2116.4265897160512
0.009911743242889305,1.9665564177539228,17853.7392588419,632.6521928782486,158.80897746690192,1022.6600148638985
0.007775035385640191,7.183266941747437,17630.670036826676,1491.8601600155632,256.46054401475567,423.67554487368915
0.008070769734720458,1.7506795891465528,6956.430462480473,3863.2918954387565,253.78590832210432,2198.5976367220555
0.005972262820338999,0.5019500032049392,618.2782289216673,149.71765069566928,29.72242711296755,943.788585827854
0.010134218308495467,3.8180367191623428,17674.073829410336,605.2724638567784,130.94228102942145,692.2617673121164
0.010945693663343694,6.051583479295693,9771.567020855044,2094.09506819965,241.94077104971524,883.7841917880504
0.008064837870526786,2.4735909948379096,12925.76273714284,2693.8822717235876,224.68299742759476,1622.784658377645
0.0074314421668014875,3.7715906391108502,17607.441730943818,2920.342667179374,241.56571840723865,1271.8322825336868
0.010157231581817172,3.028189703617425,11926.915946591935,384.5274443818188,215.69367021682578,562.2650882839245
0.00801695332746664,3.429383515316883,17548.90139613513,1004.043729532393,252.93634768302027,596.0875192588903
0.012673544667071612,1.9776639928209698,5220.853064753912,1912.8932975921152,152.01090094440838,2908.1732228713868
0.010902693168451901,3.9755185276675573,14693.974691422125,2733.159820700009,282.87859880368245,1125.4564065293243
0.010768441400694374,1.0122137360185914,7766.076416502303,1513.6687027472801,240.9539778468438,2631.9098995768786
0.011506040235152167,2.006675383720277,7087.194064345212,4102.041037733284,224.2999924347134,2711.412938547112
0.007830502949015767,0.9886256500384305,13990.500875061342,514.2115996004454,69.53864405764291,1647.5010944375917
0.005753589766010431,1.9825228665484607,6841.565502080065,5064.742517667787,202.7824652720516,2638.8086974772823
0.007694032290106978,1.0104344633176614,9914.325125505671,493.9143551527988,115.00718237884732,1689.765752462186
0.007957349318126462,1.746217506708921,6863.757373533692,2608.9887889268475,262.7829389200784,1960.6633618078763
0.005742656908691904,1.9832805386445977,9940.638660264713,4774.869502356202,280.52739937584334,1663.4981168255504
0.007656658940694351,0.2516765811877205,15758.86322354835,1496.8947312117184,190.2462103022732,5011.819615447035
0.007892178527380537,3.4796412669638555,14714.350494893271,1005.864526345795,161.23831545716487,799.0494314784466
0.008042682529110017,1.5793247505114538,9858.013080943403,5060.006258638147,279.2076207691017,2096.5126272201187
0.007959882275748077,1.651863011538563,17833.61041451207,4695.944896277104,289.077691579922,2799.1650792021223
0.009911316774450498,1.9907822603068497,15880.955599323348,1858.1527102602704,147.31793259254727,2417.688524253255
0.013323424283758692,3.6413420659542575,6936.225856922674,2048.0269697660083,279.2465192155746,1275.6915134364222
0.007999794755524254,1.5906896599538383,9746.342653028763,1001.2107659013895,228.95173905355722,1499.5410616306542
0.008190818726645017,6.013295307168333,11916.767077474457,2782.1072562956624,320.63239780780447,489.77188619957104
0.0075741899813277615,5.930173895590565,6988.79804680586,1022.9969997893322,106.41800272821244,693.6695252749014
0.012802964230510017,1.8984688988039327,6912.950891788245,1324.1251171281278,201.166529637488,2218.4023197115107
0.009813804586712598,4.913833737198768,9759.285233886054,994.7588320714776,291.07728206310753,498.31381898042963
0.0099433248294821,1.2463931859414206,1073.3853659440385,220.61355873555206,43.965067882269935,1039.3674058476272
0.012628555909625036,3.6889318373495996,6907.492985340395,2048.929013407,201.51490466399468,1692.4731559506333
0.012887537600592892,0.959536450823587,1519.1234862545296,803.4934174735776,124.643056120578,3554.0808341076477
0.005720923845394419,0.9835803677481912,5863.628014782568,5017.54512246167,119.34193515528922,5278.414950400536
0.010625169741610858,4.96219282178906,7921.474078599519,994.9952054739949,179.48774731310834,874.4368942466027
0.009906374393991866,1.9871649323820775,2705.688002141611,345.76967479346354,60.07962584143778,1061.5490582464
0.00781141622077251,3.005782833178442,13986.559708774448,1005.4975595952159,183.36645264124215,838.144135152324
0.008099211445352196,1.6196307278134783,306.4103179703323,60.773181838491375,62.52737758076463,257.40807835639566
0.008036492100046838,0.9964882703518617,6901.034203161826,2013.1188170780154,207.8715490833985,2976.822828901214
0.01059540324229236,5.9018064243788375,13509.579797751323,500.40417125399375,237.8073492076725,331.3121077438347
0.009894475732579443,3.013931837603614,9954.61514897014,614.1485841862844,286.6445056072593,638.8624875574217
0.005823265651569182,3.012202542456027,5941.768671517991,5018.191664577208,223.4698710993799,1910.7770577344334
0.009898598086678208,3.1151320212814277,794.613765770103,674.0687689164,120.91895440745911,914.1821355744175
0.009906366342227255,0.9611520106387951,2250.3431810256748,282.8659301350674,41.280382017935075,1640.4954469387876
0.007940889840245479,0.7760413348150543,4957.144682445744,1607.8304731215474,250.6585385412295,3101.973164829182
0.010835750852814177,3.0838518770636965,19844.60206993147,1508.4783715606384,285.4541104399955,988.559214881444
0.005813183093972757,3.0076791534125857,19810.712886611273,3336.3012258235326,195.69005926049513,1745.7838459563216
0.00821117559560257,1.9996126746928222,16218.855751518458,744.5077825120335,245.88315932986774,803.899951010771
0.007885775189189422,2.0013266574692894,11798.592638571798,1494.1889404011652,216.01863239003603,1398.2969909427125
0.008118844869927224,3.6171528025362956,12022.651648233803,499.61806629431373,302.06810257877976,369.3101927695451
0.011427319317406889,1.7217687477790917,6979.654331923114,4063.961841263813,265.70378506991756,2388.3048824445946
0.010844121773776446,5.931356164805156,8004.505626159643,1009.8849082920026,241.25619722400302,601.7106463067155
0.005950022107883808,1.0065605236328754,713.7240080548518,151.45796149761048,106.8464776830245,538.7960480313392
0.010036984910928099,3.0190503707290066,17838.047984576373,1772.992942534022,267.3273892322701,1102.408926132312
0.01325799706941571,3.7416267754310386,3482.9928535746917,2033.0597069106202,205.4134687373808,1814.5186802704945
0.01290179292346397,0.95127811351446,2022.490991338928,201.9944951024809,48.380537295889226,1493.5738484143665
0.010818251095526182,0.9980231035700807,7025.444743089606,995.268985500359,139.47489089274254,3054.4847589048054
0.015035208020754013,2.35164546357421,6464.124630127337,2213.9877860655815,253.21076594004518,2003.6489900747933
0.009409373489773089,1.7165540932861232,7002.857907499129,2017.674638778993,212.3791176940785,2369.5341530775886
0.008049735884367042,2.029983302084282,6956.075951069849,1274.5922799335744,279.01197017142016,1348.3368354252946
0.014887266222169755,2.2486968633779325,6460.865814081197,2282.214880738855,234.9832675542144,2189.145631726537
0.010524031129254999,3.8842638247976504,17533.757605792223,658.1628107065018,122.21756254236152,731.2454495827242
0.008025998889314264,1.5837121404793975,15013.118909664821,3241.797746043179,288.11803355765585,1817.3461411725373
0.008010264021324109,1.0168359883913578,7053.159673661646,999.6110864704997,231.57560873280732,2258.0368920490664
0.008116843691034551,11.004131578387701,17453.168102447955,2044.659913025869,159.59955438314068,491.8592402322667
0.007910191144418759,0.9959842283058122,9690.202254034368,1981.0977070825218,135.4642013559286,3576.2434787009834
0.010571682169318088,5.987454400116618,6792.184902778796,506.0021571500474,257.91496542402643,413.9467870031
0.01001358008568307,0.9961747358712246,3010.5021170503383,1050.1926176323577,32.32997753417832,3961.7310918611092
0.00981994948710935,2.059644628854645,1115.3249484408148,655.3145449833079,139.34719181361433,1297.6392430806839
0.01000008249708442,2.9915145241503027,9742.595039195054,1260.464470816433,198.41828846401637,1222.9496975403567
0.005810825960287848,2.0339511790007583,14722.71572868654,3457.528899037729,239.98175296135463,1808.9404702323313
0.005788083764917584,2.9898812976856703,17262.580150309903,3346.7592040236445,323.6011384646194,963.2354940569973
0.008013020254717135,0.9976752677622704,13486.168052802754,1001.2347850027763,246.3589958624604,1602.1733219779364
0.008123952446338545,5.974735448103724,2923.4331109034433,1242.9889485006202,132.666826124917,758.4808987276356
0.0101345294036314,1.0071170387086106,9963.712428141442,342.5939467759556,105.86812145254557,1665.5152398175107
0.01279935202592405,0.968235860283178,1596.9796643045543,1181.8189386574875,145.06427989546808,3854.627912656902
0.008040462670299793,6.046662297188118,18125.568556489918,2030.4842099429757,339.75437432341585,377.96243954309807
0.008069019028552268,5.023030835469687,17587.76511266595,3199.306404079353,306.28061643580963,896.036951104362
0.007857856829267224,6.0548632599850425,6854.82220683573,1004.6165833175763,183.70646951308254,548.1447982006321
0.003839539791107576,1.014218965221338,3008.044616686137,2501.80330575883,65.26026788639857,3665.920484279717
0.01080333214100447,6.029202320660685,17850.066830047883,2046.103451139931,256.20415815176756,780.008855473964
0.003854052308514959,1.5165389418337734,5139.933678179144,3993.1535558988703,70.48511779266174,3276.6435192469794
0.00795939315646437,2.503663255298127,12624.445745424704,2721.362689687583,236.2921214899883,1503.9416071119729
0.008017553335533887,4.988339516809273,10146.499203929603,3999.474429251111,209.5297356928897,1417.3442591466257
0.009991093103205333,2.9991687358401737,9987.939582341889,1495.8801873515113,208.7806384890511,1353.016023708596
0.014026336834241286,0.9802125010989048,11102.045613645525,2068.491650328676,279.8993928094368,2553.855374115073
0.010114930870594398,0.9962724923957178,5995.451072196839,556.3918925070159,158.1572325155251,2341.2309098318406
0.012124009525463823,0.9604910580753004,294.6989400697831,296.2249851371773,58.43676776900294,1600.302384305586
0.006080409252214653,0.7944127300372245,17546.308489108964,4005.003439258245,309.24026658368615,2869.650877164557
0.0024144870614332017,0.07080885398839185,204.8776314702384,3033.3015933206757,26.28914280158171,8715.142241833728
0.009996959702550854,0.9974018092402542,13632.508468901027,1255.3351835295427,193.48161117208517,2443.734770289573
0.006063332027817203,0.7932003110376631,14899.343705547131,1598.9540967815017,278.2265398601106,1621.7892827332596
0.010009963132671159,1.1229282749194307,263.4525201730009,458.0582744843492,31.921924029663636,1567.5205148903663
0.01100239934923401,5.902258828904739,14688.00301361064,2193.0717325587766,272.56757042032916,764.5268473816096
0.009932281706624716,4.887930987770053,20077.989936669936,2884.8261714888504,348.4206167449556,849.8026298020036
0.0038055986921754614,0.7955639282345722,7959.899420587063,5025.721450778271,197.72198978505273,3715.9382968156515
0.013304497330616508,3.6484363200671694,14670.68449453571,2056.654703188407,292.42490365936465,1042.4042566333233
0.012701689475981959,3.6582293423542716,7036.572264046444,3872.9329871086675,275.16622371152386,1745.3234142292451
0.007854418339442091,6.031906814925478,6802.536990105313,1971.3844438299204,274.9702432594967,603.5414565771807
0.00798405138909395,1.585823973419705,14928.626500032842,2683.8916793093604,189.31306728995068,2691.023629089872
0.010086068009456016,3.0864817435019547,3659.796307053384,511.80420660109854,133.21023331242233,933.5753215989358
0.015257531164419734,5.925023692160756,17423.54505604355,1543.2357838969863,284.3762212928312,730.0612758807224
0.008078042951253148,3.935325037388095,1971.1881218525068,1984.1290244173313,112.35808444353904,1361.7051748777901
0.00550829778562983,2.49057450254193,9456.38649350981,6983.590198065354,281.9973711795892,1992.3848873094355
0.010412376794804005,3.761756661558876,19465.562336459003,1502.900928062068,292.1827209546696,735.7434505198714
0.008044714368918333,1.575985041703421,7881.478436932469,3147.790046956959,255.75213034744988,2172.3911612873303
0.008140936974518946,3.6515417755854367,6957.075225946306,1246.7430736102144,277.9876509875771,750.025968011188
0.00997796695085228,1.5304039951303055,8734.401489873111,1838.2988390065514,131.32324294784448,3015.4859172570896
0.012836971217101268,1.911998884871704,6925.993919267866,5493.667483486187,271.04421435636056,2500.9242492298667
0.00815145104605203,10.854682216535592,17759.08012436934,1016.2020101338967,178.35495254178215,271.16718606151966
0.009339096768533919,3.0863465324829717,17653.764212294107,4228.695056626287,297.43988539473804,1874.3372837000209
0.008032115319534128,3.0022552858957527,9763.05535434213,3959.214508899892,256.45672677955235,1611.0134377018453
0.01393751381243092,1.2757458503389796,8602.66007132703,1610.1505079856765,271.38764918084763,2126.1361839251867
0.00999973065429587,1.4866660019322626,2650.3877683839914,411.30351332397,73.12661833279195,1519.2765802837112
0.013488458969631061,2.771084815628225,2946.596168389426,957.3646746789851,54.904541711227,2053.0034029766107
0.008035804442663707,1.5663584361087355,4849.1263003812455,4041.6605710017484,190.576996041298,3286.9971566824934
0.008049126330114967,0.7943988314649456,7944.228620589086,3205.9026324012693,202.8892886715543,3901.8157653065996
0.007891568735307372,1.0140582847717665,13711.657925725913,1993.6874868450095,101.55200954253161,3987.303482008175
0.014385909319765484,5.964769965176598,15737.135388376784,1645.56396907958,260.14805296374146,794.0621558681702
0.010905824898101832,3.965707805853428,17653.486373141288,1998.1733772165508,322.27927629430485,756.7080928619498
0.009342862576961665,1.2286341246071553,133.51454387739435,162.1538243212165,69.93464917325316,641.1233389064543
0.006113431869139593,0.783354572218553,9911.790017046142,2717.7291290510907,279.9342172394126,2164.209038320099
0.007978315724335144,3.9649308902405287,10021.780833161496,6051.714451150883,299.23769547026603,1496.4320433936464
0.008099259397464474,1.002340023983168,17992.01493601821,2016.7837902344875,288.0016567201315,1974.4588161525526
0.008154170044419927,2.3953264513805137,14717.307030653896,3173.3521163461783,325.1788651682354,1030.942339136001
0.00801080448098212,2.000144716668265,7768.276205338412,1434.8992540841652,161.85575004506023,1885.3436872722802
0.009454133366332527,3.050247203620172,6711.359442787469,2753.0345515117674,229.68489563854888,1758.8948542784435
0.009920294100704647,4.91081246883613,13957.439535241872,2773.3498329688373,315.1133075815333,686.6956550127112
0.009942929874728506,1.9894173420991095,4096.02609176101,2336.138096994503,45.463719126826085,3805.8492407548847
0.006052641018257723,1.003823228157181,2052.9536055133344,1281.7126514504796,56.60709086427685,3324.9470067038906
0.008062974268721365,0.7940935785105047,4914.602227235729,2229.431556882618,119.09521988111256,4647.108313774615
0.010761863885480744,0.9910231983509091,11721.65874752289,1528.488045032201,134.87416485851725,3656.2735108290963
0.007700830273013565,2.078970308433718,813.847540319846,1246.764647961415,127.34024567407731,1364.4332273902378
0.015249827946777716,1.6083963927287135,5098.518456401241,2879.4876892595325,259.3992082852503,1887.0994278181877
0.007979675624451898,2.9527522399472406,13702.336795884907,1483.7924536064227,278.48637519056166,772.1207615410989
0.01002952614389285,2.0172627193090755,13975.72442219457,2331.0084184599127,125.63751947718504,3015.838375111444
0.010072004877163056,4.937716000930265,16187.593531120654,5825.944910698182,328.21325597767503,1515.9775316760738
0.0060140666479199575,1.0146913270752973,3084.5043275167973,642.3709302129519,91.04447604869799,2119.150091877265
0.009997125049222311,1.4720321529974474,3160.09226490034,654.3836282109066,101.52170687521055,2051.1174900553115
0.01000086721761553,0.9661724177886702,2014.3280124838411,284.99003160349235,41.93307015447191,1632.0291066143488
0.010298103966620259,3.8708960434799167,17666.911421027955,1285.7317369098998,239.4073896537328,809.2580805870441
0.009963739715212652,2.010080330825301,11592.48899903836,896.4677821872106,195.69676106522735,1323.2441811006502
0.010038639893562533,2.0007873457839978,9808.65460592534,2457.320834563156,159.67634573910033,2622.877145818367
0.0078540409679562,0.9957730515100839,3061.506284444723,1955.9798749062618,77.36207412116214,4607.01188015931
0.009996659723982643,1.043249307063769,1129.9212543656713,258.6267325736336,142.3147782882876,1186.9364423941784
0.00573233812264422,3.029020435002248,8081.1223951692355,5037.343025776174,116.67260434924037,2439.2429389626136
0.010655745156678234,6.054451107295451,6836.89286778994,494.1429353506372,158.82775199058213,515.992627914664
0.0051046179466860174,2.596347628623525,17548.930821707214,2986.6541124286287,150.21785580696422,1722.8258787080551
0.013339543640080368,3.6950438091074935,5146.531272749779,2057.523195031593,202.6777028431861,1832.3602540865377
0.008146654085410671,3.4148731447813416,14488.289980540621,1010.9624421200698,312.27709476374457,437.1484506913584
0.010459549795418457,3.7775986762503937,17714.630490106716,2858.2028983270484,296.9614656491851,1199.5005241159556
0.0060810173877203335,0.9991325286227001,3032.4534035796623,655.5947184630762,62.96404966007322,2243.6738671257554
0.00807131812798871,3.466879500747286,4934.596923214767,1991.4873208079064,188.9332918649707,1390.1398164320397
0.01016071429115538,2.975422907466977,17620.650161654747,3230.472230904531,253.58999275371676,1934.4320870442314
0.006124330258600028,0.9100524452455062,10373.631619734693,4009.10599764141,95.00701390745176,6122.8121873650925
0.010113981537648052,2.0213811178014853,3020.8621496672154,1272.0575031386745,39.964194626125405,2748.490868624458
0.012760147904697426,1.919843949881821,10367.399915196927,5559.2652873066945,239.09805545792918,3738.397669891652
0.010771338780489758,4.0067192521693205,7970.706917135571,1029.1969966295746,277.1759954293738,750.3247153387334
0.013289452344784194,3.715150911616954,3469.4565318636865,2004.5614523544443,222.3910341959367,1634.5198144667902
0.010070920596915733,1.9657599936736636,9754.818649360954,3103.917378157192,221.13670175072397,2343.3812261799885
0.007951663651646203,1.7362463002809132,6947.091293698292,2536.062091303599,261.322370920446,2009.0709996581732
0.013520205924897064,3.708296753605242,5099.701892401971,2037.6109555859766,221.9077770392693,1704.1159628727387
0.015049868771969161,2.361814244929478,5138.4129999355455,2261.242928890573,189.6934217083181,2565.043087850332
0.00796185204042557,1.9918956965876244,11879.329573088076,502.72192679159855,221.26434232125618,791.3651117413874
0.005811433496593549,3.99157135842278,15636.101192154785,3317.8773955744764,279.92958319474036,898.688622713476
0.009989966781783207,5.025947386404371,11668.924331315418,1606.1096175000248,301.109082635192,526.0875654368664
0.010037920886253457,3.04201839582918,17954.906790964586,1223.9812022454107,256.95221071085336,848.32661888886
0.008025357588173097,1.0076679992596478,17529.321343665135,1486.5734801671776,286.18423188305263,1646.0294047103882
0.006152977779133957,0.9166546627664726,10445.178006789352,2671.4156956248335,119.98478967545894,4176.11985349901
0.01284796353218486,1.9081891173062704,10546.329545624676,2743.7445514746105,190.90784478089302,2885.1288174640545
0.009613954423583431,2.4144148779065127,119.69918922006438,120.19262607278206,72.27341775363072,315.9549235919658
0.005778858943763082,5.972461771997646,14744.791672442316,5023.969845986617,237.40618627243916,1139.3420168118944
0.007911291591700757,2.2061944613107585,9749.722492977959,4042.956230471655,228.6165248553666,2132.739929229803
0.00808029757577683,1.0176733392660915,13613.007495230418,499.6209968188458,272.77069413017733,1038.9667107312678
0.007951742386562826,5.095141784842632,17639.04736063769,2684.677317081576,319.7621557545763,673.2105497186406
0.009907841406838359,1.0035283325255009,8852.175916973347,1182.2068563578798,100.2334654896451,3546.5222990375655
0.009480552677570987,1.8399108806430624,8229.903119471057,677.7178070254122,91.53169688669547,1647.8753610278704
0.005054312055294787,2.6266263223659365,9717.959345059733,1988.0193335854794,170.4327702002512,1215.4732946313623
0.009350898565149696,1.8433049264196826,11066.105216547725,678.3965829359174,202.30650016311392,1199.0023333213874
0.008020283061190866,4.043085122442239,15441.752140704972,3346.13331611064,276.80467914114223,1152.7895975644637
0.01460817469956845,6.022178283320812,15807.102827778486,1535.8011512692735,306.69193938734554,618.9568553915527
0.005789269442476666,2.0248852267911883,17816.142415145303,1497.0619170415214,78.04280779220278,1684.921561555379
0.006369729362861027,0.9199557404945878,7064.319571068564,2623.495504476833,216.50446297546128,3039.3401979478776
0.010242049021769046,0.9945397194557188,9964.406109368745,2480.7019194763484,137.0746744399894,4693.134988007178
0.005952902129891891,6.137431315904175,17494.914589819615,1497.8633621044733,135.94467091800135,599.6751988946772
0.0121247284062023,1.0000144865644864,700.5727611192752,60.87860031818858,28.036796579347676,647.5198429416146
0.005746936846843897,6.0032383527063855,5861.576496125832,1506.7537484370553,200.4016493053976,566.1873204574408
0.010045103572925337,1.9835980205769406,13847.192807449683,1212.729805256679,177.04966659548168,1507.8508409474168
0.009892275140138412,0.9907522401225517,15771.297215060102,1102.6873644382795,121.58749412004843,3029.4553600930703
0.013025986586797525,1.7869889300031554,2685.9953342208864,216.49709477170828,32.95828042224152,1038.0995375596715
0.00920202936080307,0.5976032846113969,120.46474428721409,116.76622891931105,70.05057361003418,838.2111397914144
0.008081924605964696,5.061886551537437,2023.3323326895475,1268.4244431796683,113.66903077714908,849.3074299325318
0.00800736102097647,2.5349657996750197,4876.117115485335,985.4454838912801,196.50919712879826,1282.3569134653956
0.009855763996339627,1.998623903634548,13853.027531738862,2537.9841016169985,125.79707154469479,3166.526598523652
0.012864277426878958,1.941473681986568,5255.377313669824,1907.7311895524676,181.1669509107502,2755.3256410254785
0.008144193554505286,2.5417646969225984,17962.47187846772,1587.318620994527,261.5075234867728,1037.4846689487608
0.00800373334120597,5.047824067193933,9855.241065047692,2686.323403240947,228.29324777198588,991.9381396474074
0.0077634159147656236,5.983569808918076,13933.23585161467,1985.895066140344,117.33511969013416,935.9880127902259
0.009874071912264049,2.99272454076924,5037.9636209256805,277.17322337335713,99.1977712348217,586.670015734554
0.008046724912752838,0.9997014546363285,9943.788159249903,981.459363086927,287.14677254433974,1624.196959713405
0.00795107288514208,0.7930454762730336,7830.232740386401,1006.004659248343,75.3793081310397,3408.844598763318
0.008032816819832788,5.041836382227247,12565.839275954153,2757.219013530775,248.60110247807438,867.3919246373835
0.007393047190798227,3.749385890359608,9822.818969883663,2509.422470306986,202.02912674706,1264.427664811561
0.008009314191075286,6.10874961387401,9740.97945292474,509.45475996398983,110.85347669119177,392.88647633743454
0.005843760005021094,3.885311297831759,15521.226034942769,3306.226144263276,177.76926660335522,1341.9753194847158
0.007902147439520788,1.5483332708682078,4928.799695621883,2155.076926859949,152.67595615239034,3024.4540523165174
0.01303075354677963,1.5148822784411577,1073.4886332689873,562.2052477844992,36.57691372819291,2193.3238977402325
0.009889485203906288,1.9869756894667703,17864.51472378334,2207.5737674277098,150.1958040975685,2765.6955139204297
0.0058634097550834,6.108068101900504,14968.634814205217,3338.6481888768567,312.2718792668871,554.9331570296984
0.009879851935811064,1.9905401122057589,15637.491731302453,622.9562814956533,194.03072238277323,979.8640514877156
0.01280874181418971,0.9241168825863265,10263.769756465768,1945.1925053859993,254.58562774277993,2641.4482215875564
0.007677690956273671,6.037333530103167,9933.96498270255,993.5172618294785,269.3805212859157,390.34270544265905
0.010108379584950823,2.498980090144083,2379.7562681521604,206.93491545896904,41.040027637917504,582.4733697015304
0.00932744641726803,1.2139363672405281,190.70893125678222,298.88431791439666,35.265842213930895,1057.2153463126797
0.00810869281722738,3.9859744107744026,7021.334001174796,1496.7365747494937,273.6411645082895,730.2277984517838
0.007959691821738307,0.7803382284356681,4908.052291599443,1624.9815906681988,131.8038707394381,4117.525069340842
0.010387999851719832,3.788884691986165,15403.494703825958,610.203537935205,139.23725970771724,685.739223781515
0.008016059939182548,0.9968588248758502,13967.272922225326,1007.8432248607096,252.80580217406143,1539.0714764185866
0.006211238175183073,0.7843199132861218,12846.066672591345,1594.765782180907,281.29120309502485,1695.9416055470394
0.0060075558286768185,1.0167018783906216,3050.8278446828517,1788.8249169826129,55.899913127909315,4175.294407719156
0.01010368869204382,2.9727703772788887,12006.958560421703,4503.449071963202,305.8479031810425,1468.0085009182744
0.006075907749133852,0.78799193197938,7830.477676052703,1591.8614152167586,277.52174327469504,2291.0358798532725
0.00767097017652816,2.6120672982896496,14678.49331264582,2849.2830621643766,318.7505012130413,837.0633100833456
0.007888914029341498,5.897357669938895,14606.479903429587,2027.2257734590123,280.6621224440518,525.3379326799477
0.0023922818629509503,0.49449887877982657,5071.723801033121,1367.5257966548863,49.18831457716153,3366.225941020511
0.004801556260553319,0.3876988000140284,438.40368698164394,298.85620617241466,118.19694622198848,1391.8057927798816
0.01006411352315621,0.9985250215728886,7023.57450558991,789.1787256246557,118.69225611680405,2805.914978780934
0.005795660777160406,3.050468752805161,13745.418763707672,3263.6483069551155,297.1675082151815,879.2972348416033
0.007951548651789809,0.7630730354781712,9814.463701497116,1011.9554683023596,248.17986266998693,2033.329267104895
0.008038439969585932,5.035981957743703,12620.646947638397,4039.836924990218,316.99705885325704,821.5102439904713
0.010691064770274698,2.9090476036633692,6904.331020227751,998.902474533092,179.63920280328213,1385.58553879686
0.007388323212390823,3.7868753752484507,9829.551465329374,2000.3669826705884,161.1570550610939,1238.7079878486727
0.007705613946835338,6.089744033249354,13422.634515221805,3986.630093909489,207.34183901171468,1292.4615034724654
0.007982909243189638,2.014922300750871,13660.532618142093,1985.9937921634175,200.72948067199718,1728.1126403793826
0.005860998845762733,4.9575703530955755,17856.494129891835,3367.60836020231,178.1301143986879,1222.5310796743852
0.007965269379019967,1.665816845632319,13701.001315895122,1258.6894676820457,283.82978626942804,1063.4049693602185
0.010087450929684905,2.0383853882014082,13648.944109506752,1052.0469526889933,196.44561891372658,1311.5560711956073
0.007715101138438289,2.074449873639747,2686.1567838846963,476.3702304344639,98.7926626178349,1010.8103669338931
0.008156630091623382,5.412351316650342,13729.287559743669,1033.686119392418,250.3188317440331,447.2803256305297
0.012620054507272585,3.708217453930882,6914.030157752052,1325.027962907864,266.74951991784894,1086.6357417208544
0.008188523133033218,3.053567053924526,15997.275277897057,746.0485531820343,249.33788773307163,571.873910431418
0.010926296085424775,1.007061761199829,15539.582101612621,1963.9204437199292,301.04074171183305,1915.9158990491233
0.00787124636484938,1.0112092876061987,9873.50071512537,978.5589352541042,184.77895384896337,2139.3651122934943
0.005771828272357537,3.979387941618906,10017.05979750895,3356.972821127032,95.95343759436406,1589.2766135803415
0.007995762726895094,0.782059929014207,7891.7957127926875,1618.2360275868655,190.87363469483728,3150.263878318313
0.007999894287975307,5.9807892672795635,6885.571097342961,2030.8387168682927,189.29287659664357,860.1565508141177
0.010082021997788994,1.9776978268055039,13817.409703323992,2264.6227514182197,124.95963853524658,2900.2336680935186
0.008042476953199158,1.008836237441262,13656.547514537626,999.8210441638414,238.2865354820051,1635.3041675810782
0.007718270502338241,1.0878911061187666,11690.020267011176,994.0174144637527,148.26465580987957,2011.8298424305133
0.010054440048866888,2.036651116355091,9960.216690364892,717.9902882578224,101.85184579999145,1528.9153186459932
0.00785408852054257,6.081705336026459,17357.994039256533,507.1631695091543,107.54068160910093,349.98880429716644
0.009442170802255234,1.21139720177845,136.09031388995214,161.68240801833346,75.32555332906026,630.3313209258016
0.007799247001250506,5.944301613551687,13814.779953159356,1995.0393387440151,165.40055384762806,784.4528514234613
0.008096678843763853,5.400813050534726,11832.298055138948,1016.497570791977,240.37153232202408,468.9909321369687
0.01076624851885636,2.98887621049544,6817.315806184191,990.0546787987819,256.8266542945662,1111.5141398592225
0.010033972598765787,1.0000351150534785,3013.9609815132962,592.3095055421086,50.88453976279141,2974.005495857302
0.00800486223627808,6.003938331444954,13668.984534533416,1969.0848387225208,58.35565957354395,1089.9782585891496
0.01418257879805921,1.5237836065405266,11044.109365470611,1996.4841292537976,298.03731923315115,1609.4752062678158
0.007934269681239144,1.989080334194103,7912.317197002105,1456.9762100219718,178.61053022941422,1826.7294531659015
0.009913630884159821,1.9909934629722474,7050.459917577083,3097.062583289429,146.69975782225353,3025.6062937491456
0.005819725915680742,1.9799660109707442,14913.337373723221,3366.068210059454,257.88312354251264,1654.9722034807246
0.010103513341862689,1.994481943958137,16124.830845293698,820.4638739905643,127.9749086846541,1386.9488162272987
0.007935554525148466,1.0083603871089508,13615.492528679673,499.7614971522007,120.51589561353575,1515.091654117065
0.007830726178609035,1.6598891350663285,9775.716023963161,3482.2434895418655,290.8630563367151,1715.4649588612374
0.010537911001694338,3.8583213694659206,11766.884361285576,2413.0256278016896,185.0536380889815,1550.3350997330122
0.005725538394478529,1.0068119272057343,12012.475108398232,1497.150763500669,300.979381216245,1357.5194076754408
0.013234715699631326,1.750059711401281,3473.555287435414,690.1571156812478,46.1838006970002,2549.8965378325283
0.005893668234345092,0.9836446166398674,14860.075258400968,1508.2412878943776,318.81115000371506,1095.3587431606254
0.006048468525621115,0.7968723378456142,14535.10826486291,1585.858822032268,221.61827740307172,2164.9332267835107
0.0039429456012100685,2.072058314384566,3580.8210779580777,922.7487989960525,60.74764037515161,1095.6250246403317
0.005742690848789669,2.033520005562642,17747.19721319172,5031.524621927847,285.51827691901167,2317.905753019567
0.005879720742265944,0.9915073272590845,715.4801700232226,199.18772991013932,27.161906393403587,689.0691876388776
0.00986228827945784,3.148377942746022,2867.533629626524,466.8605470045995,123.32309395781935,857.2879054523424
0.008230313634477513,2.0102152597077994,14137.011685930736,2493.1785980968434,238.1975665909574,1790.072533602766
0.00800428994990609,10.919705977304279,17786.08524025888,997.0495297635578,260.9406314646038,192.24238018061857
0.007849624995952433,3.023408412588114,13445.799833047717,3954.2653907781187,269.2207975787559,1513.2865398644992
0.00988793577087019,2.0065999915492747,12224.03224364545,1347.9891855114709,120.7512013029686,2063.7256429179893
0.00784514570461026,6.020893508651785,13848.695139494635,2095.5200763109383,301.80156512228484,458.41354403810715
0.007763876625759812,5.936765144373684,13718.271570633353,3938.671647359424,224.1075115350804,1226.0396281366366
0.012918507891999872,1.9234129597963256,5210.529910553548,3754.327743833075,225.35733077226413,2826.4753548165645
0.006009445175523899,0.797301506674413,9936.128189399205,3154.21254157855,267.1113360584319,2370.11886869388
0.01017196386984517,1.752292919736535,2998.262433536239,295.87838527822214,59.96804587500718,1031.749236176533
0.009184505867037465,1.8379974256300853,114.62308415196652,91.91966731864039,79.52691600775913,336.45120721594986
0.009851787783579098,1.998803311491903,8958.305756675512,1349.0887231541878,152.1205774550894,2026.3526596886552
0.007026415688783797,0.5624237412762363,3313.6238491607787,3400.8024833875393,205.58918604588052,5134.513345850256
0.007999317004928706,11.000487461464608,17929.062093095832,2044.0029753019116,263.57481549814116,358.9593656550302
0.005836074939219651,5.0526398023736645,9626.309370133908,3295.7668855135717,119.79126800547277,1259.939972064471
0.008053330658384383,0.7898350056387498,4881.987367316983,994.034336761482,225.92474162808566,2896.0884006386395
0.01005052987624226,1.9857598300555606,13798.670492172821,539.2391349068928,197.34063579419447,921.2269401782551
0.007896294827242705,2.9654227564110616,17631.636556806534,500.8659003396756,203.78516810103872,489.84264621042433
0.008018051751448676,0.7797585680647653,7831.419431071139,1015.9927843729963,261.7198689088785,2318.3957446374698
0.010028761702355829,1.980646246941071,1838.527921661917,373.5259716019952,73.98982073927233,1090.6132510251516
0.011109825815450313,6.0624047994151065,9942.15979425527,1606.5652511389346,280.6591117656915,574.4281249398043
0.005917467121632222,4.001867137204107,14583.847175466579,3222.480498913527,115.02202813121134,1578.0609701513351
0.007897376854005085,5.999719800173922,13599.335676861394,1012.9972898728684,250.34722696083128,376.0300824225836
0.00808441026858748,0.7785724755186405,10021.063711396215,998.4807947341633,271.9101044167623,1937.82261453865
0.008109733494539539,2.974014652575749,6820.329739264363,3994.2876095500583,116.1186052416664,2699.261333327139
0.01313419734217562,1.770476239092673,2669.19566002799,1006.2858541483224,51.8981103028316,3027.488149677718
0.008123053446737798,1.5931288836815756,12987.491360645787,4002.754526395606,282.99306661597205,2157.980234432919
0.00796984412363449,1.5619625410523763,7823.9916224186045,1014.276707045212,280.7025913139466,1409.1272564555254
0.010004765639027387,2.0103897257598113,8016.4990773568625,4278.674617546882,215.27768450150742,2771.1612260605166
0.006210398470099835,0.894569639097563,10467.64441269071,5357.8820485449805,207.6254124129572,4890.40566531346
0.012722206151809157,3.674668984400213,6903.041784783451,2593.9977325270647,257.5288939979556,1531.1282443248551
0.01407018584633784,1.545651058397023,11023.76057386817,1022.4207643160833,304.8803616624134,1404.6212972613037
0.010045810606089068,0.5997162520198619,1494.5316247117485,1321.8230903515691,100.91116122782061,4985.269382643998
0.0079631718710834,6.090836237625387,13699.187839585082,979.0776727412351,239.0420535949477,402.38630564477126
0.010520525270263665,3.8621402035847945,19632.562798672716,2006.7296803534614,329.9461787754467,791.3353343144172
0.009838323276242436,0.9634704900571542,722.2613083397164,456.17238916009603,60.09575654338601,1988.981157432193
0.008073082132180187,2.0217256201802902,16184.485955470751,5028.707579507232,341.6861959830729,1802.6573031932992
0.009987595311549984,2.029620046612632,9775.44965587339,898.6931950109658,113.8424665993608,1721.3334541288325
0.009966859737906559,2.029635231064578,5141.818570600136,550.020354904863,78.76346306855196,1473.8319251308576
0.007645223015031608,2.60066829025192,14742.68985752141,5468.436839772994,298.25561555201523,2016.2365510996462
0.007986110501470856,1.0045154845454518,9984.1651676444,1929.3540317778004,194.4412826212735,2811.560428525562
0.011521530141005048,1.3378421943909986,6928.792809821303,2025.3471761493279,251.78293959659564,2505.9304003189345
0.008014068097319348,1.5591178180900611,9749.417613284311,1607.4872396066103,213.17370621325747,1867.4592479098849
0.00997497440191972,3.1083290566881256,451.193817383394,288.2783097758938,77.83331181736673,565.7794773318428
0.013391467928822417,3.6643586899492973,18547.492772664722,2044.445979751909,327.9398982328005,943.626113141311
0.007710036343473686,5.999885018983768,9761.094016544112,1013.1376846057275,297.71347434891294,343.63775704087055
0.0038530718804887145,0.7977491198317617,7766.339675293693,5018.858062778925,246.2050497336231,3076.086645658029
0.008074220808036757,3.676222291152627,11888.78945762415,764.3694055060402,311.01338952934617,413.93935710050704
0.008122925641535873,3.976412257024844,15693.895155249085,3359.473547355829,307.0764853631721,1004.0673641404788
0.015056682595937319,6.050369042814641,11736.19389888216,1749.3511005971266,300.89043386601685,686.8712082872146
0.007968639573514496,6.094971694532784,6811.905132698685,4048.6750084036485,259.3064277815512,1040.158220743121
0.0060739958704873935,0.7937216785286573,12533.956532347904,1608.64374047788,312.68041171830527,1409.5778608353942
0.005675816396560688,2.0291513817890325,7883.927981181751,4970.712060623212,98.9327235993359,3491.7889434835756
0.009910596326535537,2.012082625828461,13774.847312536029,1119.4172818696368,112.40775598887478,1799.8680933596258
0.00993962717944524,4.991507970727953,17760.88852658301,2888.818471820461,334.2328903199561,780.283639335576
0.007628552418940687,5.942147850644697,10255.91961270147,1988.913790070052,99.22442251239158,945.3742203559897
0.008317261335925813,5.338190797986386,15815.018895879195,2002.1446247774784,183.9993376566671,915.7117422132669
0.010019952454875096,1.4959110373616382,9082.478760074124,772.2089408946138,89.28294825393623,2117.1407170924294
0.007837636543208739,0.998069554949591,6990.35199328228,2019.4246429968994,141.95134607876642,3581.796379973503
0.01110405600657251,0.9952278017787596,14623.89657437848,964.8088286805513,116.87411321959155,2960.1503837762725
0.007932959532242769,0.5002948640761782,7846.897096462592,985.6599324562507,176.30913759445303,3662.163635296161
0.008127714736572868,0.40124772199982467,2460.618083076392,5132.70738979747,37.67409661207968,11352.602970877346
0.009840897644744207,1.507144732418469,5912.016071155974,664.91858169286,98.45153175512979,2096.6104136377407
0.003934194365616756,2.0463711888544576,1307.0842639753976,1251.1011440290108,57.87737748370892,1111.966597283502
0.010056786287750585,1.749087767281158,2679.5174695646656,309.4436079235959,58.769981917463184,1073.8368942462275
0.010939414117259978,0.9962529908976654,11661.557275198922,955.1159519431496,221.96373059502346,2074.9643187641004
0.008069142446194916,1.639696811236893,5913.245021868028,2246.6610698649333,182.92602597671595,2660.879399421207
0.003917781176077765,1.0078139463157534,3036.742154261122,2424.184588720806,68.05539362410279,3578.80909321139
0.01005308091038823,0.9962079743908214,15992.744904614086,425.3261901244939,97.57070539359486,1664.236688148368
0.009439085985292158,1.7299809099195873,6882.870031232214,2008.113596197682,273.0732482392391,1967.1926236417669
0.014918556015516317,5.308635186807021,4050.344383097118,666.6521353777698,185.57535532663903,879.0222592633488
0.005784085529157611,2.962645797431486,18072.953783474208,3349.8221424676635,340.6746885043088,798.0686213829463
0.00797452302744198,1.5624506974218408,2862.614296680623,2244.685647559763,218.87697124607962,2360.0436316241103
0.010182853894533547,3.005573941598364,15853.764112849778,1091.5587537036736,315.38746609381883,552.7061163941847
0.010093381837525684,3.0355588406195904,19357.657170049162,1097.0023610368416,343.16150220180623,489.8399224903204
0.010158666255584927,4.96635039854176,6818.91624531612,2631.6800400301827,215.3498898010657,1307.5081861978254
0.00989805162187359,2.0120854855597448,8909.275032853155,1426.0812954327273,159.2605810483325,2001.0351467833275
0.009893258355743631,0.5969012611801714,1133.5876472443663,472.907380613199,57.381042424142755,3432.2540721081587
0.007749559782408928,3.1439103136579236,2943.0908956652634,387.4267762195145,100.32445828337183,635.7156759218993
0.006044876988328297,0.7862146505527979,7777.944771371082,2699.079221657218,284.50479789002225,2298.6909980619635
0.008228253415539791,4.038458029074204,3030.8370097070515,2995.5283339187804,223.8105760504987,1210.4460517135572
0.014565643822329798,3.9800274250030188,4995.990591193885,2290.0434261806845,190.09278949987424,1954.483071546009
0.009272704069854629,3.0558627574777337,11364.925746550376,2019.850044392224,258.4677334172687,1111.4808948669588
0.008117860809976176,1.0010060544247585,6900.0897832840155,1005.0663184826657,182.56755883827975,2553.6025382782054
0.005858959531499778,6.050473083983204,14688.874439574083,5044.557165719732,177.80853748239062,1381.2584118984664
0.010658386638113833,5.973594398047846,5884.155241847704,1000.4284663817691,178.48321504169343,816.2886769235998
0.007930851684937032,2.0126529803610564,13577.001671663438,1992.0230434041837,258.81728480988517,1303.7529469421302
0.012903745861689835,1.9494277032520195,10244.878990523739,2739.7287766746767,232.16407394593065,2343.803971856966
0.009971992491917733,2.98071547878442,10008.903120662762,920.607503656868,205.79742722013043,1012.0719832188014
0.010001232013080976,0.999454163503824,11768.408801978267,944.4903705006516,122.08291153767122,2761.112670181895
0.006160513608004753,1.8317559590038228,6982.78140026105,1341.897062811904,241.61660791254488,1427.073958176813
0.007975205220999615,2.987112418131375,6785.706832233979,491.8600553173844,148.09640538944916,773.1710376874777
0.007874804676768805,0.7786787127161998,9735.007812236021,3984.52526159675,242.84826317430304,3629.7356505396915
0.003949402003080626,1.5121393456232342,5160.301056944445,1439.073188931097,77.86646269009957,1872.5957007157326
0.005804143330414758,2.0245460434936033,11862.711735334105,4960.829274209383,218.90712846749477,2418.182870536727
0.006280869518199589,2.7083932760493843,6910.6605791727125,2689.436356562768,264.6542559169268,1191.7998669174103
0.0078644048749141,3.0251495388023715,9815.940290677765,2020.2190726261972,117.42265270342317,1669.55888249616
0.008028196581214045,2.98096698623326,13681.996959098376,1994.3841348863318,163.28459980069414,1453.63486390593
0.014017704937601334,0.9895900645987644,11156.472558217009,2731.9841370727827,283.1044814415752,2613.0633081248143
0.009882496135172458,0.9890422595524948,14286.725526207083,2155.9638583309015,206.44379069949449,3368.678899165476
0.007896826598574372,6.0358877619427895,13816.63918523158,1013.4496450221269,93.48509675669646,610.7771559460308
0.00987503778722096,4.991656466963228,11979.279209060822,1054.8334923446023,219.9920302373393,634.4425607846815
0.015134254901177807,3.9610233557131727,4983.1305680704845,1150.6288900460688,244.2871642540014,1182.8209219444543
0.015061306202192534,6.005384982571548,11704.63984915121,526.4330531462574,196.08135372058507,522.9215309229597
0.0104467095441725,1.8091578048117558,13653.718208949,671.3699828204984,301.7329725401427,772.9103296510033
0.013288307934038226,1.4935872638965693,2956.2981840090847,919.9705221316021,45.46910475755639,3331.202054322685
0.012962654730032169,2.486623830860669,1817.1236038399622,939.0146056284847,50.12714224457265,2041.4889884581478
0.006032991218320396,0.7902025605181497,7691.466881025633,2217.7297133877014,227.05572499555947,2886.798963202624
0.008086653836694883,1.0029086057914849,9919.933566630632,988.93670690817,308.0388252988619,1483.466957658485
0.008240592087305355,5.349486175618037,19564.062356657334,2017.3650539113473,353.8150969444081,443.98509643566445
0.00796402383663414,0.23971784581691058,1007.0550345480647,5056.842515379718,116.77687750709492,7970.6571490466395
0.009970509128071297,3.031962499469442,17978.257724254396,563.7280366003782,251.81419030312466,523.3692973276267
0.01006044639420485,0.9999334013309571,1192.401293336392,613.0381991637296,75.02387056194355,2440.8887752388146
0.00592586976044535,6.064832976411655,17339.793340963508,1494.4743319031268,280.7027074578987,354.417127554056
0.015153805112949111,3.9545224934202525,4982.967595837736,1173.1923065521694,185.8002628329807,1448.091662622209
0.00988832269165042,1.9768822451159116,10088.567975158492,4341.869457797158,228.8359590868467,2795.411737631332
0.006055992635569644,0.8078582973400363,14867.376591137194,2183.8102081733773,281.1546365674026,1945.7023663438802
0.015167431280112997,6.104268901908656,14597.019215578963,515.8264616033954,257.7963428943796,412.1260224102579
0.008021675726176963,5.035827610594241,14700.606803464354,2768.346236220072,336.18250587556423,520.6115096472122
0.0038481536349387435,0.7960981352670651,12581.579935796337,3957.380687709676,275.83818559463197,2125.8392790605117
0.007984488758687196,2.536494867397117,2899.6755870004413,984.6547001494786,133.74990414021534,1390.1319623894333
0.008264549482621213,5.053574014936659,9833.317405415371,5078.368801500826,304.07435891041746,1149.7181836818338
0.008158588069904356,5.434193505995531,13597.468855514024,2293.896622863576,328.1820844599096,430.3665434546968
0.00789369875618322,2.991654060091718,14522.607327197697,1993.2924758419203,274.51148099011584,900.2970438775247
0.005784376595100979,4.004970092719826,17548.494731366998,1500.4393454829615,57.57251633325569,979.8813766494004
0.00988540089782096,3.0238889543213494,17658.854094238963,1008.6999360562073,253.32556974824143,772.7013242659974
0.00792923792699837,2.472477591756542,14876.424339326846,3226.720644829154,283.0296142964736,1481.5623539257108
0.008107718983667857,3.0315087395025455,13727.439254285815,3987.9389176788336,266.2826112135116,1600.507068796635
0.009950455089897886,2.0017392941251413,7058.241476387151,5086.26304007101,184.41641640278604,3412.5457147026577
0.00781745362154679,2.9663262999306945,9804.18642092561,1999.2866292478886,249.6295478791698,1144.3110501688561
0.010830851165794594,3.94029890063859,6891.831823925881,997.9490897576868,177.17606301669463,1103.2933858251274
0.005788955518335949,3.949300435330445,15695.255822089197,3338.524012905315,117.3216250542805,1613.2047716603897
0.00578394842521192,1.973873177252392,6766.783868532988,4976.742918447309,261.7905557120511,2071.7534455252703
0.01004184949704003,1.5077908407039575,2388.104011348551,405.84312305846765,73.31306479548319,1525.0385959114506
0.010205123988005528,3.854524983315024,10027.675400468399,2005.5472462775053,291.0321794134774,864.2691009098721
0.008100513285962983,0.7746214232591578,14874.826585385175,1002.4974996987896,257.8652342885996,1646.490056706801
0.007925486512329067,0.6033544691622522,6913.052665736111,5174.857188401048,137.46140855169196,7919.954559125162
0.008039770421392282,3.501587549775496,2982.094708425907,1978.086077133556,145.81089217250766,1511.152912023053
0.012824530215648382,0.9005033617060689,6989.677352790902,3866.327616113226,203.47717978160085,4424.512703784206
0.009941777129043488,3.002425679196734,15796.992799866839,1238.9298391586174,246.3353317640765,913.1888629284206
0.007934263830111745,0.9849356218527441,6796.0251162856475,1991.6427944011941,225.50879782907253,2874.2975744157484
0.009751791406185902,0.9351068620192694,3096.3070242628933,1260.981259885531,121.07262027189779,3871.047015238197
0.007838885575511734,0.9863263453793039,10006.188441147553,4091.7624841520355,253.7437200617912,2959.989559202079
0.0057411513714338515,2.998793135080978,15821.554046928433,3259.113726722796,239.88498455506914,1374.4088533276383
0.008120877338768723,2.435035506667722,12652.822444232514,2661.1239638386896,249.70983089071257,1362.9441975740147
0.01074585186968173,3.988226906369824,17740.23308510063,2011.869720737002,342.2449999814407,644.4932548126748
0.008004982348189643,1.0088466276578187,15632.454863332627,1986.2594428156872,296.8260707503581,1669.2028791427622
0.011371126839554893,1.8415707508820802,10285.069448903841,2062.40908893993,232.7980388942896,1987.992737278316
0.012939582729583097,2.4967238121838986,2162.665578519253,328.55177622059125,29.412008413260978,1028.3533693423103
0.007966940989766648,1.003464332682745,6851.96418927983,2034.823793212771,119.66960297147358,3784.616989516264
0.010078729544254133,1.2592468472893699,2577.76115300393,703.0953259590589,98.82059542074482,2448.8031073803795
0.00938587304846879,3.0570687821495675,17999.609999274042,4019.842826136734,320.88044291846705,1585.2207601557218
0.007954779371597985,0.3972472654604602,2455.275943470799,5018.659489314479,95.48515291013632,9138.930853381076
0.007847912063249442,1.6492744775319943,17431.700394451247,4448.953277237109,310.688837346078,2295.6804905219724
0.007892948257582138,1.0049224542140776,3035.2260937556566,639.9850473504545,56.18359411667316,2667.860981290243
0.007940916082989137,0.396706679264108,2468.7562269982136,4782.476843073264,32.892840609393964,11459.48015881562
0.009360649050612116,3.056227166292751,18251.100116373746,3026.4058614167616,275.993678794727,1622.2985555086696
0.005993763842685309,0.7798801634547416,9906.785608883041,4994.556273326071,259.780640418048,3213.6472419237116
0.006036186579750635,1.0104707746994799,2014.182357920393,1436.4775003290592,55.43317470490094,3660.226785688746
0.01011460823991686,2.0178132935201054,15660.355497925546,730.832458400338,125.89938240912551,1311.0112600059745
0.00805358129192594,0.7935583493836045,12836.543462656988,982.8313668346049,114.46000871750363,2703.5968724967315
0.008101671631803375,3.023848457494386,11949.703484631122,748.3397054464172,316.36970341899536,499.59074144231255
0.009853473721662368,4.997249476610548,2986.7044298011488,3071.8359368340057,135.31963464619443,1804.7517159725153
0.00771919361064887,1.6979844862662274,9796.483128117738,2004.0911188000505,282.71853242197466,1411.3299646132957
0.008127025080256825,3.0286662341236807,7132.3354775814205,1980.9069017144534,243.89392945289242,1254.4341453785673
0.0058508765866445225,4.989725355380053,17766.911019453055,4914.898025116304,180.50252321148946,1687.9972150925441
0.009899132811805744,0.9564769161877053,886.243777142742,1054.6588925097105,98.56446556920406,3260.539237291841
0.00798631476992575,0.787340084914017,9897.659984642018,3229.413158351585,254.69953810839695,2946.6294489206507
0.012640284643123363,3.7138547520812746,6976.687024006312,2528.3689463766286,265.36170906090064,1485.1748888490167
0.00828440629600299,5.451714465651517,13558.25411687623,1515.599384048513,263.28136797826204,523.3286813656348
0.008111653600289807,5.073046655256208,13806.450672218703,4945.900475817379,329.2699981510573,1067.29516366129
0.006037640482327776,0.7875253345225313,7772.797574518649,4957.917320390313,268.34088678161237,2868.525622267909
0.008178894802807197,2.9953030370811007,4977.498690757266,2030.3993883319915,250.26147594887667,1217.7930591689067
0.007846338106895,1.654659887827938,17589.7980664914,2678.7817505475855,321.08119675729716,1459.076992448365
0.008287250308768803,5.379968062114247,15535.208364428023,1998.0466753189453,278.50227176669733,622.1370088436056
0.009823491279825614,2.0663488436282362,1036.3386430129094,504.13243958700923,74.5235093604452,1144.4066453943567
0.01269993363556322,4.4877001548273,6953.986786441214,1292.2318458219888,265.96499692655766,925.0337033750251
0.010015821490390257,2.0480137923232435,10012.17049145954,352.0984237681851,188.61263021905205,896.0798186022047
0.0059476386840818666,0.7901629532976433,7726.2381249171995,2221.3473879618027,262.888826342178,2525.682417988112
0.00796555016190249,0.9934490936291935,13110.289787940193,592.6639600045618,242.13628506868565,1247.1753303457604
0.007986657883195874,0.49691371698789083,15411.434563561104,1009.3564709463769,283.82267280547615,1783.4411132879736
0.013392621496033668,1.492303134357483,3216.340325855733,565.203162528726,41.154285793223195,2531.306749047744
0.008224537136818946,1.5672916084841617,4898.579516234236,1010.1588079998897,190.74257640347344,1907.645067536408
0.00804028706235829,5.145344086608525,12523.851082887633,1599.2199566747756,161.43102667655754,819.9324356889048
0.010046363733789195,1.0030818865374274,698.6151941147738,58.95892063722238,82.12955734311032,473.55113953823076
0.010039202865525988,2.0197249473811363,14103.707159373955,1109.9220257794825,114.41341012151219,1760.48830138273
0.008112629692517378,2.9759624558015356,6962.845492771566,500.5817812870974,171.68875561889564,753.7774444178085
0.005827915630615635,6.0164886476496795,7904.602930632967,3352.8568789648616,282.2556543987521,631.8835874942873
0.007865387594145165,0.785695320874706,9904.385298258901,3989.5643413801367,255.18447017632784,3290.178558193163
0.007774088857569295,2.59470791161591,11626.001709693905,2770.8861265667138,208.36835782143012,1610.178484320187
0.009572186999750805,1.8563407026905359,13863.89739065503,2684.432819509859,146.3152568445611,3186.9098262859993
0.010034893722900527,1.2445026188046784,2406.5078649456505,338.9552130693873,57.93216952692731,1588.4833970755597
0.01255328460249329,5.5080933935666865,6722.45233861872,1331.1223916504066,250.7342166022952,843.6765007953277
0.009246899317966552,1.7122600040875562,6958.491219867159,1006.0931827295386,206.48558226676138,1840.1085619986438
0.005037827839050304,2.572649771454401,17546.68721001763,2944.8544521150384,259.5184426562262,1226.0019029474167
0.007982788709222515,5.074206476198287,14580.801245815564,3204.007700775393,333.0547833748491,635.4452141655754
0.009182584691333776,3.0477141046204186,17938.829611803238,4102.410269961931,310.0233829460271,1682.7278990135057
0.010009021245170767,0.9709988203265134,1637.21123945002,714.3137012202533,83.25780933075336,2986.986896723323
0.01009887707358276,2.010094098771711,11607.150989469426,2500.778995999142,225.95905919153392,2045.152246005263
0.009824120704116038,1.2500128465828033,3418.5317683170288,962.8886176925698,118.41168777555038,2943.3261659076843
0.010040585507747612,1.7459941546669497,2136.2070667459134,146.60526438197078,42.13251433423259,568.9725451538534
0.0081488905184622,10.860626522954464,9758.065016103308,2059.7712995425204,103.3130397505772,566.9097784822793
0.0060210190814644704,0.7912313572300517,14799.259217541925,1613.5273213136627,248.47094005025892,1900.5434499200894
0.0057547604744237184,3.0337793941844753,19421.09053537208,1499.3606912316836,176.0339923255601,928.2330677387034
0.008151265642939606,3.713284791919532,17882.867972148346,761.2463538876278,343.69351768398525,317.4882007029702
0.007775511575002108,1.0055361687851476,6882.961545144899,493.5564126471661,201.28687200301215,1703.8360358256582
0.010108159181462958,4.976340193556384,13939.272968055557,1507.7100891742452,229.03668953064746,716.365222164216
0.007744169808612704,5.894196008758641,9876.604565951786,992.7801346745094,215.41328424162148,453.7763847050973
0.01000200887939118,1.9869061081363872,4007.3116465666844,3155.896420237822,40.2535887523572,4556.832344780101
0.009920463027106197,0.9614646071575674,2459.649360172702,954.5632186575917,109.47431482834799,3557.3787602355706
0.007695620299426783,2.0690643533524065,1174.4683657418789,976.0252185449762,122.4089585496807,1290.428267908297
0.00983238082312647,1.2557978751727983,1256.1827775737927,620.57678760643,79.04442388444599,2103.920472372757
0.005661162311643112,2.0348519821234694,7208.183678244788,4109.832447929283,211.5801488761236,2126.527381635058
0.00987977752586136,0.5980494456121863,3174.6457912002675,932.4965313682,91.87333777027266,4751.512968708446
0.008097627206278215,5.423662489513702,17585.522344769233,1508.0381912237376,157.70021305876094,835.3930644595889
0.015197125170192137,4.833182950246432,7152.032212427232,415.7588522415186,262.0231074294506,593.3720808667313
0.007844311319877012,1.5787123676270136,7832.4633519706995,5074.54853633489,278.19566610441285,2206.6380916352837
0.0101734399784435,3.0092601621690473,19659.696412600922,1444.8044485895425,257.90506218487633,999.4968202592404
0.008232429263183271,5.3836152439898886,13738.830170000085,1519.4352037740339,146.7680233405615,809.6362748332424
0.005889779580214552,5.952979769215443,5896.117480018696,1497.820161195275,222.71452715782473,536.3293750098558
0.00805438627338417,1.5531432154404634,14796.76145643792,2189.053014580156,199.61611890260556,2326.1437382320387
0.00614837138326402,0.7757418338234796,12605.95057471181,2229.3089565410164,248.87769917715934,2294.4849715812975
0.007988781269419109,2.9934163419775093,6806.92784667722,3948.2924885794523,147.57464466209728,2465.3952851083286
0.009955586172452693,1.9871898941421973,13981.557008832244,1125.386371026452,117.23966747982134,1787.5049998768302
0.005812521201323696,2.000566740878936,5879.066708576881,4966.5590801562785,178.8873350977123,2886.459253199712
0.008023395194508419,2.989806666472062,9951.012196602876,4101.67600672694,168.15823981588647,2240.659281660989
0.007744796166124628,3.0133840863706784,14188.662795747061,1934.6442992514724,285.98444119965677,832.277201770835
0.007857159043838186,6.954582815105755,17394.959210504563,2828.86442341007,216.4749377535472,829.0902604627142
0.007640544577730004,0.2536294021957596,11786.64416577268,1499.0049660742827,116.2729154608848,6785.283963697194
0.005725113152904409,3.023690011890994,15769.852965142572,5042.961310813456,138.01891040574793,2770.6888698583975
0.010074987135838927,5.021746292371708,4985.4741360046355,2288.504000320128,244.29478363700744,1074.2964157660945
0.007706921887743274,3.138974922026111,991.9521698228673,598.2691241018997,124.51418044994479,714.0965285832998
0.005783833705874132,1.9675996878460147,15599.583180818106,3446.2079744940434,156.0383544352162,2521.344362412015
0.010015535764911715,1.9961360969100848,9115.746485683256,388.06134193100786,89.25142440722357,1101.1597992190314
0.009999908864522592,0.9895086095698216,2073.1190533113017,711.8976490719739,51.384174449692026,3164.1031047309857
0.007965414218109148,3.5941052652961947,11988.11812366123,1001.8396314683561,221.7858474381513,712.1851648134353
0.00802659374204062,0.7937793043991362,9772.249956360432,984.7319371320228,83.54950623990023,3131.1113740633054
0.010490650531122032,3.849213806533204,19563.541329469695,1988.1898271042414,333.302321705626,741.3278902448051
0.007348367710813587,3.844927626397821,18031.715701082525,5154.028482829527,240.10317061866598,2190.7674494570324
0.003931138377046639,0.804198196927999,8097.73727380864,7533.49981395612,197.53673810955877,4667.564788772438
0.015197427607672455,5.938290952395798,11827.987415514093,1546.6624118476054,305.4997681787334,611.542808298798
0.008145829839512887,0.7767948207218227,14702.813449184601,1017.3737952111117,260.26441982044236,1642.230690691555
0.010056456009327329,3.051540839790928,19809.078708149536,2042.8883775295033,351.3952337325107,836.0866670630476
0.015238316560144358,4.968193699537343,6772.328138227572,269.02757895137245,270.9940420498133,491.4949835295078
0.00804007459123752,0.7874872328500115,9826.946597130342,985.1136130208927,163.53052851448948,2512.5828236822563
0.005883481445868221,4.011215689063922,7710.863643603862,1506.4318211176405,219.93794640507656,706.2056661791368
0.012670045461527545,1.935684528245498,10539.610416569567,1960.9671870555248,184.74420154450883,2473.69042376889
0.007927403717362226,2.45325585088529,12625.413413630053,3222.985656212811,307.097499581873,1051.5363836738607
0.007822463992680781,3.1846373170493076,1462.1554230328827,1030.0879886724242,125.17423398758471,998.3330826679007
0.009415266092246076,1.8648594509147547,13726.928129755248,339.9959110892032,145.7535146930214,817.499949393033
0.01309315188005358,1.9119860330500424,7041.072491285381,1885.4410252844536,249.59358777229457,2141.8873610305304
0.008214045656753084,1.8632984991976784,13642.800143321938,3836.1849850319595,336.80307858847635,1361.1879079297562
0.007912457628167693,1.5577945261490123,7832.86295274645,2738.013816207378,236.93475104273722,2286.3001211752085
0.010950777400186275,0.9850744092123874,15607.909348613837,976.2325391032147,176.1991967802403,2258.4308785040453
0.00996717193007026,0.998856217592807,14257.891162972424,398.7908693926149,102.31677436178339,1683.2593126390718
0.00997803350643783,1.0166626325503905,15758.481046710633,786.2197580321406,114.08840085549501,2386.9417590422227
0.009815149898508149,0.9950803375717892,9858.938449195046,1333.7544498049765,126.20399530101358,3345.767774101017
0.0038003769022003425,0.8027106755013554,14299.518903361639,3996.948400906907,293.2632002387237,2027.4720086886286
0.014220318257651672,1.2767288422601717,8674.055728429352,1616.9196914153388,262.77413803327096,2297.1858749409057
0.008062754309844383,4.061021344226273,10000.74932662468,1025.2182742147531,215.0697929860109,720.4972704929498
0.010057650086588425,2.1065205040501267,1438.6038283991265,321.8537855278231,162.22252670584967,857.5786143794072
0.010637020387467269,5.85667141162904,13725.499696747955,1495.9206320881542,308.9565351746577,441.4035802214846
0.008191414509235858,0.9944045052066447,15809.003515623306,1493.9320298607481,304.68953709915263,1396.8009286306876
0.009820943109913946,3.093154094192746,1919.3505326486118,158.41034577613095,109.79686937120937,423.86370929220556
0.007805850505705109,3.002887612029976,6628.424709394945,505.65779566403575,104.61305182475196,822.2134740751588
0.01001441228921866,2.0042288464630866,1079.732083156502,448.8328631954618,49.38047729205945,1095.7747978133293
0.009921977639082742,0.9611785577357568,1160.472407598399,415.7393697097278,56.205916249945155,1997.4722254048268
0.008089339198758415,5.078008396441268,17761.770243913455,1598.7719535457802,185.97673924520242,805.3842921776009
0.009959658670468394,3.013245783247218,18038.327395033797,2025.6884540989922,343.36563309028276,814.3858944793132
0.007775237054300351,2.987292406727448,17727.283793921328,500.48652462380323,317.2498891368656,354.66664125032844
0.009962496589922942,0.6027036948861646,2067.910083449529,1041.7416272042283,98.96992048759951,4793.951501668644
0.008001657336760335,1.9822048584917722,7700.627178949479,2782.8389811172815,122.94293012385239,2760.129992158268
0.009988201178756144,2.979674981002117,9993.596984523714,471.4927207000651,287.19197298105246,572.9570281085396
0.008055444314326336,5.990967401240221,14058.30112424351,506.4333908568219,232.22980864853082,263.17057136457015
0.00988736527889699,0.6074747814692972,2646.696107351116,501.5981820456046,52.80593137288346,3858.0299084784638
0.009974679569588267,2.9774495963147607,19682.933275437033,4105.523038108157,270.0131050458775,2401.418190996443
0.007989356233614716,0.9888898759476993,6818.753226364811,4038.369567134289,189.86015848721266,4056.5613280638977
0.006156979973240034,1.8249251032646285,6792.86774381681,1376.1537529172838,226.52904319023935,1526.8705570886882
0.010762607515290063,1.0098721842534366,13685.612661371093,2724.4349280525444,300.02290788689345,2211.07145076845
0.010080869429019469,3.004527839044724,11684.194798483537,1390.4295364798102,224.6440739341902,1125.0665037282006
0.00786816629079093,3.4521489876497187,12842.301871617583,999.8405126374444,98.4421220700196,990.1475613333546
0.007946193944638124,0.7727567705615146,14641.67505140418,1599.4524755433617,269.8171384661428,1935.9542141369918
0.0024030797877185725,0.4990533610081691,5181.246358956845,1797.8044555576184,50.05835283670957,3836.4798485957876
0.008160875794302924,1.9830031985115981,13995.454219770896,1506.2812447949686,235.21791125577218,1273.9440214189276
0.00794323682671307,6.087274924032293,14091.288223493702,998.2234248658588,266.23234090722906,348.4709936494857
0.010852009233894122,2.9915431565740076,7740.707347965893,1000.9908739356264,199.20106816561085,1254.1675478246457
0.007955893736659333,5.019295220731645,12807.703756506606,2790.766218171085,205.49275758432185,1055.7947999628793
0.006099522428988605,0.9960262449113974,744.825799125303,151.1587274838693,26.76183414695428,526.261108033757
0.007809147630914396,2.996849266385129,13592.510387837749,1008.8338018695073,72.09012912866511,1091.8856790441675
0.008203058801961642,2.996101416316664,10008.229028404487,4043.077612404315,301.1258518985667,1259.6358548822786
0.00474771867839202,0.3223685366505309,13672.233049722876,3630.2502640893863,230.65714706167316,5341.655152443741
0.008110201523559044,3.974504360745085,15886.601384952171,1971.3527231022365,244.7949114259505,887.9334337622353
0.00577841722773422,2.020751120534027,15474.32072037204,5087.406224325123,240.12354297449428,2598.117650761337
0.012767995571635696,2.243514229526218,2070.015518906993,499.6734156170762,39.085073672496556,1568.1721130069318
0.007905696489917487,3.018569912524181,14859.638051015998,1498.3681441614774,315.38747115803545,573.295152175608
0.012910156715105658,2.7377835216324975,2275.9743888123016,1024.0254721229526,52.40743579546345,2069.8462361479874
0.006058584491552187,0.7951833468503793,303.3987207751098,151.532122963428,49.42623618669022,559.6127140348876
0.009975745272110152,4.9460328493769286,15565.1788302914,2143.6703625811365,249.1740115150237,926.837464759653
0.009964073417928763,4.959224912714091,17667.39857530461,3221.4329202395993,334.01389647583545,853.8489827222653
0.005120201510721993,2.6189336077772496,17806.90716946988,2445.178119642772,318.2290411366939,718.4606554552511
0.005854233996270308,2.9484718196879,16030.353957503166,1485.9436754506107,240.56970730316715,713.0361432181653
0.013179716114681562,2.729413395474139,1936.8062392179515,681.2442122841027,43.651498697285504,1564.0850639836603
0.00791783778028831,3.0177023583099687,9850.936224624395,1974.6598971221956,228.22640797267252,1236.086894720983
0.008099122637134073,0.7602471262574937,3003.5031136549824,1021.7106821630836,148.55012144532688,3585.375808348193
0.0058187178237605955,2.969743882113424,13594.996869287936,4996.138405465642,179.24455658199696,2263.4188646281364
0.009614623378342953,3.0655712751175264,13680.856894243094,4114.669213658954,250.60244024862453,1922.1774782873035
0.008009530902301198,6.0076695787837044,6955.872455012763,505.1947453422555,152.67054638962236,376.47067926589455
0.008017773646963405,1.609503813823113,515.5409116861679,100.49878544586734,27.41961069293044,358.2401164915553
0.007600641435574769,1.011740660457805,6837.264842577389,1004.0112163838122,267.93927540275797,2136.0523334349173
0.010709904533949167,4.070201013428132,17578.02719429391,495.63242588707357,281.95319233783,380.2476002865592
0.010050217617689325,1.9708648530502004,15555.377141579846,1710.9710606185984,332.6878828542767,850.1245338797994
0.010021123954124477,2.990733024248485,14197.569359026833,912.5102215473372,233.3474757886832,814.3231284679839
0.008104838076500316,5.976261461700631,11953.96821142059,3027.7692748115924,221.2701409749592,893.5170144943294
0.010015360084387807,1.013249284307683,14306.710642615059,1471.4607891502292,196.66885336119142,2616.1363914863714
0.011406096542086637,2.011674844955441,7010.378748051576,1003.8191320397459,247.60564046917762,1686.742118745279
0.009890138378684384,3.548486407336841,7784.108398407019,1416.2549576896206,121.1986198959865,1540.9723038397774
0.00806991078841097,0.7843779263393859,2910.6821198870484,4017.9780231405152,208.2907144185984,4365.751382816368
0.010100390395383557,3.0019197599458356,17590.55194957953,2981.2620411423895,342.3222187478593,1111.756264211584
0.0058221833849283365,3.9899897961380777,19526.533808317447,4970.686498524219,116.35015036469443,2488.0794355149455
0.009885538287125215,0.6069140193093095,3042.7730906932493,964.6972911975195,102.51017135876623,4774.873028819191
0.00781796546168806,6.038309482766544,6755.040485358198,1029.0707045582053,241.21825500350096,505.81573356096067
0.013433160697201496,3.705392786866353,17310.09987321152,2045.9676926019322,322.4180421813696,927.5527255155498
0.010783094576997238,1.9966274398515944,17859.517833474616,544.6158257993893,217.0656520660407,858.5968011156939
0.010024875007568226,1.9915765941595986,9973.213175526653,2461.870205557057,216.26503069931246,2066.8648861865913
0.007792977448554347,2.047051694651088,906.8994874885417,1171.0668013095453,128.4169313243156,1343.3677418064667
0.00781200306299821,0.2459057950166642,13747.345407957962,1024.947568379434,178.68117195623273,4616.54623302973
0.008043880165669013,1.004235793824204,9794.93440130691,1927.8076649094712,208.38762400000508,2719.643754161147
0.012119107907592812,1.208875800132019,288.6156709526408,302.32467649613614,28.663212901258248,1418.9856383077115
0.005110974098919146,2.590383975384747,17992.00721746159,1946.3121919910839,151.36089523297292,1222.105219217936
0.008039601314791877,5.27419171855996,9858.275628474303,1508.3747928349358,139.56181204389873,845.5867010941927
0.009983546173268507,0.9980971337344664,629.6278503732773,358.1596993969808,58.55565263952784,1613.147304764775
0.009832062675802895,0.9492493923514719,2093.027266878663,1499.3968616773,130.7373484102246,3968.882207390134
0.009790655041097874,1.9743832222266338,15720.008001174565,811.1905913762491,206.74292886739065,1083.1553240816108
0.007921721991297615,6.074835218600747,9741.126877341165,495.113638486733,81.55469727473,385.588857391516
0.010365932715162219,3.8048310285195104,17653.483387695567,777.3009332378145,153.683659268848,781.286954613042
0.007914758627778138,0.7616218479466974,7939.618799170813,1579.408219388552,196.3873991409554,3037.494558530119
0.007958844598704653,1.5399248669544,12723.441560446081,2749.4585857472375,221.8256007615032,2332.273581823921
0.007852640438516854,2.427614660546716,12625.993027829796,3215.6830449269255,230.18318400641908,1794.6540244032778
0.0069200682976533565,0.9858083414002705,9891.351831483442,2945.2009858754986,288.49406475378777,1999.6027257859407
0.007939601734529128,2.5383966436035617,7877.186287005241,1596.6155082306366,239.47392560938397,1287.344709240277
0.010752558977239599,4.025951933620604,15723.955933320123,1001.281269641503,57.36655796809027,1084.4518110222275
0.007737494226124444,3.0860531652012146,2049.696500277287,472.82636700352066,173.92725148027245,680.5467338039621
0.010139098442270473,1.9783222907630174,7057.112769689281,5328.222077616048,154.033725960389,4253.552687163386
0.005812841700391612,1.9884517876755476,11713.164928660315,1495.825601853,194.1224269045053,1199.0727047133585
0.007991123629628411,3.4908497274810872,12800.24760038411,1990.9219541807297,108.81201145695356,1513.232769172517
0.008111573043084913,5.114951025930688,18152.548736841265,997.3211146523805,348.41306608855086,278.75989321143527
0.00805660334843917,3.007553381646877,17668.58109634913,2025.8365277897817,304.40566415037796,911.8455612236232
0.007952461849673244,1.589984369302917,12790.107219218342,992.8442247591684,206.7841659081591,1341.9738846357648
0.008018797507919504,0.9855455763916322,17515.592689965786,493.1660161728891,139.62920798368842,1296.59970323572
0.007740160053514704,5.9845669628640366,9817.080555244196,2017.4751538492915,271.5651888241385,531.9903051465187
0.005990346532819695,6.089667352521891,17440.670258059617,1500.4389094287872,303.4535646500075,321.5876013802791
0.007754442511848928,0.24927214177214127,15467.537620200737,1027.8979116936246,156.20232022608045,4796.578040980629
0.008281419254973653,5.297167872086608,11591.611368687678,2329.888485140103,277.1356898174338,607.1109990841219
0.0099799070293781,1.004273926895325,13727.538359414202,1337.8059047782722,119.20330974035406,3369.2276232853806
0.010135919181975222,1.005790302273756,13971.366284340998,1531.3949387730706,197.3029221069394,2637.5985693918483
0.010045015190590078,1.0091135889120615,2037.606455262153,182.36167206430326,48.875978715008046,1141.6810908568632
0.007800287189974589,2.446113164419311,12647.334874261418,1627.452695603542,277.69736544744245,955.7506064169077
0.008109807349017471,5.317228969848173,13812.202314445183,1022.9264716346465,324.33956082998935,302.5963063018042
0.00784848144959159,0.7949751390389667,7755.430987562569,1003.9119590580075,103.22912167096727,3155.690045098788
0.010127471599657382,2.0057029115699727,3074.375021107595,1322.8726676436904,165.11422410420633,2186.488351210572
0.008007165354961541,2.9789584093820562,13820.978648658354,3968.767057563217,185.59787239624117,2320.3185281460023
0.007723597921933537,3.004383747140923,17772.89609935529,1043.217424488247,126.30813816166827,1017.4838793821638
0.0082140642501346,4.092560024476747,17884.61959917148,4909.932791779236,254.13283915728027,1982.728179804085
0.012824472728927944,1.916201957745032,6948.787644595731,2643.795552537754,70.00877859679616,4335.551866388389
0.009154975481584147,1.8358001027592523,119.50149755213268,119.53701053804696,96.65960737971541,408.35248280214006
0.007512276567704553,3.8363721448055013,17562.461317344634,6302.108631810017,266.5055966306926,2168.660008398988
0.00999812189583394,0.6045014951494849,2052.1905616299196,425.86455121354203,55.9380643028089,3500.1850431969106
0.008045466242000828,2.0289322263796934,11830.636499816612,1480.3435031516112,38.03912068414491,2205.1758956445133
0.010976660568993149,5.958979030460096,9833.214596495101,2179.3473085171872,263.3080442775638,784.1227295975411
0.008122438949982054,5.327690305448064,11666.558845862535,1490.611820126558,259.5862844620349,531.422305622722
0.0100675340162353,4.984194637227378,9821.241781112074,2659.647879523586,290.6338537849915,840.1434565913792
0.00783156984181261,3.0101399516935725,14568.323497902291,1507.905883235562,98.63024507889763,1420.2857903011932
0.005767548583338883,1.009173104864337,9891.561513981102,3382.5192171175604,101.67321382997866,4730.056301995908
0.012315555202013606,0.7410737494762929,549.2715029445412,199.95491231087627,127.494005151567,1187.7991310354103
0.007989741902027997,0.9892266886112266,2018.32982231879,1996.1667905171314,143.31634281807723,3768.457707707949
0.0080196951817725,0.8007395599173341,4958.909986913189,986.2508530748835,216.1144777765549,2987.061236212349
0.008092415106084026,5.133945709428613,9916.251874699616,2719.5566992544427,240.13352817196775,926.3788633165638
0.01097375387815777,0.9711697105428048,14737.768877667566,963.333185279362,256.10553879278785,1655.781948651156
0.0057830416481606745,1.0105047599969657,6866.874904860598,5118.266226205452,239.7674191896791,3183.0394708370145
0.008004170928376459,1.9591065430922763,2990.9104291096196,1582.600568462748,185.32987601310282,1962.5204058797945
0.006239386965553433,0.9146379150083706,10430.578541975307,3705.2695346503056,179.28283198840185,4102.524078541836
0.009940230685978988,4.868119522595623,15741.028601110174,935.0279875871759,322.00943317767786,342.534596878797
0.010832250504662176,5.981928825022596,14507.487751920811,1520.1537353938386,238.25595255662105,649.359231505477
0.009995608384909647,0.990429254680842,2988.8878391174217,328.58257684562784,50.398392216806045,1841.6890196883612
0.005873083921608804,3.03819881856323,19832.177194708092,3354.2570957949733,283.84075176999704,1350.092065317575
0.010773128858926813,2.9729458034919656,17543.26925313419,983.4925330872504,299.0699846884792,630.2444128688072
0.010130631831706125,2.008150652083438,13795.633617382924,1525.2683505712262,330.7966423127919,835.3232236538383
0.009108693090260602,3.066112203069617,6891.295447893047,2017.0307930848985,232.68929755077178,1449.0863655908097
0.0038563139733960366,0.8001508167819267,7843.893687145895,7481.952741897324,187.29975666926418,4901.272248580019
0.008077558542262197,6.0303472962322,6851.221408351816,988.1612485107955,223.967778078337,512.8850370145852
0.010581919384628751,1.005605705740941,9872.543663549523,1501.2011168620977,276.5054877461954,2004.873757605425
0.005806641552068669,1.0062879348028728,6910.298077670661,5097.635151971807,78.92214547706638,6489.6287212576935
0.008114106038658867,4.95496781395467,15823.119220252898,4963.543887950176,338.14397570482737,1077.879773396905
0.0079978802831031,0.7847768403960158,17770.17043589643,2233.9437570924274,271.76028833474885,2533.798382198496
0.015274602288747078,2.4502210085639193,5073.668065645092,2927.6938194879585,263.41016598819584,1745.7583141295518
0.011983805953853217,1.2224873630184891,290.6827536063604,501.0894287183423,109.49947447677802,1836.4521411925077
0.009810808612075388,4.98197341567338,9766.400931882441,4656.666169542987,211.76152785887925,1705.5620735966077
0.008008813686014119,0.7949691024133384,12938.019295322967,979.2038999739923,137.93411985886453,2551.6663827602583
0.010006201547336165,3.03140462372957,10098.625715732156,2276.4607557008217,290.2564529466985,1122.2814275016117
0.011214432176548638,1.8319511238973056,10416.935205612821,3413.1280427853885,299.5371992772999,1555.6186202018043
0.009944130385081965,0.5964638685086122,2118.9316074910566,394.3769273106506,56.0734138622493,3322.389751573006
0.009955114285260873,1.0056446283993616,15952.462025997334,1104.6219550930123,125.20236009996692,2943.0701372463004
0.01069437417037858,4.018547049523832,13602.032071891532,1001.4926085689443,261.6431671879356,637.2793443844917
0.007846551007122974,2.0094762886329276,5898.471856294837,976.1642740434751,79.26735113389101,1955.346134279417
0.00994087979088727,1.999243746917893,11937.919561520705,3010.389963457217,230.08329133527684,2162.299912113085
0.007970259168193118,1.5689140318983539,7749.1912664729425,2701.867779121666,254.84196830879688,2057.8897624760375
0.008002222269138942,1.5772425949648703,12969.540137741778,1582.9686836747871,177.10978352982448,1962.1531516647158
0.00827869931131901,5.498213004080039,14652.534839811013,1512.5586955350923,117.36559339877718,893.2011284263398
0.010911803463137736,6.040590082757383,17561.773771501918,1565.947621148242,248.11915483514923,687.146496837966
0.007705242032394189,6.026361726170595,9881.245765593776,1032.8971114432347,218.23935027850305,454.6266259193909
0.009953661783074922,5.033620850688123,13923.090160370182,917.3185727021215,325.3796429343625,348.09782093870973
0.008042329785288797,0.7786994507956713,7999.9923943944295,984.102500970345,252.34269186777738,2348.14900073071
0.0058067613962025045,1.9816784421285927,15676.18294863313,5088.74118715778,326.00590488947927,1662.3155338366662
0.005708424732185096,1.9640717301216668,13629.949224073816,4778.916906306897,301.16015862230665,1664.8574336707404
0.0057433965124026225,1.981707429559026,9930.856565549873,4189.6984330062205,279.4859876423566,1549.717277051029
0.012559548518378654,4.551604552169772,7076.617614594199,5377.84272973513,231.20097655957915,2225.137927057239
0.005972424211969401,1.7505686712495936,300.9628204079264,153.8724614681571,28.881209285397876,353.03493571739705
0.010445087927805437,3.7783463007784364,9867.322648683223,1631.51883234285,275.92971025011985,864.8469682856119
0.0060228574079848425,0.67367841491517,103.24961151543263,119.67327083331418,31.981185077979205,525.540289525414
0.007936887351526901,1.0068092907919968,17855.803502110466,1024.9408251734633,77.04826661156645,2398.863204274088
0.008047605304950451,3.020258024203796,17539.612990006786,1001.4674075693233,330.17764360425747,430.9882073050231
0.00821414129533817,4.970996758095415,4985.7977583848715,2009.899467601515,253.90818065031021,826.1128085541195
0.009869740793663926,3.011573646211981,6955.938071725902,984.0534107435767,96.53923893756311,1526.363228970128
0.007882289148955291,3.4728079968280285,12770.491983412172,1016.997854797712,306.20391553388816,471.275573331579
0.009879799277874834,2.998281458382799,12081.494245521559,5698.040160892108,216.27674848436848,2959.9776550483984
0.014828432850007105,6.080866877148834,14668.293177005718,521.663247339853,199.06315420754473,509.21926861687564
0.012768778145742343,3.6645282222633093,6922.9939941463845,1398.520217959056,247.80358943881174,1202.4223028277784
0.008109311417860952,1.0227114924558145,9845.632353908011,1006.7990930163958,121.31643005275474,2546.9462790520697
0.00809125475640694,3.5229796050867552,4904.082130151584,1996.802620534468,207.6149796122596,1307.59978778838
0.010072424074572074,2.264480786040677,2232.433589317778,417.01843706350166,67.65576360871401,1069.2751094340795
0.009974336205303566,0.3930595396788781,3039.7082439593855,1321.3910838381153,28.625799655468953,6949.3897157924985
0.008051444356483473,0.9861431890223767,13694.618964776337,2032.9735771656733,190.18144516183477,3028.008914073469
0.010086305400038693,1.9673242402680362,9889.491866567392,1339.7176553767104,200.68199400353623,1749.7996204421925
0.010808429503350866,6.013725635486999,5944.596097028777,1532.3068300846473,223.42207030800336,859.3718708774251
0.008105709481908892,3.931310866196161,7072.502730961757,5058.197895667282,274.89749369986686,1525.7704344406586
0.010887980627624876,1.0049633622281262,15452.684738532467,2017.4607862225894,281.7926570668474,2175.9492038318685
0.009098114157404564,3.0302199829245993,13781.81143691682,1022.4173868341593,295.6265741855982,602.6317170213864
0.013050832514007363,1.7381279582643068,2907.985135879941,220.01647798185866,31.47977016654592,1047.2614078671477
0.015000974868374936,6.0212105069028645,11915.11328713142,518.6974051561658,301.5908141823922,379.12461064220213
0.00991776818967989,0.9855449746232504,14156.503133244703,342.02501115888714,101.84067931712298,1552.9069974349372
0.009222850130431802,1.3372043069547295,7169.205867534519,1998.0374829428872,248.63358990723603,2381.0237653442364
0.008119738682581432,2.422074473993008,14667.87407205069,2180.442755726459,192.04968180614694,1683.9577230501486
0.007846719496000465,5.987591021656869,7144.768424017662,3925.1989094362193,196.4526782632415,1287.4008771084914
0.008047024137530516,3.584558554423346,9969.032356249725,1503.081450434866,296.16690321304065,604.5315241594333
0.009997489369647934,0.9975486541979032,7001.049933252878,1068.7412927477737,184.90652695530233,2866.5196487861167
0.003911177398844024,0.8041241471961964,14891.014231464529,3981.691748188462,280.80893418433993,2326.867863205128
0.008036463623697197,1.5696532534656022,12747.930603568404,3177.811730656508,235.4885242545121,2406.320004783231
0.01083528202848141,1.0002644928311049,9757.688164978683,2742.865673002112,180.99063119335122,4291.728918430983
0.01084465913073325,0.9980181035510618,6959.055996526496,2757.0583231444452,240.47480489481595,3067.7042975666814
0.007987985032253203,0.9872350610624875,13682.568714986364,1951.091326166115,173.93307959123527,3152.718869326111
0.00804495934626312,15.014143388934581,9902.564415957826,1970.691403637979,238.6868269245904,286.16315313894154
0.012693303517563943,1.930328182861169,6890.168623802267,2777.6901042531194,231.14915774484516,2481.398676935886
0.009965669310834542,3.0312494883426426,18026.918725721538,3145.1540886047696,335.28284521642183,1190.4038232206085
0.010229627039340777,3.6995397567239845,7037.465951623561,4231.253429925101,241.08728979644368,1949.3427114452481
0.00812655037649364,1.583899881659547,9849.941373067777,3976.617341303549,300.11061983171777,1756.7372138668306
0.012619980904389616,0.9414267093627662,1102.5635661895535,617.9838609585838,100.54471250089135,2933.5832899627308
0.005906244021736468,5.087019019592044,13552.472479979317,3365.7587144663003,176.6352294020403,1131.6901035108572
0.010649131476864715,0.8597160367326636,6827.998591406997,2013.7582745273585,207.55602214200934,3433.16159469545
0.009876570686908432,2.003543769089176,8071.95705149954,564.952399677343,95.30804478110632,1463.1296866208506
0.008005987727167457,0.9842222746467816,5061.890451779046,1520.1869845110389,253.2387359959488,2613.4059079479043
0.008112481492100624,5.105609083455629,12734.955086710599,1559.6508785018577,237.3949642249947,649.4573244523529
0.010158320178512733,2.521021455358128,1446.629335092516,334.8596337510461,53.82435390019925,804.0287603531858
0.0062090892452707205,0.7797759982052841,8014.196908997449,3983.482646199719,196.26901581999095,4051.465883256157
0.007775917915164917,2.064243096491909,763.7217617274739,1270.5718516021602,125.25131658533212,1373.1584791587914
0.007975474632606243,2.0233247005664174,17662.313998620502,2002.7102629790663,216.14102865309218,1736.0526399090659
0.010110946170365976,2.9968210525047394,6883.699405885153,738.8064750333581,194.28607012605673,1058.4341546447001
0.0076799382044545885,3.121578215063479,2705.6218196885193,688.2783804519245,115.92684008737369,923.2368762026633
0.00820516080950264,15.067480731021789,13555.821095521344,2002.3303535119862,310.7134060597531,203.20944575496017
0.009229801454747576,3.055265211385722,6846.830830567838,2050.2065839713787,277.6793150708106,1196.771248465624
0.008019690683434565,0.7797394485720436,14798.134720280117,1022.7851095315401,250.0993523800987,1709.8650921160117
0.008028413443771034,2.495344474871086,9622.140478292018,2744.251425812912,268.71452177129584,1328.8843112588386
0.006891776532152055,0.9758755831539362,7580.547050078478,2974.9496708946244,280.8015711161103,2387.8153681815656
0.007930966829956749,3.057085184415288,1299.2870311253055,1138.3019223428962,130.270377178428,975.899052135955
0.00794934442942656,2.0137703818295067,17517.72175817685,1990.6557686401723,180.83632455482885,1932.36448199313
0.007861973352921147,0.7664688713270368,2968.693510891522,2687.9700332004227,218.3934895109744,3868.54430433256
0.009967764760459073,1.9968558598494672,11643.315831223881,3954.0884789789407,312.2645293520825,1507.2516037281941
0.007815146260897328,5.88262761221942,6922.0133883493345,986.7058944284769,241.75388496893788,477.52907944284243
0.0081832626103796,1.3867349065870511,303.2082832922709,101.1370945262284,30.827187159616674,371.7163888345818
0.010637191201035038,1.3493970031754325,6844.744940100416,869.8940222852709,271.71482771016764,1982.1950933827115
0.008151328393494346,5.378529256024583,14731.545834622211,1504.2067986619295,317.431572303147,387.97827607965746
0.0037883332063583324,1.5397684733202097,14587.775708561681,4003.8490824726027,260.26828592819106,1718.5600153818611
0.00998539479003664,4.974726310160662,13868.522904386873,493.4646613821144,315.9887524628776,291.1502964223878
0.012963240814273538,1.504194718496441,1271.1658612394565,518.0064097276178,37.761126564777584,2151.087124496575
0.006038936744186603,0.7793457769950759,12810.651664534975,2201.2077931381555,283.85172751348995,1949.022665681522
0.012455515019994626,1.8174240156591608,6788.170474421099,1369.4200050891695,235.97812804629032,2120.402018263303
0.012585783170658392,3.6088665139738167,6831.568968589258,3978.9143445418267,219.2243219073246,2183.6675092946025
0.008005839143629854,0.976597072008954,493.7062488104691,198.92222637427378,46.07402054128785,828.2869039967903
0.009879403684492276,1.9875448059054346,9969.359008630094,317.9675163136621,111.29448041569124,928.5072164155526
0.00783253514591796,6.073096658729512,17567.878499478244,1103.6369091858548,167.8386653281416,519.9839760193038
0.006210732862427349,2.69018030553655,6820.344292804736,4213.259919433542,231.84260230235392,1845.4881368583292
0.010011762976720875,2.025471385048908,4878.735460512594,2283.0575740584013,118.57428568814665,3034.320770070798
0.009825298365566415,0.5978538096405469,1747.6052788982913,429.8214871332923,50.94876605873189,3471.964131249491
0.008053067822318186,0.7784021296119292,4874.635942799301,2710.9673869264384,197.1637922096772,3924.408807438866
0.00816929265560464,4.022390927221814,4885.991976565396,2030.6744018452353,252.61058829169514,965.1573715256594
0.010052757936895834,1.9835902627851656,3976.9994821002533,1197.2029795716778,167.15478550094747,2124.1196721381853
0.010822549550128622,4.993912224832314,6932.912492102212,2029.956887016091,263.72674189570444,917.443666508495
0.005882857241619682,1.006168229212982,9796.215856561828,3359.461528470068,220.94363079347673,2925.6422634051587
0.0055067234168284076,2.4642275779265628,9551.52704552566,6006.601645157907,287.21589538465213,1719.5661756389663
0.0039777144288223485,1.0203300410549923,5004.2126183884175,2183.947898047637,57.06150362800136,3572.0529252406
0.010153913554522066,1.9706687613414846,9871.543124022133,1492.0218606775206,201.0128239127532,1821.9237265782353
0.008059204940695619,6.016919713638822,10032.313663905752,3018.381055693225,302.39410211723504,608.5218627125213
0.007988498874541651,1.9989932243064654,1996.959672492582,1238.8599459698735,202.4675464700813,1547.2213817361353
0.0077623646325026266,2.566285587671539,11831.23192733635,2229.3422738413788,306.4518034525861,832.8251422361967
0.011026537837858449,5.94734439347411,12502.62887656664,1620.3713682014711,249.06965295648635,634.5126085485888
0.01081522567685045,1.9947616137973665,13856.015238430551,988.8490962238799,324.0379419524014,780.9776431436258
0.007905247339082995,0.9986044191426561,9914.741186886986,2007.1902555334646,153.51557702502495,3395.2355525103812
0.00812058152919583,5.01955626480879,10120.644047199126,1498.5775990034447,293.0067424626422,457.20337774108884
0.010012138252663769,2.985552148935928,13752.002350951208,4636.652623483069,313.9991722437405,1555.3097874185066
0.006149340804217475,0.785089104890961,9817.357609428098,2241.1675590289583,267.21870589033216,2117.0862629688245
0.009925246999443568,1.043536471295652,3378.310421260927,202.1894589438268,101.4964744677637,1158.1227448563284
0.008092663610332744,1.7477353993176217,10068.060464720438,5124.602363705604,297.4354478334046,1835.2575261724035
0.010094681021095118,3.031875462881552,17543.73938239911,1699.9432865187293,264.6002428418266,1071.7963271496512
0.008109007139489161,5.394949297563241,14689.672818222893,2020.556154438128,271.9551250381135,624.982675629515
0.007936252921296955,3.0530804966953746,14577.695487970861,1521.4498998260594,200.40750563088628,1038.5706637628969
0.008097424234927344,0.7945033796464964,14759.937588657445,1603.7497490923706,199.30498399151867,2634.404643283481
0.006227934176585515,0.9118503193701467,7058.327668462525,1827.4801320055126,159.51101107485894,3188.2472009515436
0.007994385239877949,3.6515810679599614,5020.697501987223,2999.4378340499734,253.24629356660157,1308.9435500868724
0.008131715243591821,5.377510349395088,17845.607911938507,1015.7079057246053,198.807819368221,520.9761301668835
0.0080720761624643,1.006674598744658,9686.434900417411,2007.4722108652538,121.48099405945983,3781.4259601986223
0.014062669820610305,1.0051218293456163,8668.087220908756,2708.8325940664695,267.415001254081,2702.830694072401
0.007845865005737947,1.0038552700695027,3047.83319100386,1302.0406905408472,76.07725858974246,3900.1396843601106
0.003912667098301049,0.8059198098396293,9922.826258420446,5000.823753837097,207.81922582175196,3457.847101334374
0.00781658504698845,1.013018179065944,13823.76248102805,998.4147114954723,56.71132199932794,2611.618480885519
0.007886828367132873,1.556209205447397,2916.1617167923587,999.3758715236677,54.26949895090057,2379.0033478920677
0.010779984546337102,6.081893618353692,17610.610833979412,990.2000480739855,315.6733753193933,329.46260461281844
0.012959412567457015,0.9598735654796372,2830.188753072385,525.9073530246526,98.91739148402937,2969.8679712950984
0.00793466937583545,1.5686923798943697,17808.058789588787,508.81096424099223,310.03414775131466,577.520785610188
0.00795211124421964,1.5786573661488972,4850.5173844423725,1015.990642877194,75.58538359651502,2494.19487157994
0.0059191195350168984,0.8075145167170981,300.98871023043915,198.92959101792007,28.32062845710506,738.0625073471003
0.00804146673289899,0.7779535011794164,7846.063133441714,2617.3685091571806,192.1198719917252,3839.005542644327
0.005866773120665122,3.02586999442819,14783.43644013821,5076.209912546251,317.8192226791389,1265.1609587726275
0.00998392345101967,1.2363498129259867,2486.869446699041,1652.4726898023093,132.047881826978,3650.802030963731
0.011194136875792935,1.8127503098879563,6908.723312656335,690.6803699402733,249.3402441472915,1513.3463405876557
0.008124292943977327,2.442789299206075,18010.126327553076,2735.5453862282025,249.58169204993067,1727.8586709946885
0.008108610247323858,1.5620162602235654,17624.181924020508,4925.920766612272,304.1884408114514,2773.6320296572967
0.008009949520339728,5.0597585675212455,9969.647335513284,1504.4390916780835,211.5704930736849,752.3153285908176
0.005965065850728869,0.9989996994978184,3007.781833391984,1930.2463305620088,86.45894162371115,4040.4603221714106
0.01096393691312981,1.0005668985200082,13791.685949257973,1983.1590896647876,241.47274254033672,2683.730962079997
0.005886958226613397,6.033200260856284,17617.37343694333,3416.5693765982487,115.72256683691764,1185.4526702209703
0.007973165308282477,3.4765358882543627,12722.028179585277,2020.7730589580726,125.89536458627008,1444.8532174575791
0.006059047293062613,0.7915186445690153,824.2955926704028,150.6574634295585,28.42803942045077,660.5856250820626
0.012006200244107661,1.1826547149489324,294.36116358957275,494.49901791007966,60.11631352341821,1981.1733006533527
0.009936006294329574,2.0335141061986737,1649.7160948729982,366.5097368189752,71.0979103426297,1061.5680250467608
0.010025670001082182,1.002957823390909,2271.207074538002,492.0102782457422,71.83250069030738,2477.7094002169497
0.009972079797337058,1.1468245317017545,265.6344574398923,324.1296281958228,32.951421224780894,1238.7137336678907
0.010879229286433284,1.003825764330256,11834.886968339402,1525.41213679506,197.2141192727988,2755.9906015316683
0.0076225424223936656,2.577507245780863,14643.20043057233,3193.895614507781,215.77901591932516,1898.692419376048
0.007353311796477158,3.740969583726708,17649.19394806611,3712.597131183151,279.0984692186002,1312.6917159727336
0.009962001416942172,2.9896045343190196,13943.000834455806,419.6907230773233,237.27769999929285,518.9023945451202
0.010761454265428617,2.00955554082831,13500.10763025955,2719.2651147864776,302.981210808521,1415.3216235340997
0.009823501729685062,1.5042060533843764,1648.5189839285965,126.44953335564581,39.75667538725535,588.0770049585658
0.00795508328882723,1.0216565644417748,9819.245765114205,1978.4174077161474,154.80057841151785,3416.7435814378996
0.008005347405714148,2.002498719779381,9814.329822036309,1478.352401912004,155.58691213661777,1750.6041148815725
0.007997888448660489,3.67905197397285,16192.373833314447,1988.4182158769079,333.326561866057,537.1749860950574
0.00994980922329402,2.0170192223673045,18173.648248427042,461.690762054011,106.17029441000824,912.9878741496042
0.005644509245665605,2.0156060725184757,13829.324923647104,1466.2624192057533,79.18478313784681,1610.7909287064838
0.008290466906389009,5.3985884783982545,13673.788719399656,1014.0091332040907,271.0224179981134,396.37876975553957
0.007922440207707035,1.0137811551615097,5121.269111489053,541.7150296710769,60.89948971682666,2413.125351506794
0.0078859247700534,1.0025445790726837,6933.432745321287,2011.7489929218134,64.93102596518938,4411.70059720092
0.015108487536219066,3.990957924574715,5001.8002097424505,3968.5231740471545,184.2800188093524,2546.578145122105
0.009987285891510135,2.005522548942564,13714.948716335612,2114.5889216095297,116.07742424097931,2832.6201598188404
0.008111049374052295,1.9792186721749412,13758.954902597345,2002.0947785590993,238.38520376082633,1540.0436949919122
0.005781376768134169,1.9372464910989953,15498.335500559442,5059.745224992518,257.58650951602056,2393.051886357006
0.005944678230096412,0.9987452186031255,4007.405528364462,956.3079405000947,55.55282884256831,3040.0965506924786
0.007935052452029035,1.553046674956856,12776.140273925417,1630.8441868112377,298.2151331094599,1150.3103714185675
0.012886338843975349,0.9800902902441927,1977.1717916869131,525.3895702430805,97.85975474227574,2877.8514720781754
0.008095354875447554,3.675228913073187,13945.32027876106,2533.8992862393634,323.23334265939525,624.9947305514161
0.00998094077756663,2.9752959480187418,3022.0872467383497,4217.8132994501675,144.99389830077214,3241.594445783059
0.0101191600280095,1.9474482607861874,19723.84408247886,548.1090747842557,188.2706648839269,842.4044209768664
0.007956132911754631,2.408944474771012,12723.452428340104,1633.9626824534596,132.5763565357352,1551.6825234355479
0.007995711065435803,5.042028980959264,12704.945803668308,1615.9925067401057,198.69166112441067,735.3622829239492
0.00795432832018414,1.6199397786031948,11910.61367809199,4025.372326982312,300.60489887792676,1642.7839969754746
0.00994393498748707,1.004213725836885,16072.816795550643,512.6386597109314,106.9507958770124,1804.561254706576
0.007391346861791947,3.8201854353703624,17886.108739381354,1500.427266514442,239.1449467620344,744.5446981797895
0.005482123510351866,2.4786806826191916,9671.74770761286,5828.968225500785,295.81460729366154,1600.1876887894225
0.010777038163328779,5.979503097548777,13687.832855825913,1532.1397333173372,181.21158421342713,817.9784720989361
0.009842482252029142,0.5961690414378734,1611.3587365678038,943.6029510234785,87.85787380199426,4521.397561978252
0.012945699006211977,0.9171437721292345,7049.193319025278,964.1105838399493,222.0746727000651,2870.3756875822064
0.009365502975083373,3.0713854659725857,14099.740595442137,2054.528440456268,255.0336342414449,1122.0650388151253
0.0079703456957946,1.5765442285912954,7944.403188045427,2696.469735104463,218.26979536193508,2456.731306911103
0.0060330788841484965,0.9923382255632642,7051.045130291258,739.0480006948469,86.78341756967923,2364.859000802955
0.012985508009140924,1.4665809975741613,1949.9989725429552,308.86278420074444,29.683448225792553,1510.4745615953557
0.007642328297355513,6.0055750861352735,13844.716908840204,1006.8912687596369,198.41792291497092,439.4729262652286
0.010019537512807887,3.040850300579554,14041.220665065546,560.2811177138137,310.06862683168646,451.323129666541
0.010780593954900736,3.0098026815538454,15920.573206152012,495.6875515648824,285.30794660515323,480.8379764305763
0.010802426024079737,1.0110400521653902,12152.432213971071,1991.9118657494996,254.1400327131757,2327.813673001521
0.01000589518862735,1.9762993748047968,9839.303810856132,667.7012843619466,100.002808390226,1492.8058571818167
0.007794282215444263,0.2503745539203927,9924.78005690337,2987.927234752268,242.4467471608483,5282.238243944278
0.007692278925593161,2.6001833355051645,14820.408824667165,1273.9790147578465,174.81797934753303,1089.1695756507163
0.010727402628424205,0.9984105946220165,14653.811532132784,2040.6065407520973,237.81435783177085,2780.870525674275
0.008163383540945942,3.731720098868058,13958.40040879322,6062.567681925932,327.0858943212852,1513.286159887573
0.0062663378863450974,0.8983092307754962,10117.718990880943,3725.770849428309,184.67774814027413,4131.262758051209
0.010759474237387238,3.007956658604368,6710.549449711281,2715.1030394619365,238.846897696226,1871.0595927225231
0.010012696953885552,2.0003967749899076,4944.75195780514,5858.8340652834195,175.42739398601603,3690.4678406226503
0.008125859154401165,1.000637249871383,13686.889918196432,2022.7975535869678,132.65329575252383,3603.738534687479
0.007862313306895507,1.710101905158352,15060.927187553887,2050.816498839945,199.76316507890073,1952.5030725946901
0.0056317452936727784,0.870715623281501,7213.0333100184625,1017.4724299383304,251.12229317349787,2311.2052256551347
0.009841425882266837,1.495526035392242,6907.363315381982,1190.0670681001839,221.90751674494373,2167.175037336456
0.007966233443453322,1.5963549770071286,12562.52384430772,3989.262842019711,231.27710377902582,2985.2758550928365
0.009483617599712049,1.8134968236118452,135.41353228129285,160.53459054667388,82.68624138640207,469.45879559487537
0.008051809029350541,2.0220883460020755,11687.941615325111,2787.5275802684405,283.3662699973456,1394.0754994166416
0.007773365138286958,2.0250248374133126,13826.395524075313,2015.8512805955725,262.8956708452961,1325.214962252909
0.007884351933349664,1.9831527782308838,9869.394559581957,977.3241773838511,77.90517987443825,1609.1208350976744
0.010068567976858659,1.7625138797190305,1112.6863732589102,152.25174165423726,42.67482560136365,578.0496775763876
0.011104388701117286,1.0010461618176076,5846.353471287051,966.830780114438,201.8357148080757,2937.466225437114
0.010121849804591927,1.0167538663289992,4019.655274128836,495.4868114929979,140.1419295798207,2283.974391204952
0.008087374421288035,5.068505539314446,10032.953005439014,5006.895304914186,211.2023157399128,1614.9882906997946
0.0062013973337192215,0.9039375736679911,10263.851165126107,5240.083860052088,273.3091599892661,2862.915027100949
0.005824078423798297,2.998871315546584,17853.507795593425,1499.1259382619958,56.145488202459106,1233.2515346818166
0.005948109399944184,0.9954741006429806,311.5363087640867,148.7136097253193,71.45933656547071,472.58798488243997
0.010030373405133197,5.0213198491154785,11888.761918077042,5597.406296504385,221.40727639630978,1975.0093084601865
0.008133778618807113,0.9885887630186094,15819.999228878904,2011.6844708371643,336.5972138823918,1218.4759543174318
0.0060241972955402835,1.017451869017442,3081.4881607535403,2709.3220958139655,88.78445341598817,4700.506479155687
0.010056667382663453,1.0010880131988598,13711.235064684966,387.3147289274624,96.5032384246804,1668.0557926963847
0.00816015330872868,1.995761731980216,14556.498190973396,5086.408498502314,320.0356293196364,1862.3937770002553
0.01003583340874659,1.9900726014998253,4851.569857625618,1053.531470758004,142.04122527203234,2125.6218679856092
0.009309894374252153,5.516068836350977,6919.256009933985,2841.56766320692,211.26364985818105,1221.7972067178941
0.009504021375517865,1.8428953547384228,13671.800115980011,661.0577100367425,204.90508473173733,1037.6356065322775
0.009976156953858976,3.1752394552528758,2379.6130593668117,488.72194027589995,129.56552959342474,894.156241639953
0.007996384341608861,3.0154364225288743,9968.275136020564,498.4234965567891,252.41698540305944,585.8844812996502
0.010033080812592174,0.9996846930548462,8006.554515461237,1341.9509002200382,103.38417795434816,3700.650422562016
0.003919717380074691,1.0416780926585543,1660.9416849887225,1037.1503920306386,58.55763023605754,1837.0893490666447
0.00788363622479688,3.6229068535288986,14030.06359445949,995.1833290475076,238.35316469237716,655.9370168105245
0.0060185011249195095,0.7900273746320513,7816.585674999583,3237.283904070761,194.8533931283181,3657.4456579401644
0.009964456587968622,1.0066476345767243,9805.831433246125,1182.5686086762898,113.33653469131878,3364.5047282160585
0.010041763483958539,2.066656858696653,887.2176534082784,695.3001410956163,135.7848875759459,1282.0530348562954
0.007975981194909046,2.4970844224116333,9710.126982443688,2670.3422517511076,288.1440590650876,1138.3238333852269
0.012687215789020318,0.9599528024477434,1604.0583680971683,821.254836070984,128.09896444988175,3559.872834149292
0.010018230229798754,3.032640090622896,6993.419586788028,913.6817963034795,269.29084787731716,988.7108688911283
0.010423818698761435,1.7939736951893692,13817.458883372447,1359.2829881673651,304.48654962691757,974.2552649661379
0.005827520379318405,6.069696708714919,14057.85192242878,1515.0661049073613,260.2298816984016,381.8129849518163
0.010922797570453663,0.9894806808627306,6882.517908029945,1013.6905181184608,239.98432640624713,2590.87299242474
0.008128727007317215,0.9836076577911167,6780.97332838749,990.4301111546192,241.95546896928929,2301.0931941210356
0.00798988738680421,1.6610150987621133,15499.996296248579,3486.580210465558,302.83119102201806,1827.2835639353189
0.007813928602085334,6.050920702190561,7056.903576571911,1981.7467953518562,199.92484661081494,830.9546544237435
0.009414377174590666,3.091346902617926,10912.16847657789,2020.804927683729,271.3386674149235,1074.608862498687
0.002428402248929489,0.49597750892280706,5142.50550226191,1479.0097080816417,50.07372891173616,3435.572513398874
0.007965002926770751,1.5554634949595743,9735.774140955618,1000.5283668359191,258.8210976173938,1330.7042350033066
0.014987792505994245,4.018340770662206,4975.417705739827,2307.960221423436,248.2520893876194,1597.6282086961455
0.008067415545658495,5.393149089841704,19408.145798282745,1984.0421290259933,304.40334605161746,611.3274167154739
0.005820262111845508,5.060957340903574,13455.252341122752,1476.651527937097,137.692095238619,657.1667453972344
0.006216321722258833,3.5534644256546817,6851.145701191286,1401.2219015198036,232.8149983246168,782.6604082578089
0.007905765681489494,1.5541145400695362,12627.70930829172,1608.7028690265226,56.80394962010663,2749.394259010623
0.006005669179080314,0.7980939292565157,14676.704333804775,3216.9004820448276,255.88850649799787,2973.1455125821667
0.009916112458538167,0.9972999887585494,6903.629432887577,1081.5804098787758,95.30061263627724,3385.2148945924
0.008055330589436105,6.031567097944492,11698.029216090164,1004.0520295518655,251.5722314764528,383.6839091898725
0.007795453030004707,1.5812069669277429,14602.67061022863,3160.266815886727,336.1286342743442,1279.399220303361
0.003996560799843058,0.49776132951050567,6932.274557991198,4408.574889585547,120.88948025154912,6101.836064401575
0.008067688776437421,5.352731083982905,19644.91704253435,2268.966606248329,267.823348327359,835.9410776682893
0.003878337519126599,0.7949372556101543,12591.756599663848,4014.3588879330555,230.20939737094116,2850.8438878583684
0.007975000435246307,0.7831735199455331,9926.14951715671,1612.509261550274,90.21707985186802,4186.181448065389
0.008036249345235294,1.5352618162278227,7917.2096867197315,3239.6653527131134,241.20149591471662,2333.857266969052
0.009999503827096468,1.254938360987655,1418.8351007771441,980.4516843739445,114.28281882591631,2588.299189750504
0.010097602791587751,0.995336520248261,8945.296821531027,510.00094656537544,123.23504760818358,2079.921659771907
0.00788172171113696,3.0231719290052395,13717.70933425717,1005.0015063504868,163.63589915878447,912.6665068150606
0.010487459102834716,3.7994899601673957,19620.354659879093,2007.1166990892032,259.1050924033648,1132.1522928012564
0.005762099989542281,3.017437890820816,9725.254139555198,3237.140775979742,278.38513241753475,1014.3051452041508
0.008121419718472564,2.0451323928954688,10074.634311460622,1514.2800751623613,210.91925604497467,1509.7331181864688
0.01303263304242843,1.7471816816591506,2064.0218297379224,354.9960836900174,31.659655010109137,1458.4496480501045
0.009932996548740842,1.95982542017165,15915.15784312868,2289.608084112249,147.8192185348286,2756.6461320788403
0.01006679642581385,0.3514070756723645,2184.7532710386804,1467.2886394567468,17.804961528534946,7422.653147905794
0.013869314340159849,1.5120423933886042,10922.03560407965,2043.9588198135932,302.8926914885209,1561.0039914323022
0.012871138213592042,1.918400746336493,10348.467207742764,1987.2994556347514,254.03471889919524,1825.6352250929212
0.008247686311228717,3.0232142712786696,12090.436546144818,1511.5887338893617,317.0640726192111,644.5349526847701
0.008164124804810102,0.7784304882757895,14673.565959449494,1025.4265032523874,178.8932983861516,2141.056363192294
0.005964577262379979,5.00412612532519,9856.904821712356,3346.026355215379,298.02090412995733,625.7809389060088
0.007907672969144868,1.6065298609432617,9780.520881952232,2686.679503790866,214.28814373100008,2261.3383714749875
0.00984499435992866,2.528617981174993,2493.03231474596,1911.5695434331703,154.05540022165192,2167.0683762931376
0.007750991181144847,6.022342712524067,13693.736099574908,4009.751098503528,209.89651053496067,1301.0804277243842
0.01268329402452617,0.9589359718718582,1312.832661637732,626.1118435479121,104.9840841167587,2959.882044106902
0.014893631692985866,3.2213485637239696,6400.1948236728085,1516.6249279402437,247.70260752614723,1500.24380722087
0.008447987725557455,1.8101626755327727,9695.415950926921,1636.318969970163,235.61791461466387,1712.5022350935533
0.0057773671213392575,2.9743944784871146,17597.682639861858,1507.8523598402057,241.3610071001598,735.8577761725624
0.008215411134871564,1.6635961616634656,7935.983811113455,2223.982075581188,248.06551197141746,2031.2088496629167
0.008090422967185474,1.6022741050495595,9869.159874873922,5016.128455348183,298.3745182181686,1864.124478679306
0.009926965408668307,3.655944855749723,7005.617066358537,1430.304488836913,166.3067733910334,1425.480806455973
0.00805778266133334,1.0204224238206994,6869.748362726011,500.6107794754315,165.19624363065913,1880.887166111935
0.010050175210633507,1.003621274936766,5980.327012262111,402.58077465296753,125.22342103405832,1994.1942286731858
0.005826157585286306,2.968441382841584,11651.532778158127,5016.817558890787,197.66658861069402,1987.7077486939036
0.007917987901805607,3.020312722300144,6828.849782856946,1995.167639741603,163.46256600439992,1664.9093252050736
0.015252536704808122,6.010613292487553,13761.325683534213,1411.4341648182,303.1806465464181,594.539758989018
0.008043246663220973,1.7729424042476059,1994.1443015190894,994.6771417699186,166.27269682699884,1642.5653928409963
0.01279108086489654,1.9502054099460004,8238.777871712322,2753.4082346962273,261.9415878146442,2087.958973099469
0.013334439673830375,1.757747165441657,1413.1656643148217,233.45497138398648,31.009517979845615,1116.5524213377398
0.010252598673212666,3.7159854157924235,15749.60222668249,3431.7654907639276,272.84086472525485,1489.0758124627912
0.00791816210237431,2.9840580131860763,13984.316640772435,501.1184258444949,296.00997616338475,413.2457016344212
0.007968787916029492,1.0050888125399422,13757.422276440526,501.53722643576145,240.84400718706223,1132.8401609450325
0.008153865283601635,2.9962864392926063,12020.136348334952,2504.461324420652,223.10947323685514,1334.5271739673633
0.007745693480113519,3.019324942717648,13543.321654501484,1956.0945728142055,253.10315286748815,978.3098973489425
0.005751638011311901,1.9877775173952885,9685.296545861991,3422.828307517518,239.61942812750846,1659.3141001794816
0.009931783654541813,1.0134174219357603,9900.337058410438,1172.561751671082,115.7801837968758,3317.5563377718395
0.005557723151849343,1.3566837351873002,6981.919152800018,3839.321291806243,282.0265851326991,2044.9250977585689
0.007667089499655457,5.9553558627772185,17868.711092576006,3960.864749186222,121.52922651820408,1657.1670422971752
0.009956575253562258,4.95690643007645,13897.78218768458,1368.1950516277543,236.14098834261114,679.6092975825435
0.009293109805947672,1.8117001698984354,121.74223434989266,117.96170723187913,60.252967574471555,373.64826293407646
0.007846461907041611,1.0329613463859504,1037.6959341850188,273.00061911894227,92.46708406964414,1095.4749669993619
0.008000125927394528,1.5989913213482767,14564.56043559794,3178.402958873613,255.5491313250947,2269.2575691647544
0.009910462016048636,1.5135390119343832,8081.144278241724,3539.0531299051295,185.7247170560062,3489.0947387394576
0.00807422296566334,2.493174992863987,3046.4229866225182,4096.031374833915,142.5898718451732,3043.3409023555987
0.011189307458179639,5.96902494753674,14724.670013588862,3062.2545792657643,319.37345412032863,745.7706030048981
0.005856613346771628,0.9978257147484028,11891.363103213946,1492.33018008455,116.29397911069437,2469.2285629163753
0.010654514078422125,4.014043871376769,14660.807019867023,1009.4394020238808,296.1001784765584,528.6691570142515
0.006095865697020088,1.010445622380757,110.24218771894616,148.63744995469483,28.021671052321402,480.2653659321062
0.010027248559702918,4.958083092643816,10128.965765728854,2951.871365486444,292.22973177499864,882.6894401787052
0.010113582633715628,1.9971781173832566,18116.33814182177,696.9197471877218,161.8499363924743,1108.8523618671588
0.007959402103635391,0.9918752253171608,15639.587135049704,3321.4649355223332,303.7311373036588,2432.5218314928265
0.007976591278751768,2.9770264171310123,17536.41221372488,510.6622146319373,206.84200087401493,495.79549023289803
0.005909106232876788,3.999313721789914,11947.381227063855,5060.588461177295,259.84114680768,1273.8978989254308
0.009906171800150134,2.020873372664539,17851.26186711573,1155.6593278854969,142.22925676709653,1623.0178818284
0.012660797355755095,0.8999425756334644,10380.289282594382,1342.8876490520404,215.4070925350082,2797.8871300250767
0.014962188927657603,3.1469053181027147,6508.246609660762,3031.367567692971,219.92568991437986,2181.330581543342
0.015267378783694247,3.1759698582214493,6367.290956594481,1118.5219409293306,233.48665682148072,1398.8675269874022
0.006000528974770449,0.5013683831616791,313.81510793165376,252.0075614678797,32.592313830089175,1363.1689052039262
0.014064176679138172,1.5137403126066575,12339.361465179163,1007.4142026594704,296.5871375133866,1288.3328235759734
0.007987033956963221,2.981102035745482,6756.228536167471,1015.6580232828999,152.4371788033018,1224.2309179060346
0.005775501467450457,2.944844392134184,9903.199230895647,1475.08535476595,159.98271059953473,1015.0688389347176
0.01275944947294193,1.9644314795481983,6800.397231480468,939.9138152578812,249.54913028003088,1765.9821360541032
0.010010800566057996,4.914286474443466,11838.350842427715,4922.254220654604,221.35139087443275,1809.1323970470423
0.00784639765376245,3.0658487861729213,9919.483132724554,1011.2652216080676,198.46024484435839,929.5875916099357
0.010096896442702875,0.5911063679754512,1356.4323407836296,241.82736509786477,40.25025290286414,1978.5994533133085
0.010562403124981348,0.9986206238331107,15658.719222332213,1516.3352159656213,264.5802614266026,1985.5663294674544
0.010749807448703939,2.987548990205496,6772.736333823125,497.36705860784224,245.29848024687675,821.6053686659965
0.009988524620119704,2.017223203004355,8009.359945395013,1239.2988821181332,128.11236245457383,2139.372016981614
0.010792499599979225,5.810461833521874,12015.460140135296,1492.4427184229821,312.7223948156855,431.15936892949014
0.005783975614497768,2.011629366799975,17784.014280864205,2631.92189562629,304.55769364935156,1228.2978623281497
0.007977419795037601,1.5775313668412505,12916.70806104188,3196.5917095212476,188.8630304604323,3056.396490084961
0.010793641482004387,3.025142474735536,6815.245386257411,1006.7070303965851,240.12458195740712,1204.1468715447616
0.010676612307393916,4.049166221304691,13635.724448866475,1521.7371166426901,136.14055887275683,1259.3895976574386
0.010719515106995214,5.981640842614872,14900.50099313205,1991.4938998444502,319.09756908244475,505.85693812497317
0.005862589301617448,0.9908117797774043,11686.5587677715,4991.151889036247,120.12887842006123,6312.201833550863
0.008123248362748123,5.102459527833128,9822.714882895534,994.8734338434112,205.03295127450934,586.5268586253251
0.00384618137795478,0.7981561731214002,9610.712981175562,4949.518752870909,272.70909841233447,2509.156604735647
0.01090492425143274,4.0060914671928245,11896.19492880843,2014.217098365092,254.94915096277057,973.8899574032152
0.01518057445768361,4.05744822204606,6394.017656089053,1109.7400397591944,251.47850198887295,1116.8501403003497
0.00808518807829942,2.9876589555819675,17970.764563458688,1500.9113501971517,250.09171309362964,897.7132801631034
0.008103808972707124,1.0095230992946074,13570.163180818428,1012.7266891845801,321.16212890281327,1080.3364404999302
0.008105432532374751,1.5899874884639098,17684.26601806992,3198.0011410833104,321.32816999315764,1768.3067281174222
0.011062163928356608,6.061902262435899,12771.230426149681,2130.4286099656506,268.1183680060926,691.466925482888
0.005994162754290364,0.9995656482418676,5023.388137270787,809.3846108956845,66.69316817539195,2674.0844727374056
0.015169412731062117,3.972050306884524,5002.54008357272,2284.8233721411025,243.94473396631153,1595.6982970769425
0.007924754677666004,3.0145131521949056,17714.93406214442,2017.3477743862622,137.0800553945417,1657.418416925025
0.007928217075391012,1.995538107102541,9867.969295490466,2848.8919828510057,282.24409050449685,1510.417132359866
0.008031167635913373,3.5267897286510688,14533.61228870237,1971.3718799723588,122.55223228485005,1489.184913439773
0.010133881991487043,0.9920276455208488,13819.257399031769,1956.1372289172302,194.9424945933184,3246.1940256721136
0.00993723125637478,0.9926860524997135,13731.255209993828,498.303828852937,101.40298293181688,1842.9255409092652
0.007835269921370593,0.25283789661831413,7794.094371042915,1526.9108504302321,141.50286213655244,6547.610051350879
0.00811255295760746,1.5986034767518067,17654.55516358026,499.42746177698217,193.96852667008937,860.8903456372486
0.007921080595944987,0.9986182151563565,9865.10333273352,1032.4443721021103,158.09319925313028,2331.1228499724484
0.009973549081249575,2.501488321772894,715.8486039302115,457.5964556397534,61.95049536693091,899.5089183555884
0.0106946595914496,4.05806068278127,15726.680587380148,1007.2188281206942,297.5922867637265,501.6922762106333
0.009959905185265547,3.067494677108256,18880.378833374805,1443.4796222150858,338.1816562763994,618.6741710372389
0.01079438893104837,5.86740981823077,13945.278596466702,1005.6047766588432,304.51331064183836,384.30996479448913
0.00805425341536208,1.5872487204148742,9737.367904082299,3211.2950494032584,268.21575271682195,1875.6143331340506
0.009971268715660358,0.9862228007989883,13918.432439586893,1007.6378281121328,194.84074184346346,2127.780141575838
0.007834970411596356,2.4146923133704146,14743.01648134995,2690.540560349033,234.27890593549913,1635.3387009166229
0.007982225761009295,6.03819884564505,13784.638690017433,494.5127149562836,228.84752154513112,276.25894638308137
0.00381447941551338,1.555725245013387,14789.952586480205,4003.1138222643585,267.71811363966964,1586.5375584963556
0.013156236022296175,2.9983882272976348,2983.3279170284072,380.6992400887123,45.154347243544414,1001.8937449206279
0.007788572824454748,0.7739975782878561,7888.1780740173945,1594.972719632512,130.54315335232045,3767.5162719549785
0.0057290846526273234,1.9984864858790767,6895.883108524543,3375.9964576679013,59.44742784197171,3083.0319672128016
0.005766562586866586,4.003810683797667,15479.37392657457,4958.7459123392455,262.9180148719076,1434.9349982098047
0.00992878650752174,2.961608611014986,9817.787601771775,807.1412576049984,197.1659188271075,967.2627514811444
0.007859718248311469,3.5015904773948985,12523.967698310757,2005.1319610249518,146.50091560741822,1346.3000184494902
0.0023982860222133352,0.5075530320435876,3143.5061201746375,857.9080219956218,28.76660999487067,2126.7966989716742
0.00807786182492027,1.5578872357495244,12728.67592805601,1595.3098204696616,47.60182622706916,2780.990814312233
0.015101536922469419,3.9546332764725447,6428.291548398785,3011.9745402843228,268.9024289712225,1590.6493996793301
0.005783003785813338,1.9674835338163377,11654.684308757305,4981.901037844562,95.30802078549172,3853.7704661524117
0.0077732064973301575,3.1350213170338797,2808.026135993669,248.60496362946503,126.51050964816338,447.2944408798765
0.008126668388020874,1.796046913616263,2992.341844412825,2010.3611870489372,164.76436553011925,2502.1033443576102
0.009969929490015926,3.176896869386958,1726.6607768901574,156.44909871059875,109.46327331960275,426.69823600035267
0.008051617474257856,0.2425034049136253,988.2842427725903,2095.412314173736,52.798654312005446,8797.676611194118
0.010352728713862875,3.806709815050649,14581.12217103443,2759.498902967833,273.8276772040372,1182.0259885234157
0.006140023530824872,0.8992946822773092,6967.462711753672,2854.1900665062394,186.93501821356153,3499.603974213373
0.011585080153550028,1.7054740278880627,6767.658818823876,1005.310264915191,250.79573954275963,1869.7003085440624
0.009929914005328118,1.482378791282746,4056.0048583860344,664.8998367042867,105.08452869554863,2170.987096410451
0.007908130644818932,1.5505068623809917,18042.096158296918,2176.5618102759663,298.17935303229643,1491.7897848336838
0.008098347302669858,3.627551539137214,9904.400859285272,744.9344709765422,297.7248924779753,474.24807250186814
0.010229436603424203,3.642323636003824,6910.631993504003,4097.690050449302,131.61099515020152,2587.177206653799
0.0080524155558852,0.9998759478687294,17960.487920687516,2006.1365462642211,317.4840463651702,1538.5749082406396
0.003995176543859223,2.0753216070766958,662.267048744094,1008.902002512203,59.62336155814431,879.5844257752861
0.014987777870406296,5.949728070643942,9734.991517235125,509.89965193433693,155.3363876401498,606.4079917516068
0.015013597242833904,4.003216144150559,6397.700090431573,1094.8902833778116,236.07332893205324,1136.0413299416825
0.008009407079019095,1.5633584143137103,9683.848405480936,3278.292590571409,216.49000129898135,2510.1458834897708
0.008014531124637549,1.5850525744804724,9727.254729876377,3250.24067948237,262.169601488371,2019.209887847891
0.007948471435102251,1.9941900650576485,13682.716387950182,979.0312654612322,220.95571275527806,1033.5474446141327
0.008192519504587433,3.6983144601112885,10104.247010188466,2976.3228487316132,299.16467522969344,881.6719181486574
0.010066455284040017,1.993571127446601,7108.480683697877,1835.0890223550998,154.69541120011334,2476.8891977936373
0.0099792164945274,2.990067675488137,18186.229032053965,644.351178163267,252.47273830601478,566.6985421978852
0.007967745858033923,2.9775909860793908,17521.740872174112,1009.3092069726703,199.51991044259694,810.1448600026574
0.010921724149106339,6.032302438550303,9671.88757157135,2691.094783022902,287.67911674268726,787.3809549058266
0.010067030387767965,1.0075989666210152,3001.5205090205545,1680.3541520159247,38.718316467670405,4888.066522037282
0.008143650488042917,1.9950368195752817,6934.459846633236,1483.5776960883672,282.25685516349574,1411.2619757860732
0.005804437086062569,2.0203244828664864,17444.585714505374,1533.5845179442383,200.00793569082822,1150.1795353684408
0.009898412644409384,0.9875776708076646,13985.091455831925,580.3943723205394,100.09087309160344,2083.887468072116
0.005893926931430866,4.026676416707575,17360.209114175806,4953.259809043738,99.06790178194501,2497.0078484313535
0.01078265113178238,2.980903308202607,19561.16280019229,500.11532966341935,279.9321834312462,457.0341878304251
0.008045294756187937,0.9978289081637546,17745.154974405654,1011.3948008928259,85.07602617621593,2288.988687001442
0.008194512028929998,4.9150100853496,2006.0685664469568,2027.4862628924905,114.69324460256625,1069.8007367946666
0.005942910429974273,5.973127753552416,13890.849700896579,1476.1145832863758,219.57585932807783,422.3520627159741
0.00614490568858478,1.8372754464714331,6958.085386409746,4056.405693294639,250.47556129191744,2065.2257526035664
0.00978997341610651,2.013039125139918,4011.2228758501296,1443.4805727747093,119.98181982597619,2546.8271648482537
0.012827872930389485,1.1122271548667184,6900.59150137057,1896.3315893618221,126.3621816942618,4332.57165416937
0.007933753692243221,6.099481768272584,14700.085268237952,1014.2700357944688,272.74011279227375,347.2154466425721
0.008022269872382666,10.944421900819497,9756.583973850808,2691.0727741208234,282.2347187429656,403.031443164826
0.009967375643872229,3.1335005009427217,478.6110824308516,295.0000126475771,78.37580172029861,572.8561014888436
0.00799751458262179,0.7872525030135957,4829.280426584915,1596.4618497254414,218.93511864615095,3349.1712295535986
0.010064081476642025,2.045861377744143,12100.133770998107,1142.8483735727273,119.04759281141058,1842.0486198669764
0.008126284978103132,2.0079907216130786,15842.896244526082,2035.1466384005985,263.10871517357157,1380.255304262319
0.00784563985813573,1.004456674225981,13657.907753764108,503.3018390142044,119.22103245250962,1515.7240831228887
0.010116344331037001,1.9608624311891942,17644.469149465363,2743.5554148952697,352.0490916168659,1201.4303242275944
0.008052134280111915,3.0250578801602077,6826.394166147951,1012.4241537133869,186.8638317040834,1128.0185897088547
0.010891635358118499,0.8620688602633959,7184.065208442202,539.9257859636008,272.4183616765619,2114.9638872377213
0.010018573636445099,1.2684911138351291,1481.774811062996,1376.575067051751,124.5175421321362,3128.3303645698206
0.009993146939645208,0.9910968867854582,13639.481414607337,1617.0309251971987,202.67724033384883,2760.5369255823443
0.01284642468754836,0.9437699892925918,2679.059342374137,205.48280735547425,49.60328333716079,1531.0588594123567
0.011314207337669599,1.827337489635426,10452.722702044644,681.2805127324472,282.57303831353136,1065.4437515242141
0.007946607176429707,1.555956103909504,7968.1867225621345,2191.872474917269,273.83596645063875,1803.360671979448
0.010005983116514293,2.068310770243583,2462.7877238942738,213.39539469259475,139.32493710958778,667.4463162188582
0.008219398701035031,6.138845515301848,15859.64533691697,2713.0461231680583,347.8778007037295,466.0747659897614
0.01082345408904825,2.9887463923425504,14748.967444516338,1000.5335810537706,297.73618555373747,634.1691639605976
0.009941755655441463,1.4726009131927071,3456.1672678826512,643.9239558323809,108.4192698710712,2040.990063319633
0.00994139563462077,2.494729984640431,2149.7225748026326,1394.4769963600515,118.58133856643084,1981.5786383316542
0.01013110018608556,5.040890653633972,11827.97854597732,608.5353015782399,226.30087630727292,452.11417794854
0.007955972276842195,0.24700916723805602,11670.343776428024,1511.8497774291127,240.55716916366143,4100.778165799131
0.00814677840571585,1.586000604625656,7794.757884230558,2708.2892982520607,203.4157817138738,2546.109295567406
0.009833737803972417,1.488393207968904,1850.734938333985,749.4873398824845,101.02832450181212,2092.767260623589
0.007943880323836121,0.5030273888560401,714.8997435463092,99.08997520123204,82.22569054266204,918.2624668698572
0.00999147221225431,1.9874870537094722,16090.398457935271,324.91503931345727,165.75118547154068,711.1117457420348
0.005844666064358312,5.965586041648863,14625.753886788489,5006.829312708588,239.35303540693275,1161.3894409112947
0.011056727935384834,6.013729683874263,9746.02463823897,2125.9742725673805,212.67274078525736,996.799893097682
0.009413533770123678,1.1943077563848137,119.04843170410105,120.00037833859288,68.65228610694354,510.1987229117649
0.007830001616807723,6.020216394238557,5024.539892713594,3035.9086879245424,161.00987436039932,1212.8696860388902
0.012619226735884732,3.634824545710488,6821.725025547707,1376.7020737588168,261.94650036872076,1141.1225859339231
0.005761153029918076,1.9676769856644347,17617.811914452326,5000.758473592912,177.68062393513335,3528.9325623741383
0.007838999611997204,2.983192143289455,13866.402080960888,3822.5429815112375,153.4043910847642,2484.057561288953
0.005838059499732713,4.00889629266938,15725.731566411301,3342.0715937775253,155.19627995278364,1407.957695161673
0.0077855693378018325,3.092923772117223,2464.532418874593,738.7770882054368,130.3231144393111,960.8924924803854
0.005800995811436604,3.0423950085295437,13698.849462330943,1501.953675050364,137.19216161474168,1004.0544693708433
0.0057135356490657895,3.0443240592006373,11868.13816227652,1482.7171628779706,136.65332561519276,1027.9697783693805
0.00795629890400161,1.9908462557010416,17422.978380496483,2776.675555547789,159.19875846664257,2698.361916202
0.013462811278962991,3.679196645985288,17551.547589382906,2036.6863601965504,287.5760236655277,1148.0271778772355
0.009985871342921943,2.9883194914613944,10013.008782524506,1175.694646588814,210.27558945001354,1158.097152111515
0.005846473736530043,3.000444542042964,7841.332092111925,1507.364253611842,242.897308109663,860.0432025757669
0.005859674640278767,2.0063086288512335,17646.4868169698,5089.610515484108,159.00909482455575,3710.890579245018
0.008040849869137253,5.425122599031134,15025.848799819203,2324.921353126401,257.86867353534797,751.2213734980938
0.010822666359984348,4.998734983179829,5963.405742640285,2006.889116330958,244.32417952690855,1053.674938032682
0.007990718482916655,5.988940799130379,15653.568471188359,1969.850920243844,332.17966806511214,361.11430514709974
0.009933293215344974,0.9989381874203908,9847.82839833966,1960.6067990889492,128.72786854628268,4167.8891493947585
0.004736132744782936,0.389398586924541,448.59527467930457,297.547315796294,98.89609650476288,1426.7071160333774
0.007894503375691536,3.494494007170716,7871.071157684303,2027.829347814364,201.90425269004615,1286.1667199787498
0.005630001188744822,2.93992485176854,11571.186825943432,4972.15567098093,116.01518296874006,2649.991822441409
0.010731394845317318,6.000219911825876,17628.83892370719,989.1992515897607,345.2864965224601,295.9610132293167
0.007836434441808473,1.6723685474507757,17729.015815847477,813.7336899183593,185.49682396329192,1078.0924822845795
0.015164219481450096,3.2205172704979916,6424.898260699728,2252.909114287385,253.56525462404383,1705.7152364026463
0.008129392412697355,2.0033795417211886,5061.17511952173,1002.9914280869763,248.96529617217612,1406.802314940974
0.009291364822069829,0.6158134960030668,119.49253345475064,118.44780258170995,66.90455979360908,834.2104468685409
0.010085194804118826,1.9937866269406312,18065.71318914125,2355.4330091652355,346.282602122455,1095.0889560014264
0.010110395314982843,5.012155326732718,12143.209237402294,1593.1237895039048,307.37946596111726,514.7722343565216
0.007945625402127846,5.143576776587652,12740.483900324853,1613.3307787078243,113.89980556760912,946.3919169495316
0.013329323274321701,3.6158759406357084,6870.3635471033,2010.996660436239,219.06387734024193,1647.4845992139608
0.00814627464407329,5.347779373474438,15732.05921778895,1511.8359609004228,156.95951410686405,792.5065625706137
0.015338071032009168,3.1643342542010937,6462.447342119377,1518.3332269728185,232.77611098329476,1569.6606792612756
0.009799214631673558,3.0307876110416525,15415.337575071915,3607.8786575555228,313.6597596450821,1310.7692835954736
0.007919890509043077,2.394324104471006,12818.7833076576,2711.749894151851,208.38788644457662,1720.1178779521724
0.007623772739172547,2.567506115118851,11862.395541453629,3417.1051131105082,240.28972480311984,1609.297263423891
0.010030145230792629,2.024565396430714,4042.6306330200073,2033.2586314673242,120.88695023965069,2958.0053394030333
0.00801359160623074,0.7884082947097145,2947.044454562621,3195.6993660594967,209.62119912645062,4149.600679529766
0.009491610283719766,1.8410729181621686,10899.095126362276,670.8420863331801,203.75998076850763,1168.6782966969324
0.01069509675696788,5.924273080160293,9809.183895923712,1543.0691170860148,222.4171988100745,773.3301947493599
0.009294401674824527,3.0978012059188873,6935.426645178589,982.2343563153283,204.58015522769372,1127.3546283129447
0.00931681548392036,3.006515757569478,10836.282628924957,2029.3805832826322,238.1652899340712,1248.765088223951
0.0038500270240597306,0.8024885101693606,9751.057428622738,5007.486875738967,200.66726756182646,3668.3931593517627
0.010671491713286681,4.018654976915504,15852.114746864723,999.203751916367,339.0325746232792,400.2185504852967
0.005370821106513461,2.5061256952879942,9621.055731089815,4852.105551758741,304.44207565301093,1379.0722695790116
0.00792537292985714,0.7845854952030021,14776.164954717477,1625.3432817500382,226.50466591344005,2321.9025925984547
0.009969081998919223,3.539149326210773,3996.637989433477,1387.4983782131872,128.60554561032922,1604.4024730900173
0.010725063459729874,5.973668365555457,19471.944087081076,985.9272518925544,327.03067196666314,337.1065668224869
0.010884339546814278,5.913018594140172,9741.856715920378,1570.2349219389102,231.15389364325827,738.0990546417324
0.008022452764329698,0.7935804883923988,4968.557487906556,983.7724470816055,152.18465183153467,3321.0000108265262
0.008127531200261,2.9386523848604496,13693.420037571124,505.15323734094716,214.14717981674445,519.8017241314423
0.006090636900564575,0.7757758005966952,7863.174792674539,1581.9053956192877,229.48402459884343,2657.229083284586
0.008054828671201697,5.348560465160756,14845.928272446843,1990.2432379984293,332.750986805046,406.9242380995769
0.010016149371606647,2.2643052348754193,2921.811183564018,1285.748973723792,137.99937478548108,2074.8392117969756
0.008036181608203113,2.5484960700878845,17679.331979526858,3984.4774508893515,319.64475803730414,1550.9228151961186
0.007894717442563664,3.0187041079239054,9733.950611475837,3928.419771244262,99.34410845512838,2693.412404265266
0.007743789466786176,2.976693398655476,9696.231365041604,1954.2906067027666,187.69847796882672,1400.4645643475596
0.007872679026131944,0.9858508304436999,13760.410831178431,505.7004418953097,228.52586758270226,1188.165876520365
0.007916442295240947,1.6048066732767938,12857.543099745244,5010.94277365622,269.248058076203,2769.5517779356855
0.006056186718920852,0.8025927927832829,17793.650374087476,4043.806002432079,315.45319316859303,2591.466680173979
0.010158076395249904,0.5902036124114408,1442.47165876586,834.736818249227,84.88657392872024,4373.377826893156
0.005774360038003308,3.0023061134913887,11744.916362620428,3276.1162216516054,197.47858891064675,1394.9221791990342
0.007893359792597962,1.5444271072897373,12949.255103739551,1579.7477372979117,145.6141532862832,2134.982608911316
0.0057775701257520165,1.9958708295070506,9758.035344698244,2159.0872545820052,275.62685208070536,1092.6292961991314
0.012486698154128591,5.590963193513362,6695.680353093886,2651.076056193721,247.77292843664526,1212.3613235938662
0.010705326887750624,5.02863938016367,17575.456541445335,2040.537155865702,284.77255261516876,821.2327703606538
0.008063256132784259,3.531051461692696,3026.716849268661,2006.6903660854532,221.52876343313605,1088.9563665524536
0.006030971032805945,0.7940023724592891,704.0638257254623,148.49531741045868,80.00058922168253,615.3800926169431
0.009299354222361885,1.7248818566879642,7044.097796852796,991.6902753841342,209.6265460851711,1876.9424905974379
0.007970512992613386,15.030585294375552,9942.264367016396,1984.6566013752251,232.62114161257597,290.7052019385515
0.012788189221768958,3.6610643479419838,6930.099015236894,1360.170574876351,259.8670250925774,1154.6034270471168
0.00993126835331824,0.3497413340876317,2247.6208649527807,2975.005999694922,50.92216155873147,10117.597360651958
0.006137817294351712,0.7942078845085059,7798.1780373385845,5034.6439749137835,176.373622141612,5254.347110301263
0.014178379119147553,0.9866999716364122,10959.36699026932,2059.5415681492445,272.84404421620343,2546.0002138069467
0.008055128940016967,3.636064993917615,10073.784889183089,1963.5401306902734,207.9364532672604,1174.7132880443419
0.007943796123625424,1.019227893514952,7059.906128416318,3971.167792372457,125.86888628464801,5317.727753017318
0.007953691918013773,1.5671606460076701,2953.4948650605133,1016.7675614278086,104.21699634899406,2297.251330537983
0.008062132381456404,0.8032785341613409,4961.783008294227,988.8607717068144,115.12891011626087,3589.715290900013
0.010069130783590011,4.965035419070323,3008.439952549884,2672.9391772158756,134.88234935252336,1678.9397295533986
0.009794697861322175,0.9604251910977204,1753.7398799395746,280.0080821278364,43.44292612496459,1628.0423134773669
0.007921641056200112,1.5789577314703847,13067.603125415944,2679.891589025857,159.2757113846704,2963.974335889754
0.014321246613363035,0.9994858085861624,12458.179176312515,2024.5852955278142,260.9703654353622,2789.8880201217157
0.010181362394617656,0.9879641811978476,7981.743504484635,2062.917527999831,97.94733231223947,4661.862815798191
0.011180542824043916,6.009774101769606,12755.768122796546,1611.020243222212,309.966316212028,452.1767136070045
0.006320387949502659,0.9231174506902556,6880.1440816432405,3920.0197612580537,134.70060038987162,4866.799571649021
0.00798492632831181,3.0100263660290136,13638.209318412735,3295.0448669104862,258.66651738296775,1451.429247028495
0.008106798839033104,1.5835229201648677,14885.289053778388,3234.5980259083567,320.0489296393102,1406.947962522743
0.01341701123486386,3.659114774643462,6870.224317206666,2049.8463074323417,286.20439895978814,1266.269286936824
0.007928274819494431,1.001715700369261,14607.255120508755,580.4504847004315,235.47102265164955,1196.6022903813557
0.01306320698449878,0.9534748095681315,2826.8294351051986,991.4674466153125,144.17406559148944,3898.6274081060174
0.011091051802399643,1.003049303752409,11633.065615811469,948.5418466004918,246.32745078319581,2001.1953398223704
0.010739690853806624,3.0401630424603914,6837.627533930452,1521.1552862371175,244.31451086495284,1402.181139543353
0.010074419573273461,1.995732730505769,3962.0741764580875,1394.2153784280463,114.48766927728515,2579.9674867207264
0.010666330186816559,1.002925568713775,14598.915813318024,1992.3660417158503,138.64770136764375,4191.997944523973
0.008060630200109496,10.944130797085766,9882.591710967843,2004.8258332688306,198.34248408095712,441.76906419635935
0.005943810512704637,4.05259698112697,6804.434087616438,3324.5259029628646,37.86388758304455,1960.2450709898665
0.00813902833040298,4.023588649707774,9741.41796718717,1002.907328858772,260.81987109507804,607.5054437202747
0.010302593953591654,3.816365369203145,17840.466758281156,3295.4694332371937,279.2155886511495,1544.3556718406246
0.0060486760219572505,0.991573086991223,3072.7636119643353,1292.8375313618735,78.4163361500004,3396.5350244592114
0.008081225236727042,1.799651622652025,2984.3560190028156,1011.2249315739319,210.14030006840215,1583.4205133024318
0.005812043800271706,6.003990918160789,15568.28534571192,4953.098609183358,195.11361811610664,1333.2510383743822
0.007992181677367056,3.992846674351544,12102.670835194125,749.2430132534512,221.40389166530784,533.277602666447
0.007614970576701038,2.603622115662057,11676.71412772392,1491.2674762934398,200.41451471750733,1163.1316503705034
0.010150740863258543,1.997681356096276,13525.918760457047,2078.94592737186,197.81361140835457,2123.496319632133
0.007732404318660525,5.968631999076802,13951.813245319125,1005.9110733732565,274.2740922468036,328.4922192122507
0.00788226665131783,3.0215846707251073,13865.63785259035,987.6529034822973,239.8772845034609,737.0744759220064
0.008115073693985824,2.0291318693375775,3078.2672897158295,1255.5985863408969,131.99320359272414,2027.6211544884522
0.0039849159115366625,0.49647193870939627,6953.793492321218,4458.412561424326,154.59068356110026,5015.600357798464
0.009969059013029824,2.9772051208540984,11787.192339173049,2928.8281269741706,304.50093583880965,1086.862902753176
0.008074237945811602,0.7038550029197005,9823.667962287904,5044.543664455347,230.0339297541717,4976.485304460401
0.009586046306474551,2.4380229329539285,117.40912894166856,118.48087290733386,53.91773961663201,311.4680323847186
0.010032545642990602,2.2641067177225738,3258.2057107498135,386.5812502410809,66.6594590215859,1041.462888289198
0.010074637458673825,0.996557903483162,2486.88114247599,160.45416182067802,32.0590195289005,1030.760957996519
0.008293220742093458,5.404780279052735,13623.931291774872,1495.77797045691,300.98056955107,413.1134648698562
0.009943110027594957,1.001603674623417,15971.222500665555,796.4708254628506,115.27602852568745,2449.2477178566255
0.010010360109454535,4.93686997527655,17728.427795992633,1452.4638912335413,254.76507560847645,681.0055618354772
0.01084384653628225,0.9961445443041365,18004.37997191515,2024.1362489347316,301.0878362140886,2019.6503466175259
0.008012121104054573,1.560587810018062,14675.046652398509,1019.1297918698795,257.3580550175556,1087.7051335601168
0.008010713313671649,4.0386418958738854,9923.594251584056,1977.8672816095223,281.74481789232766,753.4493570481737
0.008184751825354834,2.0038070231430196,9770.583436941817,752.0837691056716,211.62345667742392,1124.6270894524478
0.007941683650279821,3.051901837423744,17662.70758406741,1026.6129025885673,205.7891075804467,790.4533695254812
0.00990559612862889,4.945833281246223,19473.076062722914,2408.104089837984,267.1460881217533,1074.8202877161098
0.005800043986021907,1.991233587016025,11711.368858060567,5068.573951711102,199.5861979813518,2678.9635596697763
0.013097444702055656,1.7549455396341345,1364.855338279429,378.28275590068444,32.09959497358001,1492.6945289861676
0.00786060469538283,2.020110588230872,5805.116397955609,1432.605046068436,38.923549964860804,2590.199488789954
0.007980627697662671,2.9813980670875826,17699.818613388765,501.604424127187,303.3229163077223,362.8322240106817
0.008048124484861538,4.053419660345858,5033.60128400601,1502.185601989011,164.88978299390476,1163.8102421134004
0.010038132641953709,0.9530065145967513,1985.6098252905258,406.4648427221102,59.21023906320085,2149.745424038374
0.005824994247053645,0.9841659958347986,14782.014199639529,3392.8740596572725,116.57185829072272,4790.307584751534
0.010224017714992402,4.956556122519678,15974.932934714336,5467.542182713457,331.0623473534535,1398.931656617393
0.008064127710286582,3.5997448882430323,5094.790055011931,1018.0259175922489,163.43600104383518,1031.4915279169136
0.010768137008836607,0.9760854291996912,17880.57822978955,2019.2858695433972,220.30993655962357,3089.841436133483
0.010724016580230613,0.9906105690698784,5907.184239313996,1548.2476043430515,98.45042434170551,4114.565076669637
0.012766538259828875,1.9559213442008387,7054.245073575692,1944.2359939103496,76.51937877982273,3496.0635332908832
0.010087495232255958,2.0446596646876323,15878.924523432057,2435.191694985204,156.36547871691417,2833.57272113879
0.014268824177977379,1.5496918543104758,10958.368116814641,984.4023292437508,283.47039230119765,1509.4583909092994
0.007909389643198999,0.9962758963093531,9813.41819342997,981.0078421250839,218.61816038118687,2002.783751451272
0.009933937518400052,0.5946200168384392,316.0968399589035,551.8076711760035,35.220350780632266,2801.495823781563
0.008129674527888445,1.5556377188055146,17980.703440399022,3978.351394307849,264.376472363565,2888.9031365426167
0.007979596239368857,1.7950085491957062,2989.510801665013,1977.1298772542928,208.20770913547636,2074.6892371339923
0.012348910006231676,0.7321704795651233,343.78351875729226,101.96337326054932,118.95619748015014,799.5871783436145
0.010788424637667972,0.9923094623375449,9663.078373673987,2787.663260244413,257.24208858751155,2663.5396977817286
0.01508217689226423,6.146633033704464,11723.389222298101,1431.9400097085306,302.56274321398314,614.791372443819
0.01084502775725182,3.9722492298804557,13624.149572882416,2759.5954469853073,278.6073880978556,1103.1730204977432
0.007978160060453992,3.013494944375419,13828.479427858,2018.9416915978898,268.9567721303113,928.7871095013542
0.007999695205589956,5.998610264702307,17555.80605847532,2016.8792150623497,187.98523771499353,830.1726631218189
0.010752512961767388,1.0148378494587318,14948.459171750224,2753.6146906631925,176.53700218267147,4727.191429555742
0.008091088532105904,0.49560001306658286,303.6608218361086,97.94724763432308,50.664481797925404,808.3708638477785
0.010869926355472131,3.02460117496981,13943.322958469373,493.2004200388839,263.5896527930879,554.116608723824
0.00578507996731127,1.011656753839081,14776.51395189177,5021.480014698298,218.72281396971093,4627.415599311895
0.008189434954971443,1.0046920422554817,17833.63594759687,493.9157584298107,277.7469556828577,879.8584387903658
0.008007971277338434,1.5861861140032352,9733.100098062263,5052.69854493208,292.58840980216075,1980.0474830376063
0.007936784721998569,2.4321190240586557,9851.885386105638,2187.644200232657,281.8652289120321,1143.175799693179
0.009209422242575808,1.8440345378055247,111.54047310049391,93.00486093967189,93.32705803590586,358.3173854055495
0.012371621934356774,0.7454709678109955,690.9509096221486,101.20169801899476,135.0331510114069,838.2069833602667
0.007692064969917525,6.00323327010921,9898.743125829697,1040.2207229978717,184.24025560294993,501.7990258321201
0.009987866872747062,1.0011711813723638,14089.722479790975,1696.7565046774766,216.40334037415533,2649.2078498973765
0.00803143591552152,0.39462957913224483,995.4003981457113,4777.77549948472,37.17551354444944,9686.308748246596
0.010551638676799681,0.7609877274052415,6904.898335518422,1484.2035677105594,129.3684525231799,4224.809324344843
0.010005084060807044,2.0095613032548587,1261.2700542361044,396.9948676298363,72.13518632088703,1054.8948975428957
0.005649823858107566,2.0119317532294145,15614.985859286819,3447.9727388243455,96.94405289218756,3086.2039642483446
0.007718269959453707,6.00850015482024,13636.499437910967,3989.625896000806,228.83520055605578,1209.6903464668437
0.010987279380877681,1.9953764276928814,5978.751187242733,1080.206752909174,221.836858518692,1896.6890296357803
0.005957176309982392,1.004542332645639,2046.3501559355757,1323.1848685169236,56.994350520589535,3381.7450664849594
0.008181742281195304,0.997290551675791,13719.5791982843,1999.0706399779676,161.71736728966803,3287.0763130684436
0.007937559463816588,1.5604585224929537,13553.494162938405,1535.7131766705575,316.6260716730859,967.5650055809541
0.008017756379315554,3.4515607458433273,7808.102358593017,1990.3926398621772,241.58703596366865,1072.9682703879025
0.007837992361446144,0.9988134707746985,9650.491466794372,1019.1314487780477,230.7945709916064,1951.2730612961675
0.007880850471291114,6.029464920432966,13766.885848057587,2037.5564212003603,267.99317593535403,549.0680431556168
0.007656369000991159,2.6389658855185645,14688.907212912123,3484.6754395780786,311.16724954121275,1197.4949176483024
0.008227552501223253,5.241907773023346,15859.355572349765,2291.0143170591787,320.6677392897636,523.8542063197788
0.00807747667720583,2.986737048938444,6994.481909862874,6084.179117688133,271.5142879943277,2036.677052378534
0.013278712038924587,3.6805402008616177,19027.485777298923,2049.8250476084922,317.2440156824807,1055.824846460462
0.010715750173715934,1.0075206726201535,11722.637729754291,1970.066933900536,134.87599884384022,4365.2917187329185
0.008191764883529361,5.083454808733948,9819.637512423546,983.8755304994942,257.067576709434,496.02273092077485
0.007011160448428542,0.5638789093143843,10115.906983814864,3446.6442210912487,299.1700585626519,2424.9826965501024
0.009870132855228066,2.099682366249896,595.9700593417642,703.6047736995931,88.1828371173408,1235.5527273245978
0.007917377397505209,0.7982837945022526,9835.31073645674,984.2572998254506,117.85445425233081,2916.8918585169204
0.007550427060355223,2.6249935286010486,11748.407267417306,1758.9376318126904,303.0509069717738,822.1643209953662
0.007961793410713524,2.98536217331069,13941.829889769831,3955.2399096857484,252.98836121107814,1764.5459099034802
0.01002475407856546,0.9889223459145163,909.2162065673466,60.36331551187481,93.93325239475172,505.0069683349647
0.009873741476610437,1.5093960736313836,6968.02948824876,889.684108288864,187.7239186003523,2018.8154725279917
0.01092529428009976,3.0126072179691397,17679.51266415565,2013.6392349643556,260.7415572088502,1287.2822272431542
0.008267088462588945,10.919886358925648,6995.69593242518,1998.6438498398402,181.45156792316584,496.0027563304805
0.00761848596363557,2.6293071856874897,11737.65373439812,1478.9485758865499,196.52675497367062,1183.805072828766
0.013066006040666142,0.9577415308125989,1675.1943611275385,1142.4696409891628,148.57565999167343,3795.3615682143977
0.007770556180680294,1.0226353028159136,6850.414011545433,992.4566881827834,152.49061771549805,2628.151083077018
0.005832130910384527,2.0252767178213857,17943.41524637868,1498.4817477210247,254.43877864425332,964.2920795078679
0.007773187241850608,0.25065992165955064,5854.496093342129,2014.2265921598262,161.44463329102481,6686.643311387412
0.009447236457483592,1.7351845041112524,6915.405601062219,1357.816843725063,217.61047495967748,2052.5177847967334
0.007705885363726504,1.01049528612308,6887.773793761848,4011.4010058557533,279.2204063710193,2678.784426483397
0.008102679527941838,0.39495333168722924,489.09357187399996,5078.466714430509,40.85255830496759,8992.533777478153
0.009417781660203507,1.7082190954226857,6914.774320502837,2060.5601923514305,214.12071610968272,2377.284612158039
0.010171210228423454,1.9795619516352367,14005.345469380038,4861.08191804176,328.95454331030845,1900.2589785095527
0.010129392934452926,3.0193038610855,9702.086454349106,2049.108955689376,207.5679260337695,1549.6343371434973
0.008057841192222906,3.969975897462567,14253.89146992647,1000.8922460824915,232.99560248913758,590.5131692305202
0.010027798224805404,2.0215342085111314,7103.207789911115,4862.649582088341,149.83536726496007,4027.7673783914706
0.007904226174497342,1.7680142274916588,10029.725774255765,7559.594899062445,239.93928654299762,4160.873015455494
0.0057421897239245115,2.9779974324095972,17895.615484084683,1508.4745133645292,260.08012655749445,666.051744911358
0.005804102866319158,1.9918399288833466,17737.75248676473,1488.058577562825,298.64496443916886,745.5356922732886
0.00999627510634452,2.0828367419035265,468.33334153117204,500.18388059811576,121.2203789679631,1003.2095859498327
0.010977626448363201,0.9919791123700369,5902.52523734853,1535.2252481740823,179.58475185503573,3334.210661688666
0.008006912745133621,1.5804687191590931,9924.956756502532,3988.2783499278194,293.9984380768778,1818.144276015815
0.013074454126692545,2.247301086685679,1177.5290421993752,594.8405427750986,38.75736469167913,1570.0486923754338
0.010043859438820586,1.0125513102015316,3135.685161485356,480.16483866811,70.72625667858671,2494.058865991834
0.007820257553022384,0.2501845692516568,13749.754210525398,2014.5859931869793,223.1211985677732,5028.305224831827
0.005970308498614989,0.9966502899774641,1107.7948306138787,1439.5179318970254,70.0972044369685,3105.1040534961353
0.01268625349064458,3.6006438219033305,6775.821066273677,1336.1109422521324,268.6469561197685,1125.426836849356
0.005718428703469886,0.6199332639206852,13840.022795298042,5357.742364576771,192.7617611747933,6847.4508791678645
0.00571990121426699,0.6223745187731258,13802.703558769921,5360.789567960671,159.90378836343228,7510.580395133736
0.008122190625185557,1.0204498298564482,6979.514826113877,1978.6263989402314,174.2553050754798,3258.1849772400246
0.012892028428765474,0.9647105586552648,1492.734441173686,207.89674698365474,50.198918179581476,1429.8418967207203
0.007950553644554121,2.414666096036797,12830.929530989135,1606.4173148959776,115.4288186683936,1627.8511615542268
0.010783583096834354,3.0022062911982523,14678.401681614741,2747.926054475181,300.2812892457489,1206.7696784932948
0.009934045218759438,2.00182396530296,9735.693627269302,2806.8914884764254,220.8299154540047,2222.7095044997395
0.005132317950308493,2.570175502960099,9703.821970762692,2999.838953165575,240.7892828417121,1195.3535894748152
0.013230579986095548,3.7025148791044398,5198.647730905705,2045.6922003993502,267.2931385166533,1474.8001333411848
0.010876968445780946,4.952805507416885,13880.242816841173,2001.094017086124,259.6019988000814,823.3059947934752
0.009822414736887969,3.038318334734278,17389.099397173915,3436.318336967507,341.5565563803048,1246.1077420073682
0.008058846001187139,0.9865169198964892,9638.896749420726,1000.3885113333848,207.5970640008494,2044.5841142869708
0.009979878054037031,1.000072152972338,15987.122897464926,1415.2593815471043,122.36605487796464,3378.3113099649777
0.008176702071774051,4.027119819658765,15779.721033960277,3353.6742887124637,332.2093969863866,767.9341979506577
0.010105566169254277,1.5165972489509265,4085.477240680665,1214.2760424471385,93.63925563273003,3004.2492771359034
0.00783453121556488,0.9922348587912905,6823.344415963993,3978.456629756972,258.0633264963933,2867.611520048969
0.012006733879530392,1.7937756346071052,292.4745955369233,407.40104939732254,37.80172693828178,1252.866031408593
0.005884041888685007,5.9635316423824865,9820.714295368713,3337.178416149622,260.16625445097833,678.2881873744332
0.007953653167818016,1.6168076173856016,14911.869635189843,4044.966305909979,286.19032756380665,2214.4487858198268
0.006164665221850489,1.010770106557936,3066.6017903417332,742.2277357119548,86.30709153165292,2351.0933643726603
0.010723147427900342,5.997894561031751,15590.733832592285,1523.4638784480749,178.3198728963265,834.591526133228
0.008017656511414877,0.9941613195756838,6874.637592973823,1021.4744916612352,105.51916145280872,2897.215645969821
0.006098020276121022,0.9873462362929774,803.4040552498374,98.54330995591323,89.63645189428019,423.91579130827347
0.008232707758582645,6.068585681565525,14875.361241808914,2784.665049947592,263.8103124837918,780.8751850498832
0.014656026968779524,5.998855512886571,9668.722444879728,773.5091382235831,178.2129227773738,695.2487400481207
0.008058027187814128,1.9982474470792984,17550.41259068614,1499.112606220622,262.21063609661974,1174.238017879395
0.008054340962675934,0.9908100496033548,9773.79396995063,2019.6237473926542,248.4527286211026,2346.141427092372
0.005812973991362346,3.038722072314715,13625.945002794662,4978.37837453196,156.7022545696481,2446.0427058063915
0.01010970064609723,0.9949645064149377,809.5833204948849,60.768889090932724,62.49321832509566,508.24591365953654
0.009406774233998038,1.3598736068762467,6992.640157120576,2061.0481941384674,283.0043171928312,2162.345137101897
0.007957247694724718,3.0187296541340607,6775.729331609015,993.5400884099059,159.94052991708364,1186.4321602807386
0.013222310944879016,3.6598196813284334,1079.1481084728298,2003.5479120930916,144.90890855782135,1799.5516572177878
0.009166225810768657,3.1034990142255166,7031.740024838198,4087.7379668049075,275.1960307824085,1707.3845012934848
0.010131318007969882,4.9627333458501255,5063.813178572392,1494.8304356402687,159.4959934045142,1140.035376273067
0.005682110025591975,1.9881672867214344,5887.318105353094,3434.7760337421987,100.08100056678009,2853.264065172694
0.007875397479704721,3.434439424973355,4923.059402862627,989.0609294654756,166.44275885393722,1077.8172768412053
0.005937905221399557,5.003388514233588,17892.703418219076,1498.1823501781066,323.5055628270655,343.5220137838392
0.00801340123252538,1.5816286570012403,7724.810494062173,985.5245402797118,219.5080645219321,1712.5881984452424
0.009827296986130172,3.0207893354453192,7059.515865989859,470.8903598049313,178.1942001923721,823.8908153817885
0.0099065780402831,1.9841357060873588,17716.785085713625,5044.805304476797,339.95153443483383,2270.579690005247
0.008132660831483805,2.433679015731505,14597.328850419502,2194.705669142777,221.7255361348681,1495.5117951462623
0.010048332947301213,1.5129274251818008,1548.509418404852,277.4423085572604,51.34382789969042,1065.3607708885781
0.0050932040448982184,2.613560174618211,17668.862283175615,3344.1500420691546,190.11107723311875,1733.6883221358344
0.00816778160532287,0.995703753846372,717.90834356508,58.41549923562553,59.516556690408315,392.1806210975347
0.008021170571309291,1.0074033939360976,11597.613410353666,3249.8608201045936,281.8274915173814,2395.8952977709087
0.008063232112846801,3.015476909999028,13479.054186221727,2020.377804688008,49.430391289402806,1948.4659037169624
0.010719216421075426,1.0022508303790774,14619.361392439796,1969.4594289954339,259.37107550863374,2476.4954492850547
0.008064821284410112,2.0010920576504603,4940.237718989232,1587.8220603635395,175.7523219434528,2116.659428690789
0.007766712715446718,3.03557823336873,17447.96141362051,1035.8621452552527,288.65793645417466,592.3490153708802
0.007956175964446395,0.9794499852395727,1966.9704454529217,1992.5216334257843,164.53497805391365,3556.7220986984507
0.005838987698781848,3.982605214473236,9860.942945851522,4933.801231030257,97.92751250740352,2078.820594110768
0.00933807657389091,1.2304981744522443,199.0516841611947,300.94541886552014,105.12838791206894,999.0381947177076
0.009969251678119807,2.966115955937019,9654.459944100341,534.3017138640816,211.14972963472692,735.5549267439125
0.008004301593345581,2.9747122889197204,9805.044664234878,1010.596383842853,62.96271978651025,1300.745538943548
0.007999939108528933,1.014465216622526,9913.985905335872,1999.7112452219392,146.85608538216889,3503.168800748655
0.006259033315785932,3.6684372815242656,6969.517775548794,4016.3159360312347,266.25128473145986,1200.6419234109212
0.014114213929893999,0.9902210461854729,8624.679827975024,1621.2030780074415,231.20593455697323,2892.209552331871
0.00793169593910215,0.7828400512474103,17502.972770218465,2207.069355569215,320.5956177885779,1913.1653256170873
0.010086131462016885,2.0104415959928805,4995.244837854678,3268.9603032826876,148.5642783540705,3283.8826086497884
0.005751902310999766,2.001377358562354,7976.110231300938,3402.778699108359,180.0214725355529,2191.4354828542396
0.007995342480149922,1.558560704982767,7789.424017519502,2140.2345846031076,210.67757714840954,2264.4786207436364
0.010823007995850129,5.9788864699873585,12730.607688677917,975.0327850180026,228.17893254614367,537.8186969772593
0.008065765986694607,3.0176053884207508,7128.0837659889685,3050.1154752111756,272.3276897361042,1328.1101267872752
0.008089352777882171,0.7796080408791848,7830.006229365134,1607.7520192112586,120.57601615481296,3909.262237236381
0.009298234162205096,1.2078131208166614,116.00550271503192,91.62731755625659,97.65645887821042,464.3916039447095
0.010608498882180802,4.977214333594112,17416.901800122567,1012.2432065517756,317.73657666582466,386.2457238731879
0.009916414290836414,4.927228716468706,18134.517224536194,3426.012263978693,331.5630554989575,937.2549457022072
0.010068799344148598,1.0185558604597393,1279.5672841580056,219.9930367649828,121.29712535512941,1108.472109699979
0.008075157825337922,10.832869178796573,17489.496378388223,1532.421573715711,95.10682554764391,470.94608009551735
0.009827623346588788,1.0028691171145006,14000.139076318832,430.0006581402655,101.27216271434276,1750.5685182563102
0.009218146538432217,3.024106517761856,6957.69532008483,2002.739797097096,275.25397466097917,1189.817254950369
0.003931099179214172,1.0021283887100014,4911.72409731944,3250.2475880398006,59.997039309120034,4201.108261410149
0.008131529812045778,2.5276549240453408,17718.02692836916,1580.8281595003987,273.1610800835871,982.7604350830284
0.005899729140477252,4.031981634679392,5791.566629652527,4994.90445547198,117.39739966878449,2226.7071423371085
0.006088810491019471,0.8005643493252226,14751.730626254435,2184.565960178456,250.5624755323049,2400.168148316206
0.010317884836129174,3.8005293174769688,17689.037906469366,3411.3471911606057,287.337301326955,1470.8322637173821
0.010839050497811184,1.0083111081600011,7843.629916880049,2679.056532680346,201.41751290463714,3690.0049402987934
0.007965473524291167,2.0050435705320364,9866.071522451428,3286.899853195758,261.87301652865995,1729.4086865123888
0.015159366625373696,6.014211815686422,11808.548880799335,1534.4585869869502,262.23851879429236,757.202304523586
0.010127573438478244,0.9867445206171104,13765.412280590688,1620.2738838465302,128.7559335024051,3706.0015761899194
0.007969705663685106,2.461409520764077,3030.4891499814216,1973.899305516522,220.56740334922176,1495.3554861823102
0.00787556558203876,0.9950605505315693,13733.42674491576,2014.111858904871,169.64296654363,3163.346230139762
0.007987903875444548,0.7926122292596647,14570.852730991615,1598.4508323155417,259.4431522346288,2052.877796174127
0.008098797537977652,1.4039856501954002,3031.3494920082894,1996.6010755332918,217.86432587516927,2418.959394870388
0.007933338226863122,0.392721880893984,469.7012149546955,5044.627675699825,68.591249722437,7848.094002939318
0.007851449257181337,2.9528514635051533,17724.80735457814,1990.3656875173563,121.14409505112806,1674.8130084675759
0.005926613098920235,0.3039584158463627,101.16116298308557,147.97912709304424,11.75407077974651,1170.0017976420536
0.010091589921091408,4.925150771313507,17888.05313493484,704.414613943773,255.69433586984363,400.9233537256746
0.008031690310947328,3.493860459253284,17789.418888546534,2030.4042801324338,155.0861215343074,1427.4873299553067
0.007775447074237712,6.011756730906393,17646.04696178724,1084.0169312568044,215.79751106056776,437.5236180292569
0.010061008161503598,1.0052052773435833,16084.870657493428,1424.930361996623,210.55857070416843,2349.201693780263
0.007955742097319416,0.9961850470481375,14720.507956728756,3438.9931970939238,254.28247041265027,3416.94036560599
0.012912992893442396,0.9731389449246346,2032.4086805149507,388.62671935230253,84.87715458654817,2390.6524393519567
0.009862249308234221,0.9877595816660585,13952.636854984703,1296.0548195391355,116.58320032262927,3418.7710111227707
0.008068805321601341,4.0222789253538975,12135.090824816432,508.88209008443295,301.4298744363386,345.25218015641445
0.0058540469767166935,5.974127786168294,14463.76884286011,3366.275285729298,236.49143827987047,767.2240824453343
0.010904088050844613,6.0600952466065685,19261.48008087381,500.28036976261893,282.0881525878002,274.6619570709195
0.003927985626082137,0.5007832476404558,6971.091351820026,4476.651521245348,222.2236267907702,3733.265969556803
0.010009164369130586,5.022242045156285,17654.982270509023,4194.520592871103,254.8532453744118,1652.2184595769677
0.012724381878580255,4.5159425900693675,6950.427136552432,5235.859554531707,259.82776390190685,2026.5176159473428
0.008180342045483634,5.356573593120382,11858.035732645541,2328.6816977667263,196.47322249412778,913.3970062765536
0.01058859512642491,5.953249988926622,9777.733114428782,498.5129786760853,256.77725749015747,347.6341453877767
0.0059693195650139304,0.5008477019246217,110.73458440566151,98.7733448717032,21.73393336194477,585.1202885869969
0.01015446860642933,3.084608363499932,13858.124339746873,1847.5361358020803,314.6598531809037,754.7725038286472
0.015366500867381016,2.4583872657486565,4979.044987826795,1298.8905444366665,258.56205051978634,1491.2085964416826
0.005905088559171295,1.017987486887417,6867.880335250181,1520.704266296908,239.90169603915044,2339.108871568209
0.010657215860277739,6.054115537713371,14868.03654208449,991.7558258331069,300.59965763601133,372.8400764558435
0.00927074271008557,3.070478627435665,18040.84485647029,4087.9172083419894,299.4716419341956,1870.3847304458882
0.010091104666481663,1.9301241852612452,6915.630038559229,792.2807532367772,258.5431113706776,1411.2132871944727
0.008066835537758076,5.081391494895182,14575.595597907099,3237.86018795214,276.79166792173896,930.3056755095265
0.010846869492801727,2.999845685738407,19652.3066745256,1498.4946117629586,341.76854544804,703.3473632677013
0.011110812051351109,6.050623575466191,17383.650348443014,1539.396743775876,263.7540233854845,641.1433144870878
0.00799824710991148,1.5655433441645026,7821.990708680231,2680.365559154197,268.5201497226234,2028.3067205109755
0.00831981343181123,0.38632247192995695,11746.434063007933,2017.1408831084652,169.33956754639829,5428.11340721402
0.007886577500384958,2.4859655328561754,3004.0009847143797,2001.1864951574746,147.08878508623863,2166.266413196686
0.009949135524335585,5.081643479872716,7097.659421287676,1149.6527200573269,260.14238215087744,708.7537849007073
0.008054961148699193,2.039322017657295,9740.949283415373,972.0922507091323,197.14765470809462,1318.3002932404993
0.009654947629860373,1.8150116290127605,13821.116935920887,2732.4668736953868,144.65680038361734,3106.0711054769613
0.00798327624724895,2.9677026054398516,6940.637192846638,2041.521201963886,203.93183727118202,1460.9658870316866
0.009872979126804795,1.9900236532505777,17850.400336675764,458.37519636293376,99.47104911180986,927.7255200926104
0.00801217891808799,1.0026124006656696,9880.071973226213,4010.402707717656,159.30396012124424,5067.455510426547
0.009974272343041738,1.5102528072241166,9265.96972843407,1871.505399531605,136.0409979655525,3055.4838908357333
0.005811922569660325,5.028922702805525,9877.556695530042,3259.0976746882475,136.31813479273194,1166.5548707461999
0.009479285618504718,3.074263492217461,6907.019944293616,2684.295548047068,277.0347353586246,1378.883678690293
0.00811893566128169,4.0184219777450245,12082.784877818243,4953.6820267178655,224.02257740284068,1846.0162033011536
0.0058029929071466545,1.0121957075128105,15543.187103332199,1523.7392873510366,180.78381910879585,2066.8704842553166
0.007936380984688534,2.9785640834306593,6913.88671615746,1002.694798929582,204.84825320825766,1047.8248730485523
0.006250374473810853,0.8871258126688949,10242.853920540778,5191.2144739787145,273.65147848384777,2936.8753048353396
0.005798973774895612,2.955652029146148,16023.794819361292,3358.2518106135167,258.8955276754569,1242.2597395550251
0.007895396182310447,0.9899730800632095,13852.17521537647,2037.7925743951143,245.52028900792178,2351.0109661049614
0.012817840122129956,1.9513707337724604,5082.1057797961275,1321.2111042658394,228.7621720930281,2201.92653155313
0.013395945265523209,3.705503051737436,16674.584389126794,2075.666452548053,320.45581047685835,923.05041464509
0.010009226282985397,0.9890660851895574,1046.2808772398967,955.9423492176289,95.1686453492525,3281.280873768699
0.005799522429127106,4.980947624220849,17573.006458244996,4989.873707399832,136.9891937241035,1913.80529464374
0.003755571325950579,0.8107374720007323,7780.79146530972,3913.4412453635987,208.91086715459818,3045.4160812988753
0.007980797588678753,1.5671657899237967,12763.886152243358,994.160916723628,235.92763542702,1218.7286586597215
0.013048296109373421,1.522925718002799,1060.5614803176707,349.8978558546853,29.776076547884692,1618.6647636485095
0.0058083303553211445,0.9999989822421107,17840.61831426569,1487.568404525072,261.8363975655057,1551.7102720344453
0.007875574781705174,0.993917311181194,2020.8944760584138,4058.4801746446706,125.07905609293456,5185.755123386045
0.006116813259408025,1.0188691570133386,1113.726743321391,2647.8417782291694,75.35107785729986,4316.514199874621
0.005747757002730698,2.9647073442426333,9911.35533973275,3301.400787820255,133.49209211086418,1743.108460912903
0.010974766634448222,6.021929033210832,12741.762988274715,2094.748351310097,276.7966150562199,642.39656221387
0.012865174355143448,0.9675276606265797,2434.105362607524,1035.6781398958005,140.82677572377722,3985.7633481627654
0.010087066325635986,1.4944624364806682,6997.683961231134,699.8142335209199,112.34605719740513,2076.1396010061985
0.00922320387216876,1.837098505482694,112.79391179742854,92.77882216016982,77.57261989020272,332.8108368648923
0.009871342986205662,2.0249571024883024,11771.36892991901,2106.8798412112187,209.7053595955286,1920.0587841105003
0.010952563369656911,2.992103639864614,9643.591846099702,1534.3551653617135,260.16014587098476,1143.0205825292533
0.008077053660324804,6.03905842714233,9786.354793884335,1978.8151744940003,181.88035570248894,808.2989669744228
0.01010378116479375,1.9953606510368282,6941.688372258668,3441.0203848692445,163.98269369436292,3143.2158340109922
0.009258747819256098,2.0283084402662337,7151.554425543831,1021.8607397881121,205.18755579669826,1664.248043885935
0.008195524104847208,5.286931800178291,9881.948616673995,1019.0986973581097,243.29997221430582,501.6941257888947
0.013334706344967546,3.6289347342631895,13107.819003126375,2060.869054197021,304.27142916697875,924.9291567338059
0.007972740409986462,3.497220044235879,9757.234573168795,2024.279816341514,298.5957409766724,704.1737554576856
0.005801267147621549,5.014679267085727,13689.580676357238,3341.8079085906834,298.3986804509912,659.2848063485619
0.007887992677327746,1.5771238602842748,7895.229782756642,1005.5765819721106,254.32941989026946,1570.6237343320738
0.003794332690241936,1.5548200550769926,14921.840654334042,3975.617688029723,315.25683549742246,1338.5926699904337
0.014291538620227438,5.981457105693478,15949.398739595432,1067.147989846633,201.99396947437367,756.6721383851259
0.008047670205207219,3.4947832875121456,14704.100430549357,2044.8450211427837,211.59792496588855,1076.9149666551134
0.010591521329150486,3.9983561384339867,11772.890131189344,2805.389124802634,255.79346067937402,1160.8347414531167
0.008179783290368064,1.5986996302444936,9757.442936695601,4078.583638424225,196.91756250253476,3230.1876083342454
0.00765352649428428,0.7916649804272048,7790.278550875969,1004.3447294411405,189.0922813335993,2655.8595618528407
0.012627183279783587,3.641658281510485,6644.206482310524,2565.628850498443,255.09387878275746,1556.5253547599107
0.009888807888794725,4.938667225639267,15809.528651156292,3291.1436214130363,328.40272053416675,858.7643546688432
0.007807330439171976,1.012612604628088,9710.511091300876,500.6536164374468,199.39300570857128,1500.563493554483
0.007989700650328016,3.0190094345858696,6843.75835240651,498.4148914251262,123.39393373826847,797.1519440287157
0.0077190612918586,1.0410974145344305,1736.6976018962343,239.07680314067912,77.9658820799307,1024.4824084243453
0.009471644051207009,1.8833441064994478,15281.4439375832,4040.3604138075807,255.8477687112341,2802.781731737063
0.01047867392862691,3.84237051588015,17517.262233623904,2915.5313904889226,246.98513308102108,1548.288017274214
0.010619469734638187,3.0093780378189745,15945.725760536945,1976.9621352877239,318.680307505426,846.855968490977
0.010680190076800562,6.073185957530153,5748.326932007398,1012.8767189572011,160.87793220957315,861.4034440259842
0.010005576684697043,0.9923498034217386,14172.7760945444,788.5333051260354,176.3891678797929,1981.7124722395774
0.006040389046905816,1.0066074272854435,110.73955132059713,195.26076559952799,24.357918786839583,636.7059823669684
0.00794487537117562,0.9986769814750133,489.31273767844766,58.693504131005476,67.49584454294313,377.41709210407845
0.008051798319283281,2.9937350330177153,15824.181299070056,1487.1474662065668,277.44322026209426,775.8275981240276
0.015001885172670369,4.054236169680383,6421.087046924297,3052.739063071975,218.69633729005537,1947.1372432979895
0.00613199875983524,0.7908841249613473,7797.651739826692,3194.3685203006617,217.7395407207633,3258.448893905381
0.010387281897012018,3.7845839216639745,15789.244956924182,2349.961801946145,315.6752076481771,824.3855459189489
0.010108762634249457,2.9937579816498237,4081.934221962992,1728.1557015723135,106.81381634399679,2106.168446579058
0.008097398096099977,3.9470358158217502,9842.47403753997,1511.8167254330453,280.84710153501817,653.1815183601566
0.008152746103121337,0.9881725891325827,13875.353180037218,2774.0096756367016,304.7540925170545,1925.509922970671
0.010005071110077536,2.000790971319425,12054.796025370724,3339.022092999627,225.79272278826238,2583.565712641239
0.006049424278812558,4.006641649729796,7035.608424194599,2979.78096969263,263.4923187014495,957.1383220663542
0.010364992595582618,3.862448710472242,19788.883988103913,1497.2803768861502,294.9687457118615,749.5667579176321
0.010079246067082208,3.0230373710349023,17585.44515410012,6072.221909864455,256.07108215307767,3434.310748977878
0.008015219586318451,0.771327804236044,7685.7967496042775,1598.4149915663227,239.05836455319198,2663.236989436402
0.0077873685690087666,3.019364558249336,9812.601248776573,4107.735033175494,179.70790089787383,2135.432241549129
0.010256070073227349,3.641573014818148,6893.451004030439,6787.33898663265,247.55743692761453,2333.555263331197
0.007963217949299769,5.9385256929359045,13516.417711530088,1005.262803454675,200.39441587460573,451.6305418642122
0.007765220493134933,5.94591933715167,7326.84681376825,1072.7683744538308,174.53895676340346,593.14217442364
0.008114541896064139,0.3938030737587938,2321.8044059038834,4990.068446885573,109.7127806759949,8490.63290246077
0.0057443565520169885,1.9572728025322754,13570.741638669202,3434.9915401110325,117.04309803600803,2829.1317259686157
0.008054711730976924,6.123706067480279,13653.407785250132,1019.1596753778108,132.28815831689985,556.916391208403
0.009974655457710657,0.9803771054676749,2186.5212149108925,277.2859246568106,49.45811352357621,1579.8644540417167
0.007940298726395546,0.9928649741061054,9506.0028043311,1006.9082362033342,278.69985669055563,1683.571897429222
0.007981286612264896,2.0477597981500524,13888.018843686832,1003.0270079770962,301.67098570724704,773.0238339868532
0.009238887344986742,1.7252845544871398,6925.540026314596,4018.59689299611,286.95622378366437,2212.452168645765
0.00800458468926788,1.0246970030486595,192.22576758423446,103.1024304075373,37.65645729172477,459.9729033446126
0.013672213932328156,3.6347969910174953,1029.3549444159664,2057.267856718855,165.85826065199356,1644.1045794238942
0.010163173546730884,2.9870168952145404,17610.445930744187,1110.1652665930862,248.57952351595375,855.6434914877973
0.007955431511207381,1.5605316411235146,10029.898036824841,2678.0232526613922,199.66002316378746,2439.5326273517335
0.00807871951560506,2.427960423921089,14928.812148476763,3186.628485241526,260.953388906373,1662.4445239967172
0.013553154026230311,3.636198015964558,18567.92018657701,2066.6566919274783,292.2864866085059,1176.3636124333775
0.010043759374394631,0.9915919074053327,13681.645700440971,344.29823478091265,97.7485810470536,1562.4214909896627
0.007982477473503467,6.007599813962434,17563.03843323668,1984.403073723829,131.20164665371337,966.177486742299
0.013331555805839551,3.6560318956859486,8534.467359177597,2044.8227033989378,297.29681914199847,1118.6425633960637
0.007982434693901827,2.996483082050485,9887.424570569812,4048.8916782673723,217.84517258335677,1843.2319395382654
0.010860952997174081,3.037967643347529,15632.33881138466,2015.158378394694,294.0622978520112,1013.513579640099
0.009930680922298292,0.9976085576199109,13688.598700512712,446.0140706355874,101.40734613201246,1739.8546396287293
0.007844455964646568,3.004072572828364,13712.256466412113,4087.2887603072336,240.3159479967224,1804.7606184605643
0.008006509312552685,0.7828853549406262,9714.638952634123,982.5928601715145,72.61711107435526,3201.5474163931094
0.005839327511673687,4.975637663194798,17813.57898147416,1497.9122600582311,302.59918947525864,369.93954685027956
0.009990860057712186,2.2485901612411747,2305.1072170741854,765.255541811251,96.00131758703854,1571.3992242261234
0.007477833692533629,6.0572016490119225,13661.63373639093,1000.7714175761034,182.2635592674129,451.4332350417323
0.008031539490888178,1.587279448367282,17901.901969735576,1608.8666706905346,218.44934558114954,1770.4347988735851
0.009859831645578548,1.0058144816017143,13700.520020623675,430.0880033031387,96.63187848254027,1770.8806570312681
0.009909981282783878,1.9823774167708514,4016.929697503111,768.6809592930731,68.31890368520394,1936.010925175701
0.008132726973285659,5.425551448730223,9579.598833224445,1495.1862714200547,178.79745978164598,779.0099945326998
0.008125369561647042,5.036071951210285,2940.554931165188,1501.7115313835066,132.13450654466953,965.7904451518023
0.008116128437319481,0.990078059327119,14012.254013591613,4061.41616597073,326.52051387456356,1993.8701927296509
0.008190000248375157,3.9892034204543037,16084.434968449812,1251.409418810236,251.74296702747134,635.3953476539858
0.008001306162898594,3.0454542414604227,9820.255411598053,3970.189811059591,294.56848543228915,1292.241653807362
0.005756941517298944,2.0139361629064916,13552.62665641462,3428.300800430535,58.31284220118612,3290.6888552454207
0.005603742675303534,0.8667872749687917,7320.840108573999,3468.4857456382733,274.437952928292,2520.997912483235
0.008034893301396777,2.0096875409492014,11663.788457059602,1432.4180949128834,262.01318877597913,1166.9872317893514
0.010010997136126394,3.0101175103879276,9821.117580255062,5235.95960340776,205.40736785986485,2703.777770039933
0.005879872872136519,4.003142535559315,13960.565569780052,1508.728303675793,96.07265611453938,904.9143882135781
0.009894895534472715,0.500805191673212,203.38790694862007,97.22629948474615,38.817354499622496,1020.3422482744726
0.009946446477236607,0.9902223513136239,13945.763619623762,1850.5006687072514,144.85336574716524,3781.817974488332
0.003908116137613702,2.069273593268037,1257.7774867315081,792.9215311029247,56.98652742104848,834.1548915217488
0.010348869875064299,3.8248740954690827,17794.607717348346,664.9707382252197,127.16361431825938,718.6029391416222
0.007977383130178118,5.9957468339718005,6873.901060387854,499.1751982973878,166.49973612703414,362.27783832507447
0.009760418400752932,3.0008001506305146,13790.118069198825,5445.7883716322285,315.4813437182976,1809.9839444017136
0.00768732841107343,1.0157870710776056,13775.721048518279,1003.9568717648165,219.9410944807063,1721.657542513801
0.007970985007854366,1.0101939000166167,6967.948846155688,784.308795462601,71.37214210297263,2720.239859640235
0.010055279653271361,3.001888717774366,13688.034539825063,1287.6388963900226,236.29199341260312,959.0998482105263
0.007961411439033152,2.5043741525119683,17613.717776637757,749.2107527792288,298.67769628840045,508.06469624777895
0.009961195696020948,0.3471110800581915,2157.2613973212474,3303.1649776456075,22.110693674371724,11295.14610264265
0.007877652109994549,2.0678862557612656,3809.5056458158942,578.3463805572453,96.37514734356265,1215.5612524900532
0.009702651214524152,3.0908567727760934,3351.3997377601286,441.5569206089142,113.28393667467645,850.6746820048483
0.009749381784841643,1.9667661611442069,15869.041883876582,1325.719934722988,129.2990943461895,1906.5614754112903
0.010595514600750037,1.8239395680730754,13928.477475817199,946.8861121606625,268.4170052551272,1031.4758983625602
0.007929111461914308,2.9738426700938665,9824.921597273838,3974.833052068648,76.84068675697861,3036.647465658946
0.012948343809068603,2.742044848714608,2304.7506345442375,363.12530459918304,30.0429760753268,1030.4506040076192
0.010186504325093581,1.2659780276063044,3391.324005014646,333.05730504391937,55.973188161032326,1518.7861993889853
0.007873559872256757,0.7943339931761804,14675.78192079861,1011.9068310315162,253.7755624646084,1668.736289764602
0.005961598604434191,1.008580282950341,5112.25994477478,1243.040550695094,67.60628941938857,3438.401342773013
0.009328695797689492,1.8211113096551177,135.38011970488273,162.42993017488405,108.01194311201523,485.34685169411966
0.0079283247373207,2.0103442800568128,5995.663766177808,1423.5295365439085,246.28845787286156,1663.7106561216815
0.012749201631525925,0.9582094628631119,2955.23824373374,710.9924658051982,124.3643475273722,3480.342257113992
0.005801956956211483,3.027475013271237,6766.734930750402,1475.06373566599,80.31360852073837,1411.7323669210446
0.006098961277474255,0.7770930042065626,14732.003881090168,4973.385930000526,331.90871841620907,2237.6230395487964
0.009908689716116862,0.4973003208927509,514.5463272181208,59.400189965990066,69.34923721979212,798.4048371379897
0.009427990629647583,5.5945195463173425,6874.698747194663,2799.5346345573107,248.15182373941096,1025.1987463521705
0.007933268869178155,1.5309577134141843,9951.364094407149,2248.672570864879,156.2497027145263,2572.6948251857275
0.008067744737218017,1.5621432222361242,13039.174156772917,4960.752457426217,286.760159336355,2335.882560426474
0.00826371117358115,6.003340327850081,11730.599722728111,985.2534787915669,202.06618579255178,457.6072324092271
0.009497425929140178,3.068057328801362,11214.021149523403,4025.864717397226,260.4330420007126,1650.9437935223568
0.007870487775459463,3.0493842469593564,9751.354952924961,4036.856067631577,186.22888835687272,2004.631946409597
0.012868894422413159,0.9226710125463625,6861.331156248566,950.6882627982989,180.23873247319176,2981.3764166514475
0.008219335721018553,4.9021489910419085,2000.2524696921782,495.9321518053006,113.0588215252957,477.26349137104535
0.00586314666607259,2.0334230286749846,9725.542644430245,3438.5594949740007,160.68919254006775,2203.8103623631687
0.008087676510518796,0.9954882099093048,13837.620401445687,970.3257786141749,235.3868967243708,1634.4127322803292
0.00784875250619509,3.121014696421069,2763.4922778933073,386.36466231155407,103.18979751348702,638.7323559909972
0.007946563532316984,0.7879196398879033,2938.3781717401744,2663.214815514425,161.73993224586522,4623.898154613854
0.007982007959960135,2.014392054255775,14699.664982348753,4941.679995216786,306.9057653998276,2004.7870671597773
0.008083227036632095,2.9880410179341625,14000.355778157505,1551.343497854195,326.42004150633784,577.9707654509905
0.006061939302501647,0.9956288098579762,7077.555627413585,623.6075198325393,80.95871843754132,2057.1585808820623
0.007967010035729458,4.022210239948126,15778.958957654442,1988.9096028098807,303.97722867501136,661.891937150151
0.00568634589379109,2.9690343147644014,11709.365483406946,4991.046126156676,158.0034980916377,2278.59928297926
0.014941943639774163,4.0511106693253796,4962.407161867759,2205.915484671283,211.30215540448856,1789.3511344302697
0.008097724337536825,3.0556737098533757,6782.434992649423,500.11597314966053,163.79905753173225,752.6169727927879
0.007764432709692941,6.0427335786108864,14543.822253097318,3000.87278111888,305.69006951983755,673.253999309571
0.00993888082030735,3.024813285764568,12221.0312283392,5604.417922067368,297.31894377226615,1896.0562529616548
0.003956996551877307,0.19956075368101814,100.07167265506,88.71098439583832,9.072503111416324,691.3061903014452
0.00806614059759064,0.3994233988166842,180.8903440095506,4760.488133955861,44.83151072491118,7754.606746910976
0.007562818311104794,2.60287030508059,14589.13275635752,1503.5150295697051,118.56305220258142,1477.549724939012
0.010079516295527906,3.0426831593691386,13457.799944304026,2154.33213076317,239.0454151265308,1346.1770895862737
0.01005037069865273,2.0110843235432094,4030.1356267115,687.8343532150456,40.036489429455294,1850.082006066095
0.008114511949152933,2.003311055819412,11791.732498770407,980.8490590515353,75.27604469337105,1527.4521278822815
0.012721694881369056,0.8993556295809614,6764.050098787355,2803.1318873709424,247.16804507826245,3095.393696803321
0.010675230277766666,1.0040511141940132,13851.152149526222,1979.3488655149729,279.6258478425848,2060.585315679277
0.007990844278860206,0.23700263902048996,1953.6665472874504,2140.8983632849827,78.96103652648529,8590.192467216591
0.007997253982140825,0.9897079985731287,13714.845717491016,2029.1356576564344,174.8977969169106,3081.2758528383674
0.00794318828123843,6.085932697843188,4830.541437402159,1602.4586894548577,190.50909434489387,773.6180995169487
0.008105902909166239,11.006423789538935,9887.328732282673,2038.828908206144,243.431643415491,387.454414264515
0.007991889652579225,3.085682308068039,5016.736449062974,508.36645242797135,164.77077575892324,805.6688330428589
0.008050272807077364,3.0373159600094874,11794.868303979403,2853.3335445201146,299.86129388530003,921.8165410153068
0.008073877930246276,5.013030935441191,12792.069146125408,1589.0569917646146,265.67008470614473,532.3086178795587
0.010064112232386761,2.0019373890015126,12143.319853738109,511.81971353623277,106.61013092814973,1137.557489879643
0.010020850020737281,1.4865479533190542,1923.9789052533426,126.65248995122587,40.59824395450646,565.4291095861594
0.007943735074074523,6.001227265480835,7022.940735078158,1261.3690581364508,188.19829046654544,650.2172346863423
0.008059406102850249,1.5780356911347502,2918.416898808511,2212.03516770653,166.7567095768903,2893.355091854768
0.010053894031024802,2.0186658589136917,8890.81653193818,798.6495980029215,284.7739146305669,1054.7312205297428
0.009973060283985853,1.0078509134056919,13879.093616069462,1865.626733412851,144.01231963356742,3764.0940498101527
0.008089819729747368,1.54570768770375,9782.43441102525,1605.4124335285198,99.71588486476934,2474.486616223581
0.010872949490628754,5.970680528613484,12542.09798254807,2161.3903669700303,319.7608985824713,509.6907476201895
0.007777661721246355,0.9969631307432645,17630.644501480187,503.2107305879704,255.65258151746576,962.2904400116377
0.008110334394887031,1.5709150305166955,12913.691949082391,2733.0775850607574,280.1695809299358,1589.0211939344076
0.006086344108538069,0.5075280553692948,908.190622058592,100.75820857319864,25.4787514168518,796.6752974452504
0.007901276251710953,2.032102703204291,11475.689820976713,992.0140032610328,151.34437868047257,1291.95533496181
0.00986064215535523,2.028840751641062,6987.938959685791,3222.9587078572213,151.83149076724027,3070.544857530455
0.00802378226229621,0.9932712805243825,682.8475698865559,152.1426854999937,83.1300534842255,690.9523082626906
0.009845962820684328,1.0042397014929392,5957.056489770183,1461.470674171886,96.07172971221465,3873.520959714388
0.010063434062512106,3.032905539520021,9886.226521602206,1566.9312882175516,284.0794980451179,962.2965932352281
0.009963990525951977,0.3485791929246506,2418.605113997383,2687.3968463970705,20.23910005479938,10712.03109184784
0.010750947902628998,3.0490586188450832,15709.896001759776,1966.7699080621715,262.2578550549978,1248.6250848604413
0.009202586271070944,1.221695991334119,115.4058812415051,118.80799091677615,74.40701938515593,508.38081845983066
0.007840121970390516,2.9853068347889304,9757.225962264054,1998.599717431408,238.3197860851197,1199.3265767115581
0.008164041807860538,1.5708910086354466,12665.639924000434,4126.192911037477,303.0983908222,1681.8201452875278
0.00799859143441689,1.4050778076038106,2999.5021714217846,1993.2747007218825,137.10555992714774,3299.9511784375363
0.00788645799579148,1.6385599666518653,19613.468760037715,1815.3093476355104,284.31253688344526,1468.773360758053
0.00583954358752457,5.043838693273862,13685.437644777,1489.2257496076031,200.67642270890545,543.2213072967277
0.012918490619994378,1.942249221108524,6912.9737581304835,2672.9023546921217,96.0121082952273,3944.3573365559846
0.010553454608550237,1.8092009859696465,14049.014355623665,1358.861892350913,310.788933488054,938.7716281190737
0.00991604943951189,2.9948101006860375,12064.6838172703,1300.5143798035103,304.3757524657125,715.0125838837455
0.007949679385760054,1.9742789179373827,17615.961623440187,991.2006881722137,282.92976407523236,814.3903980051382
0.006265905965704864,0.9075884055925051,6925.522533150255,3780.8659627207585,220.7183745660276,3452.3771498974206
0.008198824012145214,3.710579849049265,10171.328077597622,510.78755545896695,289.6640923185461,421.1553743393906
0.007832990026138865,5.977429160222035,9652.937655335047,2025.764365422676,280.8870072046067,498.9192572337406
0.007995537653497982,3.066340397403609,6869.541532271311,992.8834141616287,161.40339629684934,1206.435200951346
0.00796443880045693,2.0039236321205913,9809.467110046226,2013.76598928337,279.87609054428077,1287.4711623025678
0.011021351277134632,6.0464111180687725,14582.947864169777,2701.878124395584,309.32340416281727,698.4505426378581
0.008150556433003777,3.6660802623022604,12064.297506357823,753.5534018364683,222.84428132689834,580.4859878484964
0.008062142515996714,1.627064537660953,15901.483573216594,3389.2018224632197,335.1701012053205,1412.3055667370772
0.009260873577250027,1.743171907955991,6929.126647442889,1998.967422235062,232.6771320320442,2190.8567765597877
0.007928554963973303,2.0357527548435823,9719.297118065773,981.6564530337465,215.562850778214,1267.1750788196948
0.012953936834722821,2.5103504133073615,3292.7233023563304,786.8844038322752,51.626773166479055,2037.805418357951
0.00803314742187531,0.7758523892811144,9728.044086117785,1619.7834732766921,101.05381313254067,4010.858448956582
0.010011149916628274,1.1318194462760292,264.9797605693103,581.5985132212176,31.633376601045963,1785.0312201250374
0.007733635786187363,2.032215729906582,1353.6922294887947,613.0218531548156,120.47504370955505,1084.6677661098986
0.007650139539892309,3.1809483371760483,3534.557061286207,239.31632646973878,126.5175602331522,438.42802623270217
0.009910195114662743,0.6008166877309629,2108.711956267235,1119.3756626764753,100.94870721103845,5019.584399466014
0.013238849276812445,3.713431509619818,3470.4211995584587,2056.720466137261,177.88309320595158,1952.269448040333
0.01007604114815803,2.0044680986611976,7303.557622982019,620.2102681750965,78.77721043106274,1573.6680096372872
0.007940143906491066,1.9916910653774653,11577.890517271517,2759.781643074335,199.0968348759743,2090.102173416612
0.007932865403772547,1.004544377568406,9826.29623276573,2789.3954327189053,300.6021734775204,1954.0541540808504
0.007907144757219138,1.6528020697246368,17687.75218572134,3578.785141212474,353.5400857996309,1520.6485114825796
0.006031561796411426,1.000455005405646,5154.565351194141,1704.6428160432063,66.66236153974069,3848.8360040245707
0.010247441739235386,2.5039884403731625,2819.5562231225044,888.9647838950806,106.65541151639734,1593.4365662482464
0.010892318520205401,3.029053229353909,19757.209123921923,1523.9255652390016,264.8110458075991,1058.7450062856137
0.007879902920590006,0.4987207685961004,7776.988078673358,1007.8870623063874,221.44686065115667,3278.3915076911076
0.008310769339668395,5.411102736380465,9853.748781840533,1015.6650569582152,158.85179959486078,627.9141497803852
0.007735753588134804,6.871438673684278,17414.55249964245,2791.5327813446315,282.9188389963055,664.0230524095205
0.009548411237080993,1.7169291272873441,6828.575100545139,2013.4103820659395,240.58421314542406,2170.9199543392406
0.0062473445710708566,0.9246103119514806,6901.084442088564,5228.510422049342,179.85060885278745,4745.916847787391
0.015337752716417883,4.0036915861042095,4995.505585491254,3111.6240776510062,186.03552322710013,2247.5882735643772
0.007810767392390429,2.61884855731572,12057.246524347878,3264.194218958115,187.67909265515894,1996.925945265052
0.0081792772150678,2.026719992974195,10077.600103440287,1008.5355064365665,212.5446430744978,1283.4292376633834
0.007986830503389393,0.3891195962035454,486.2763851586932,5083.454128613658,29.992704481664877,8984.980960561616
0.007928274794281024,2.9571866659220434,13720.187806788279,989.244158430608,175.12985061896495,867.6081490680248
0.006177543348132347,3.6374419657740793,6958.649702989007,4160.070340905187,232.199167838747,1438.4263827948173
0.012622516991545749,4.559687369419223,6964.048205779968,654.1197080768544,261.74305366765526,730.88263518421
0.009988350855896014,1.9985818026261064,15976.96664726453,329.53133118156643,126.73281227877045,757.5700287690953
0.010085082233618679,2.9723078077366525,15404.907505963567,1923.9109226984274,318.40104286335935,788.2777658399393
0.007787823941065822,3.01122776218097,14784.833230312268,2023.3047393467045,135.60523088012522,1574.5283232068577
0.0077400834309083654,0.250003770868083,13923.509307887683,1009.8861511712291,242.13313917423244,3329.2829212203383
0.005843322202983814,3.0212993621324133,5879.659561459982,3332.652611424174,203.2089797260923,1600.2772344167315
0.008011415316718673,2.9700018876222023,13682.444130649785,982.7554710952829,235.8356939448035,745.7603975474225
0.009980111208860965,2.0100373234287456,6988.469932621757,1244.1294007072158,142.0421203676466,2133.8450738458723
0.010775788409314466,2.9661054614570883,19733.149743116042,500.1211177627744,259.9271508392119,490.5544586416924
0.007980806011887522,1.5462758946721435,15025.659637160032,2690.457451143334,186.66812541953314,2774.8193015533225
0.008019614438211364,0.994940160407452,6836.739992647118,1999.4275948235206,75.71494704281373,4310.414201148406
0.007991003377048157,15.063230638567777,13910.875167498725,2821.8753073173993,280.0754361278073,294.04145617698583
0.010303591165798529,3.7987046277388283,15838.585052468336,1000.5774174231567,207.88094625855257,769.9689606814297
0.007939204890440622,1.5688463543744,17649.781435173267,1588.9091261670521,235.03442787895955,1580.7743860599064
0.009957422218436745,0.9827892857339061,9978.061053949066,2324.9749489626356,137.625155811455,4452.25269881074
0.007963379473160746,2.4312770819775666,15014.533405175102,1038.1589156721489,241.60069884036596,844.0533716587792
0.005783384409276335,5.965447453492374,17397.400719411668,1509.8843340796154,238.3844763025702,401.2430731033173
0.009930421955986035,1.4906030111513684,2917.352435947232,1591.1009131580406,140.09803878985844,3061.4179987210787
0.011222142861070471,6.009854977050649,9979.614684673472,990.4142976691475,270.80198644021783,500.9211358030216
0.00778941644369031,1.0175698365677894,6899.339839270887,2001.408044689954,88.96814128759829,4175.207653418862
0.005737988874314644,1.988487838789512,13595.76972926167,5062.464005317586,157.89922193402734,3302.579760993324
0.010831526249476864,1.0019536429870717,9937.679594231951,1519.1419995112615,214.8352546024723,2627.773073044478
0.008166834479823767,3.6389583124194145,1996.1936182076272,1258.6881230132556,200.99206531190998,831.9485831636118
0.008009013121505532,0.993179956585601,9895.921443733549,2020.798997600963,135.238022539129,3588.065128762223
0.007947429530499525,0.3952196872054157,1004.2753803960805,4705.879561818648,45.014261234411386,9308.985514962735
0.009838113025053314,1.0003088353760936,6018.361061561398,984.8294258622386,98.860888481655,3235.086599554224
0.007973346071053142,1.5842962301164627,9826.203662294092,2713.6048264834026,240.1369460311683,2088.6424383968774
0.005802738271002857,0.9972024087612634,6840.416653166767,5113.288398583674,137.47510895531997,5167.681047486378
0.007931669534154622,3.0488813904742393,6877.044860076199,1011.7880881354188,223.86004545377133,1020.3885250886988
0.005931049538280429,5.00638807868172,17598.987969896447,3363.3942220405806,115.1005784619573,1391.006889018954
0.010535090530807055,3.021607729649908,14587.520338691138,1012.7111235231049,265.25895926069563,772.9878183829543
0.007760748906841898,1.0088500204611415,9673.158273725065,1028.8865792397528,138.88041666161618,2431.0559487464548
0.007936254972387174,0.987838811046301,17921.384922468485,2001.4317357390153,337.3741959872636,1299.3817244590387
0.007965245991692032,2.9961756051960515,13604.83254298503,500.37864914326883,160.45965987714573,601.9440991078102
0.008096357628026844,5.258367568689279,15585.66261562723,1014.2913158391972,305.1795265479279,346.7391056491967
0.005894722324364819,0.9861360727465343,15956.551083491544,3369.832974540143,217.79148920615503,3276.849851756177
0.009903995631090822,0.9949206313247096,610.4004502912347,150.87440539137083,53.79086613343589,883.5848363554616
0.010242720151931015,3.7807224575171254,14724.311429553094,1097.8006652595311,202.43931055736041,828.1208289212011
0.008190483871854273,3.535473939698799,14550.835515816601,2019.304605516761,314.63457697821013,612.9525464136354
0.012500916733893447,2.469764826198191,6908.901051040385,1338.4780839708708,242.8854100490043,1735.9197227693521
0.008004269701510679,0.8087765699689764,121.19303346656086,199.58440473879833,27.61617838892983,936.8101308253367
0.008066932517362834,1.006279511118178,10023.629452411971,3982.06168154982,126.97109022666581,5890.928004616699
0.00580498957845324,2.0382331683785195,9814.122984649002,3441.7847684863536,137.44463109809368,2374.7274021172716
0.009840579811659674,2.9923926800193654,12134.82886851201,901.8746988714696,293.03641039784566,642.7896147636006
0.008111499297602796,4.967696423951815,18181.54719868135,2000.0552381243717,341.1285217667727,442.557279373975
0.005854139214892732,5.933094935790661,17644.664598130177,3371.0767418968117,157.5563508808066,1101.8510027296495
0.009984489855161689,2.029980715254067,8967.406437095775,1489.0624236621136,212.1858125971173,1847.5970646197272
0.009887558113490541,1.026549395163528,3019.721306774838,193.43550023145306,123.24192431864131,1101.2290976547577
0.007963847360086502,2.002928362910343,13940.566757651193,3317.452509202951,302.16421117688475,1400.8092111475046
0.013443791631918507,1.4859483729511611,1408.102693957681,714.6577960041454,41.307673891692446,2612.435967819479
0.008038350811391311,1.5657193324606156,4920.6993485979865,989.639203417028,142.99133574332555,2135.93209432248
0.0057658397733162566,2.9805816842349206,17770.803311447347,1484.5491665980476,279.05546621433183,618.900239389535
0.0077211146437871124,0.25134759907655185,14772.816727252115,1509.9412705391003,162.2282715894194,5673.388769969565
0.013124018825733403,1.774558098095645,1589.0201504243405,362.25571111448056,32.541867864673364,1510.114965007749
0.0057639856430208285,0.9796943054379688,14033.175643912235,3331.7943978726958,158.76011440359565,4066.5681646779585
0.013030740038606633,0.9621089800077205,3179.806019999759,520.4463816150486,105.11008307951458,3033.919027262305
0.009989452256259126,1.9926752283452178,16248.507976104158,1320.7997960297214,133.49313930801205,1892.0388332467833
0.008149896714847235,1.5702327700189531,2935.3553314199135,3956.2199992026244,198.61994146063097,3354.064718776808
0.008015994242281482,2.984986766008751,13697.062647861487,2059.7960775090273,280.07577852054055,924.3620225011545
0.010040026970322875,0.9571629270727585,2271.4521535524236,693.8164241965483,80.9523682231805,3057.5478195939754
0.013314854423514138,2.219513749184776,3023.6920382267913,1001.5871033755062,56.092597025534694,2518.378447719748
0.007851695192463325,10.95730497108185,13740.793822472611,1502.3772389155877,136.96234549153922,418.5739131405663
0.010643898827277247,0.7547517876585614,8258.836243492347,1480.1835832483475,196.53284322869825,3333.2817590072937
0.003923987532478176,1.0277938084151486,1144.3838775591025,894.9020614032594,52.248992761637275,1613.9886197482942
0.00807002986716559,1.7439167772106703,10105.132869882764,6368.195296081492,240.46221251692785,3647.715812429031
0.007711519568597556,0.24858404198511164,5938.541802915457,2960.196300897929,140.54104512662713,8005.492633472669
0.012852365486879923,1.974552945393228,5198.0433671280125,3776.1011577624777,252.14358212146183,2633.406476159491
0.0058004930254835435,4.008640315906928,17787.587877329493,5031.784548350941,300.9298158261583,1301.7155919767142
0.010691606498329937,2.9869721106216676,6842.555750921983,2795.6985530563593,278.2027618108515,1512.6673360312882
0.0107483882492547,5.835371420151772,13742.847002280983,1999.2879350136582,301.35099955469815,545.739408544745
0.009996591603279646,0.5924284986482324,3026.773380267734,492.95949086412145,57.091765800086264,3814.304573175781
0.00986341616874308,2.0948796975679023,646.5604595297754,804.7352361372261,120.64122125666069,1292.3244781866313
0.010747954950063185,2.9768414168444663,14543.27514879514,2766.747926094105,287.4564896697206,1392.6053741695462
0.01040592010087868,3.7817361691225946,14931.658415308471,1342.779113032189,150.4107773340259,1120.761931333327
0.01338820945687228,3.002370162991581,2426.699425899752,1103.2038080557766,56.287331691297446,2024.1395015090393
0.010932528686383754,6.004125630726346,14511.994288027261,2681.535403634765,280.7387331927367,851.0875067580422
0.009923810325088487,2.006613529889431,15741.790646228425,1594.2443729126674,142.02596914620722,2093.6843454088603
0.00399832115326574,2.058471393845004,877.4213010153098,883.8529022428518,59.01703487123656,877.6516141187407
0.014812321554346856,6.095716664715785,9788.996394253607,514.0335441737043,238.68514795611995,508.5621957460995
0.005878628383357289,1.0036514557863483,9917.953699195752,1521.5284907435089,281.2528502696257,1658.9261557766433
0.007980008222423849,1.574463929466868,2946.3263090960636,1600.889394096003,109.57943109793545,2941.551896589836
0.014097868118477574,1.5385761686423245,12399.557568425469,2037.1476545105388,299.31741098600514,1529.7608897216628
0.008033002363226134,2.997278649314534,13726.560795392881,2026.9781529590018,256.9849943695484,1002.6770188503965
0.013046149845611785,0.9182126592096378,10384.414231456554,1931.3615025048186,233.78126790021352,3075.8659850463437
0.008033552168281895,1.5963878172818733,9760.474685102836,2211.650416886681,163.95612479799883,2509.570833661873
0.00815045668686812,1.989273598557299,993.1546867992994,2011.8257616799137,168.43063031625144,1727.5147468041273
0.009473917912371278,3.088254531327026,10931.866408339183,4061.888686731153,305.02113912619626,1246.785184815169
0.009280339594714193,1.7338463722112192,7144.038041110802,1001.0329957547365,254.96302889678017,1680.987903896584
0.005898404726247994,3.9705415262584047,9790.333000221539,3292.9477758578237,178.38638014176172,1306.702708243905
0.00992932010383411,1.4871985172744098,1362.5541208708964,895.3451711140982,107.87069019671159,2144.6969200635117
0.008076129539221861,1.5758588726258984,7869.388606292402,1006.9042175857987,262.3355501870047,1538.9638754856558
0.010583960313229885,5.9755303428269615,14513.516896139039,2020.2089671459871,298.8531889342338,573.78105678785
0.010367181792628218,3.8073822575846825,17440.38979858183,2724.5514021246267,175.61194203399833,1883.4445428191357
0.009829762384682195,0.5079070764698732,202.76358502708297,147.86074031563433,35.756700309309025,1297.539361550537
0.008035364388309292,0.7787353288303381,9892.640547052211,998.6741451654877,229.00037280460137,2192.4689059752614
0.005690797374163337,2.953260042161476,15646.46983542217,5039.664541454203,116.64854000631773,2909.241001730731
0.010005172299373727,2.084769787170598,2536.516042278109,410.50764204107344,112.63790411064633,1103.432119127679
0.007741894649063572,0.2492814499476529,9870.416845145308,1987.85612599541,218.81876548494097,5175.703793102918
0.009295829215862313,3.6788901059244474,6856.5207992019305,5577.902522207336,217.8659208011893,2275.833111548887
0.009977434615383031,2.9866338567901614,19471.064656052757,2450.9954119442555,265.8403153189326,1536.5032881743666
0.01082097806494371,6.005399040640595,13794.075580646366,2045.3394434127367,299.300942834933,570.9792412118835
0.0057805867015536,3.9252562117608347,9833.977394877247,1510.7538520903274,221.0139268573653,667.7074645441708
0.00831198180371352,5.368271539651317,9739.12541566101,1019.302455186621,58.32171626373141,794.6300448054443
0.010067385222211622,2.0118757383343597,730.016620797625,428.7098350128738,72.92214736052799,1051.0641452677423
0.01007082240082426,5.0264308736672385,17629.086188107976,3480.007467018277,334.8672065770277,950.1540764232514
0.008094407299437155,4.014025343654062,13907.053490050328,2009.2111227712162,231.860807573418,897.4222691496728
0.009994284443891442,1.9651186841972899,6962.173764999356,1987.5030276377977,144.44295397731457,2636.7543632767884
0.008057326441840268,1.005181189881847,9792.510492837415,1470.661194575359,302.4931519767688,1724.1119662311355
0.006073849111206964,1.0139703425710576,5125.902926717302,949.218153926518,65.26816706016123,3008.251606405188
0.010028445266723324,1.9756275651729402,14322.765710768348,1951.3450502227424,123.924857599799,2658.804180726245
0.007658056584279206,2.040007763466993,3565.2880995068535,478.6143254905819,96.06421060184452,1021.3747894905546
0.01007297690897477,2.014918523136928,7050.546670220091,5988.232392639444,156.85322088009232,4558.340721394978
0.011132295236147479,6.055245990369321,9820.434458649854,1570.5634082329611,291.3080050336107,539.2719680597847
0.008042304151864648,0.7889738363282452,7784.9420815620915,1620.7075387824257,228.82775752193626,2766.089907421513
0.008041213468103088,0.7481293529173662,2953.076029755183,2019.509427916158,151.5332786291383,4446.827405397141
0.010520757472689329,1.788376503456036,13848.345099590682,675.6460688139227,319.4087920682159,718.5852543939243
0.008011052400658832,0.3939297778686138,1442.4516583480479,4798.683709714474,55.767948117709764,9625.777966386093
0.008109818539971253,1.5395929577964866,9964.44466523575,2691.6609275238475,229.12415134677445,2146.3448427705443
0.009831221245412683,0.3531940897730614,2169.1608196706,1900.7627936979297,18.456559563678763,8611.551390533004
0.005822910904663722,1.0058471884982085,14651.73946898199,1489.5844785943334,260.3018683859611,1575.4780305897411
0.009887110964203376,0.5912890405509933,1687.9149373200871,233.42986944521093,40.18641496024454,2024.7908014392542
0.010772417548162933,2.992078082661803,6908.385500652915,1511.647264572276,218.13236881021376,1505.75207247699
0.010803293767882555,2.985940172738867,11945.023083837932,2745.607891868769,282.09270364751666,1227.4875429774515
0.010190287059757103,2.9841204869182794,2999.037979713327,3143.809916135021,145.34683091793593,2739.0248485684338
0.007790713879461265,2.9758183138759136,7062.998063584163,1058.5685482831227,274.0512691465495,867.7889077989998
0.007981740576597991,3.0009650862752975,9719.214251797865,1000.8988769534279,229.238135440577,888.8156091921858
0.01035133164911024,3.7942022287387474,17633.198767094935,1375.5650295806558,151.86197600327088,1145.0992631188603
0.010157031733141862,0.6009961797025687,2579.238366698448,974.6285824198231,96.47395023069983,4862.6215210198825
0.009896258533999539,2.0247503628003893,6966.79119798806,1627.2683863464665,116.48833673935212,2537.7945259739195
0.009774035448726173,0.6039769773523221,2057.5812770594093,807.1038309112506,86.79275268640386,4470.257416759639
0.013534135752205216,3.6543297236825825,3455.1052608054224,2063.485826507072,197.39827348511506,1814.4745919544237
0.00810440323588537,3.4357905354104417,14763.088724301382,2014.1162221147467,99.1391259750072,1556.877537595526
0.010036283311644092,2.01006461952375,1793.7453789048443,693.1474580033309,87.93052677880911,1594.9524963021806
0.010111890694217474,2.5013814447778615,2618.330000347564,1291.637809924082,135.7325837685569,1888.545911386028
0.009930097527927359,2.9781526752532,14137.0445978184,2607.052908195223,310.2713679475808,939.4499534727069
0.007910702994127845,6.0990282682197625,16054.355186393386,1251.399828809485,249.27961167313325,454.16503206720785
0.011325201610538833,1.8376333874237167,7032.182595921774,1395.6985596519626,237.0914756593076,2033.9317739445432
0.009909997783131643,1.9657467633584633,12093.369071958006,537.6693864451006,108.14891090142378,1158.0274432173564
0.009914888632251567,4.9877065236110045,16165.146654623704,2139.50362258871,247.53560591254208,927.3318499149792
0.005797455945087457,0.985699163524412,5998.060212963326,3311.0937694649265,260.6635856182874,2777.0339291406544
0.0077567906683745835,0.786684513939056,7863.066065694379,1015.8067167691006,155.50639101752398,2779.1710571004264
0.008106161082165353,10.85767912556589,6857.0804746151825,1496.940860090733,156.61776174377525,446.64769499855305
0.005733564010153003,0.6284420378133896,3499.1406137626345,5311.315153556035,67.51358052142486,8067.417313144467
0.009919839587941863,2.0448637873238353,8168.438578582702,313.1653318148284,168.63653451579688,869.8185532551943
0.009943656222935578,5.053312359240596,18108.705428642294,522.1132968839662,261.5234156189791,336.2611084870365
0.011086912756398913,6.069412615640526,12565.334256452516,2161.025189416678,250.66562433632674,808.8346586886777
0.008214495803469347,14.928830365461147,17732.797302672243,1984.9192184607564,303.09163214577154,198.50157373026147
0.009827038264590198,2.0166302653743164,13739.032758064823,1611.1896564864799,194.6119854266125,1756.2319467367724
0.010797637887128238,2.0198200772191703,17691.145103309504,545.1587034066719,199.4506018132796,899.6775000591708
0.007792425870844764,2.984452271137198,10156.776551960713,3957.542743250839,159.290635886691,2306.513168278186
0.013130283073449692,1.503076595743202,1718.7303142816538,487.35353085389266,37.14022395718981,2143.2496951918797
0.01003718527843122,0.6035943169522694,2103.143397420959,529.3334790755717,68.84299111581777,3937.3588209067448
0.005825266010892218,1.991042130452569,6802.290635765529,1498.5872356134525,219.27005707596962,1416.691772433418
0.010896614731028405,2.953212758229937,7927.933763316511,2734.6744459999213,251.72270671000672,1684.4608696568146
0.010662481270173468,1.0121526579468507,11707.56498666168,2030.8888550757172,221.31112580390658,2970.803500933831
0.013428454352403736,3.6343113396975713,18676.63550899237,2043.7054643054357,295.88747756201076,1184.6345052138863
0.00796637923797741,4.984591005990353,6966.0687029869005,5065.319296782946,279.12523837477994,1325.4959607764042
0.005671013310363417,1.976559333476797,5901.122469400034,5093.398181687991,139.71041612604213,3107.855956187156
0.007944044855615206,1.6289465029311103,11934.239466009863,3569.3532899172064,272.25553049477776,1960.497788441865
0.008070395501818858,0.7838200429864485,4855.878461620352,2184.1096323265388,147.37378842994636,4303.566162864547
0.010886141575820215,3.037825617945984,17508.11073151039,498.79846540444447,237.30741385946152,529.5025762121832
0.009960234911344644,1.7635125612439482,2061.091598549173,149.87708415301077,43.381217304936584,560.7335738696572
0.008199991522549637,5.444301284444779,14794.212192503213,2319.254297914197,231.3155930050569,850.6927367057795
0.0099934329732485,2.021019944735549,13826.47633251852,2557.243927849369,331.9559440948067,1078.363510144604
0.010935381915491604,0.999359903187161,7934.930955141001,959.9152605696323,98.64615538523,3231.9554588509536
0.01078581673316869,2.991421377769188,17766.37705818267,2790.887397033429,284.9274797287887,1573.3369130528167
0.00802778607028306,6.085628529087955,6885.707853503516,2017.118861970165,84.68417268723574,1150.1873779133473
0.008042550745578504,0.5073477719139557,15811.38418581538,1000.2522290621082,259.51454790529414,2144.279980567122
0.014958807824551258,6.1521384387958635,11931.17026023076,2139.0382754659095,303.5059400849954,749.211649623157
0.0077289247954805355,1.010863548560866,9809.954303986708,1980.6115095335842,198.23616422591513,2794.3257211118453
0.010235757671260538,1.9745135622370305,8968.372464382866,6807.944210035308,293.85010667487467,2371.846579627601
0.01510125442192765,3.139344699319887,6374.00037516885,2205.0014681939147,225.4692664510653,1892.2103177494828
0.0038512079263836245,0.7947193855842687,9766.470586372858,7501.941844600739,208.8596870668762,4471.676968228966
0.008083679325445103,5.96486669667393,11652.92718440731,992.6289401618878,227.66766708930027,418.7836788259201
0.006124527818492296,0.801215740777858,7955.611819661872,4951.178333398725,178.30220325777685,5267.866189468032
0.005803026236146212,3.9567485932938444,5947.481468021741,3359.060521210108,219.06916103699544,1178.272966566479
0.007766377261786505,0.25300238914658374,5891.667949099329,1967.424102296045,139.78115351436412,7155.834668680765
0.010033911342110659,2.4074683581324647,6896.310917781381,5614.281752050565,225.37335277242798,2615.470703800797
0.010991665112685022,0.9969454389202542,15590.988953148219,1509.8635968217088,196.41078466718665,2742.2932230693104
0.007824809583850128,0.9912524220051263,6903.445246451803,2004.6541796670408,88.61316299332235,4144.72915765467
0.009303066001064618,3.0721391374877083,10912.138237257213,2056.552706098873,240.09683031655726,1249.0442996686231
0.005906739024926177,5.8970364398954915,9801.948166652968,1520.7616901734038,218.48318192658957,444.9770331508581
0.00476885940652854,0.3189823574618019,13517.66222083229,3433.498802270508,210.72515325202133,5547.190619440397
0.008002198464690292,0.8866729849312622,11804.970542551058,1094.647338254217,253.73050198703686,1802.292114648591
0.0055818288725060505,1.3653679782113666,7093.178454314656,3967.1646988025927,209.72176848605335,2808.2085273570506
0.009997570199379547,2.0291977404395602,2781.998128306655,1039.417082826059,121.26440855835938,2077.2250685126432
0.007763705806435768,2.0887277480364337,3099.9326426857465,631.599763461205,138.91511492531853,1234.3265514728546
0.006027474264067226,0.969018291899706,2995.7539479158177,1141.2029916095657,61.64927645011981,3214.3847943733495
0.0058874427328338,3.942341600452541,9873.36363053569,5048.111868075686,177.67104351058543,1671.4657039400415
0.008063821551732448,3.0412713371919105,9778.000364145382,501.06588168044453,225.8794009786536,599.2434762494488
0.010050280376792056,1.0020834599769817,10280.802347549683,939.1010841179616,129.0155558138151,2761.5826719031475
0.007965850519036763,0.7709506262107602,4896.308287259919,2713.4174110732138,232.06485226432017,3568.9063134663406
0.010070722952397219,0.5971979327931976,2932.645704784281,1260.9529999255235,108.61478726614352,5138.643880108598
0.007836832438012782,3.0333942856125415,17680.474216378407,1984.294047046677,341.93344535393214,648.0553291791082
0.009945856702834086,0.9822607427995436,504.6564967024275,152.35638635960223,47.78553089488674,878.4619160641298
0.009965870182274971,5.028712021011072,19497.9273109789,736.7905803648321,264.6573792329636,418.3416472250591
0.005819733865695543,3.964430632286508,15490.177557800114,3322.3827386596336,240.27782592332602,1082.2821495114122
0.009959493271667142,1.0202794515492344,12067.02047615287,1468.1758347399928,130.6996531438861,3553.8191051418257
0.009352255569932563,1.810197438090917,116.6243100765981,118.17282554063108,78.91203611980166,385.0634208845244
0.009888230289440553,2.0148099219112923,8916.774612825571,3207.754528307444,287.9492085052776,1699.6487302872208
0.008015614023233102,2.4328435225313862,9795.469320803713,2179.8653041749694,180.0999339205697,1691.7463080390355
0.005921981625727752,0.997838828962771,13586.058235523373,3362.647457084771,299.6185527342169,1904.0906715125832
0.010766882494833648,0.9836872436281348,14971.924139558463,2024.5930733568493,304.38957923066374,1769.6736131210605
0.014071873617008403,1.536555858152636,11091.491204393535,2046.6901848642956,305.177042202705,1554.427142616458
0.005882966222671755,6.014585676598696,7840.035365526996,4950.637711301992,176.56319070716228,1282.0184705090635
0.010646487604047341,1.9857930613922197,5848.345236773626,547.7124167685679,119.68282059004703,1473.4611384543164
0.006221563656575692,0.9249459891448032,10327.983664030739,2756.5837144516704,233.9495027401756,2680.0113447161334
0.005870623790940861,2.979411815201479,17587.83669852011,3351.218057597323,114.42159828268271,2077.7490348606498
0.01007611984689175,0.9974693960742292,9984.857203322988,2352.377760319961,137.73747722236683,4520.929797363584
0.013124004649604263,1.7575390485140223,3241.049838874809,220.50741156990622,31.027294872237686,1047.8273376853585
0.009320312028793732,3.0482289219405776,7150.422360522461,4188.071653035909,260.61889220366197,1850.8488413680861
0.009845570501068632,3.015395596314608,4990.563341440746,4982.190210042983,242.97225469073024,2388.504452655399
0.009969083696372005,1.0049093162852836,2105.722939368345,403.9239869280752,53.619901099802675,2090.4699669640722
0.005996636239105965,0.8038680394788997,14792.277196314746,4907.471470671539,316.472421357423,2732.618075213455
0.005954490635802621,4.848168705313947,7164.271569775723,2148.5624752706467,276.2414765325215,642.0524637451632
0.007803812483152235,6.014044032508832,14750.17139815691,1502.382983391727,118.02150060795948,766.1872221006521
0.012613515562739031,5.547930343394295,6903.822024278792,697.5901716023192,217.18395038762304,709.5845517007156
0.007918497653637049,1.76609842122696,7106.170266231302,5253.928073230237,257.224887366757,2416.094500901585
0.00800801278401166,2.458158536977819,12848.985413171822,1577.804078396346,149.22773817548168,1477.1768156782862
0.010961133616849673,5.9368956624921685,12774.8213687061,3129.8658235166686,288.76735612567137,865.7916180657822
0.007822542203304203,2.0021796619899135,5851.29131856311,2023.703210002766,177.10669859054403,2202.8521212078413
0.008008976484446843,1.5833862297320884,12869.770564343293,1609.7737705072325,208.23708792840333,1713.3339577491015
0.007877270509990115,1.645088229720146,11672.697133264965,2878.647310911522,276.8025149111467,1621.7852903322594
0.00803233419188469,4.060644201577889,14274.767572505692,4032.5224806162496,234.55893899851316,1553.8157028971661
0.006172317131763996,0.7893460134466367,12706.758956394291,1609.567038290771,268.24213430457434,1806.4220210967096
0.011589926339853562,1.356334453747751,7204.105711877451,1025.4083886035326,265.8446041099279,2122.015831242417
0.012560981389429841,3.6225703858747456,6803.435642769092,2583.349352618664,249.82950146101254,1609.40656094195
0.011038527117671402,3.965339773859163,13803.896280416873,503.15734146249446,279.14488859987455,405.8609527507247
0.009927535303671409,0.3479441537443128,2131.628975518682,3243.186448542051,54.318044327290565,10290.62895550782
0.009971147207279736,0.9966434619821976,6058.89201443413,281.3511345552793,114.65066077815452,1494.8813247192545
0.007852726481432716,3.014845802182783,14806.787708915072,1499.0237864219923,119.2765439083681,1295.7886729074164
0.010837985275197113,2.9797572515659074,13538.356851824788,502.77468947370176,219.1953376964719,627.492388478126
0.009848116473525575,0.9876534541372944,9931.321005684042,559.0375370198154,112.89926012155004,2168.3292362354223
0.01318643566578762,2.483820359705765,2012.8571016123362,906.0812753256251,49.78198835728842,2073.8877658846623
0.006013873146462285,0.9991867724466978,3974.605262945123,825.7904037304439,52.98507315901039,2789.743883141518
0.009252605365143492,3.0154673768670888,18235.211789390465,1011.189390605394,328.32324091544996,458.39825330743673
0.007957865452595522,2.9692040827096884,9748.459131506384,1995.4773153232536,120.02006394227138,1666.0747518802395
0.008237612450461116,2.984988009950687,9975.060063288063,1524.4117443160228,207.7970803717164,1143.6701452385485
0.008030722323193804,2.982420644670869,17401.99931121076,497.7435704661817,267.2407669782542,422.6390404427582
0.009475456105404083,2.0357241166023017,6956.452084438672,1177.8315574294481,286.7899579789622,1419.9863418457571
0.007942450724669004,0.4984792694198619,5792.4712207380435,2028.5818774811707,177.06673569047376,4760.447941726678
0.007635185191020621,3.15061429591761,1351.8901193184422,461.0621126687342,123.51278048175072,639.8899534516006
0.012746376844336478,1.8814969017154064,7031.686055872947,3827.0517350125356,207.03783306358727,3013.287149865042
0.008184863883336573,5.337524001406057,15591.351390083266,1517.388537923147,199.54376746362485,669.5189633148372
0.005879897187299742,4.122787096268618,15873.52069940001,1497.4385105516442,302.24396796811504,430.9952180620394
0.008076477102025331,5.997175497642059,11677.05010656784,1974.6222685657863,269.93281716749715,512.540184406204
0.007836064988667775,0.49289459563780985,7926.798835413613,2037.2652413716444,198.66218418361473,4278.73215402596
0.008021880388966434,3.0394104629301264,17712.414077365156,498.48810350345934,243.42998671490082,458.6275608576676
0.005809829772526939,3.025312132222906,6857.073638743045,5056.480809109748,263.6365260200807,1649.1582256563397
0.01089320155960773,4.021185972921403,5999.270379116477,2007.8763135539148,240.23252594060722,1242.9524575873047
0.00990468896849039,3.1920665732131277,1243.1218586705445,683.4006236109019,134.92110500023125,980.828721354504
0.00925596827529283,1.813114151687004,113.2343498536824,92.50957241174254,57.769574093103934,321.24459823731576
0.007929411179453325,2.9700834461066163,17482.50232720846,3959.216302894393,327.9855991296368,1307.342392715192
0.005813647634564339,3.9362937706561603,11632.93671416325,3305.8487945644233,237.56634819156685,1014.5226610137063
0.0057505774435895485,2.003716760089143,6818.845519265979,3539.852446576165,120.00655332783796,2712.4045587104
0.009445946191981433,1.7145565869208421,7069.208235245402,3983.187937090081,255.4053315108627,2402.7912140755343
0.01257623315896842,3.702230586593989,6859.340669806801,5272.90554308873,218.67387295024963,2515.118609280061
0.00813404787690644,3.6378406831890113,13918.54524913667,5929.449998300479,240.0293709900488,2328.3365128283967
0.0038193648745969895,0.8199857356931701,7851.987657568623,7311.820765769429,254.2164048462044,3533.1002530865803
0.008128673458457946,5.296649556322116,9663.977975943511,1963.4143865452534,219.38801890501358,822.3191337352844
0.008080974627575017,2.9935690110172697,13428.496768098214,975.1978065055897,194.76714462202128,819.2883582089223
0.00806833401205505,1.0018682879453114,17796.994720461847,997.9334291422945,182.15541379854608,1800.002300914824
0.010100527041695955,2.981316473949804,12183.14079330218,4910.982896780943,304.13381976412404,1653.9726333506
0.01107936657924822,3.0220985374065688,14398.252420521381,2019.72996870832,260.13541886804825,1221.9051637924467
0.012484788768926952,3.689502598451758,6877.195817468163,2730.3165689135913,214.58402549758858,1855.1375075763
0.006146729968815946,0.7934294248383587,7925.518867763216,2691.359010073935,194.06104565602334,3321.900461857411
0.00802725718870151,1.6881396359988747,13900.66362837506,1609.6292951783255,258.9333305069497,1349.2619265191415
0.008033956057887865,0.9935089042046507,6828.169556761352,1979.4432237930898,164.54241426647368,3397.760469343827
0.003990594662316893,0.19659401261065698,100.07777993909346,1985.9360430364848,12.657632331015192,5516.941266391243
0.007935569246040101,2.998232565612296,6927.537697997062,2007.192943645749,136.95510583400096,1834.8501425411462
0.010144042305350412,4.957327883395077,5086.786260933571,4093.4518415669604,243.80017229503005,1493.2787508908937
0.008287122927659192,5.269048605132883,17628.406177685956,1505.2178630747017,258.8809656461257,571.0537949229304
0.005545661730100381,0.4308203618863487,6927.5156166861625,3996.0800141499453,219.01165313091434,5037.386225828167
0.007723089558135328,5.974035668333921,6968.851722347773,2012.1930173494416,206.6772831013269,796.5897511013334
0.010291462692494572,3.864266574580461,9962.161806504897,1327.3227827228761,250.6816313782014,897.2596484020721
0.007685196029330404,3.1335481203755475,1890.526611014004,416.8225447021923,115.49055176219937,632.3816593351904
0.011479747035335199,2.029026276326911,7124.98906657638,2021.2008973689822,274.00588407120205,1871.850804740766
0.006023369666490936,0.3017644678620337,109.20411026470646,201.58412560078327,23.60516439224248,1429.779607642396
0.007958617313403853,1.5701371205216255,9891.02584005314,1614.6701978195504,287.29511004061624,1358.1475685272278
0.007731969301466675,0.9943771394430345,13333.542817106085,1001.3242900404904,122.53749310189147,2279.182748342863
0.009895595406240522,1.9672242606345658,2003.6983593370858,172.1837523168554,39.60673453180413,570.244978626972
0.007959823925303844,1.652685232619293,17523.068628375942,4466.732685701946,317.2056788311238,2223.275698718589
0.008038943880746087,0.9874082252136027,6980.980321450255,495.2655874758608,240.89734737334868,1672.1031725796915
0.009555066186670185,3.027229054243447,6909.59227785349,4009.706480397136,246.30422230022586,1967.5630595889638
0.007943655680948918,4.0325511067048945,11757.319475437433,3356.1175027240647,257.34942064785054,1107.5740196467264
0.013097975875852947,2.2755940664788743,2511.2398344423395,287.4209890606152,30.25655172390741,1036.0406119127347
0.009976001455019111,2.944137497290476,3008.9901194757613,3642.481631856024,141.2150744586818,3004.2247897248058
0.006143750610732815,0.9050524173429372,6862.081165940769,2729.0379508302335,225.37670812453757,2970.2500821018743
0.00792084480626779,0.7715025315313225,9882.903285875504,993.6480450101541,256.03082255695125,2015.4767709919215
0.008119540232819298,1.7578711999151775,9914.117537375496,3778.381558276331,275.7801559159587,1800.4219014362131
0.007981486185782398,2.964855255521566,13631.367192482034,994.3322501217895,119.12124408886739,1011.903776554163
0.0102785576523617,1.7501509782579596,13769.962545298082,951.0558031390226,330.68071715990715,794.8331504543285
0.008128223822613263,0.8109378222968903,9862.897416759064,984.2344764152707,281.242171483879,1814.9285103000993
0.008031916126681608,0.9911663502704705,13740.92072170806,1982.8715640801943,309.6419860498467,1516.549114236788
0.009378081926741407,0.6075493927671478,113.26814313103789,120.70982019129342,51.21815988308597,888.2325203846731
0.008858151771298041,0.347261287487711,7871.902872931805,2221.298942917037,178.34907078537802,5890.141432971028
0.010222355209811445,1.5003552727718206,2065.963189128076,127.8904218245997,40.6567344949588,564.4723357873328
0.0057974486764327746,4.007029445135488,15384.145942570236,4994.925136281773,296.83626446657814,1208.0824650038103
0.007881692991613358,1.5885581142917609,7818.746847925371,4059.587872401275,246.81410375334832,2390.4694190374053
0.006047247990695253,0.7869983006651384,14413.834611252083,1594.9128884855832,213.0764435370147,2235.744588804709
0.0081729213082557,10.928671511312496,17206.360797357956,1989.4594911567308,302.72260753038455,294.428173571898
0.010717804534057105,5.98700991499488,5852.457628227358,997.561911530845,218.12577641242467,711.2347375350735
0.010086205928010891,4.953306664378056,14349.454841524232,638.1660254371182,321.5417121156924,303.4799633886813
0.008106667501746977,2.9802306506668756,13928.743337722422,2048.5122926412696,282.3153530574596,903.0384692377356
0.010051526287346443,1.5130954905976766,2820.4705416902316,667.8587554631436,99.75213597555039,2127.3192700454547
0.013029507279646087,1.7364341102074277,1058.951339710797,416.47057137422433,32.045781387907425,1568.0714123907364
0.009283439373448872,3.05999971971933,11021.492403657076,2007.1063614175039,289.1144925744461,879.0092688553542
0.008048853234608667,10.859890872619658,9792.876213984768,1012.3216815290675,78.52834155012745,378.92450162254
0.008145874315511364,3.525328433845789,1974.8653879104422,996.6133648188517,187.04600570198275,824.9695648955494
0.01081604089797433,3.0281795783036354,9750.860514621534,2006.4364699392502,256.03794489288055,1310.0223335203546
0.007993619838603215,1.0077289248338743,17673.356932737308,981.7789086316606,320.0173922720532,1018.8224740976532
0.012746254132992917,0.9660348157400235,2639.5806002493064,1048.0729874189558,140.5740803781906,3978.1888727720275
0.010098880328995022,3.6548946859424882,6765.049712891532,5449.132235970288,183.49265406528693,2564.2878246764026
0.0073702076846310065,3.8148735366726174,17812.258078739032,4017.840947729715,168.46470144179654,2095.2591471544383
0.0029290714223295694,0.504009408579384,7110.365950077994,1469.0310196830694,52.29104565060489,3688.2261948323503
0.010054424213880244,1.991833185962916,17945.121113428617,1907.1079829439846,150.60528179739845,2356.0189237282225
0.009141275708239381,1.8179861630502405,205.7200618366979,299.94867900696704,79.61833477700795,746.1351084400529
0.010129440695739369,0.3544936773540451,1604.7731965532432,1636.8675000998728,58.451582731318474,6829.230741385726
0.008022824056385134,1.006441740999808,17608.879449179356,3999.6258636313464,263.5377380916232,3959.360746837294
0.010182721692375822,2.4270412467411058,6812.472409569333,1542.832487689324,164.75611520000973,2035.6041391833044
0.008123181329211332,1.774420599576564,9906.859746125569,6515.3764043172705,293.08945041106716,2244.1478373420878
0.005763661796225106,1.9903806181765213,17975.117916485022,1486.4949964660896,56.77565343230716,1698.3318128397534
0.00549547640438448,2.5284961846193728,9654.089755399316,6903.889145643951,284.666720347384,1956.7285334162448
0.008075549157479012,15.021185661397299,9910.405218329217,2024.3356356083284,270.1255900129657,254.24646057525055
0.006067192595707137,0.7895983204096219,9892.640394525099,4002.917900172911,210.5476041978077,3785.257949574866
0.006868555631312921,0.9840388113184264,6936.877411611837,3045.140471412069,247.04852217913097,2838.4579506467735
0.010025521016135438,2.5067092564718116,2066.55758751744,204.20994290991334,44.08565125453264,581.8676298969796
0.009991720603434933,5.029852820371337,15618.249522933595,1440.6709421860705,324.2270673044393,429.80473508249736
0.005828150976898395,3.9762878874065524,17451.201999019617,1484.3176046973135,240.96155987838483,583.2741998526196
0.011222520217329909,3.647649451650307,10606.415518610578,6663.43944386648,260.1627594865194,2515.63535084128
0.010092622547514366,2.061841781234816,2965.2075649021403,441.13813682740573,111.73388572540031,1166.0720908143608
0.008061210620314316,3.979937985740823,12096.073175582284,1491.124733149526,221.8626710252186,812.6406656795926
0.009950945392281302,1.9625841262401533,1265.1662136482269,170.27599032508212,40.76461951535578,570.1871630933081
0.007856840910176827,2.07937021480208,1089.2851999281784,1058.5988743306145,128.48634029291415,1354.3993219221575
0.0078089007429985825,7.09016013901135,17479.58383145183,1486.81914975946,304.9313924271165,348.9732586619723
0.010004516485226779,1.0190137887357469,13798.273629271707,1374.8588553317977,197.42089964461874,2516.511177834775
0.012928795765833617,2.454767060959524,1276.730924029117,361.5694552462447,32.50980727492578,1080.9578538081444
0.01083707710522899,5.930099921091265,9887.708652105108,2797.978650451535,283.35944991236687,824.437730717227
0.011009289617708173,1.9823908763342937,13592.940119893587,1099.994144764542,198.6079073304659,1443.0497214092966
0.00793116859014218,0.7793490493280413,7894.196773174442,3189.622065022798,243.63934147306793,3117.6548285080125
0.011965866074831043,1.4484157085105567,300.3145987319541,201.4384550886979,27.212401817393307,946.1519024221013
0.008027929381077973,0.9933785177855314,17760.128090238646,990.0806805912388,284.00754330504,1300.8996059257397
0.009389873525458834,3.6239312399828307,6880.258624395327,2779.0549410362687,206.26299038158726,1657.7600291698882
0.010567483243252898,3.768248126928892,17450.08559478974,1048.7080720201543,199.9570144221128,829.9632406465412
0.010977448709821957,1.9967692188434139,5883.528828565572,1074.7065129610955,98.39837917736999,2351.0550892035367
0.010088611908718532,0.9888444288414451,10016.732670184932,1631.7229061060166,134.59191536039404,3831.838284158716
0.00785431871601486,0.7870445450462279,2932.8809112709055,2702.4095559121997,206.14248188486988,4126.634029634969
0.009887227843807262,1.7550397137769873,1680.975492554817,315.0603765429128,60.616823676243534,1067.1417999817045
0.009901463091549375,0.9605204787061585,2350.1704390611635,990.0778311328618,109.52501724396473,3601.0087167515894
0.003972131600863547,1.0086035098356925,3020.82415355639,2700.962616418313,64.85623471434131,3815.7487535077757
0.007978213954758836,0.5009695373877338,7959.847611622294,2783.0909481433846,77.75514063339793,7171.594725307578
0.008066629115887753,1.602596756465767,14592.302042741256,3186.1508584735893,297.1173070157141,1791.5092831925483
0.010656802386773828,0.997382340754634,9813.361895487138,1507.573691360045,117.10959622332778,3916.194430988249
0.009959762566677945,5.020461299577973,11574.827043946309,620.2085627512714,217.81301129748098,465.86869251801613
0.009703937526793025,3.112071351240541,817.888170906161,160.16803686869028,121.14527319468122,389.8744485793297
0.007746439550958012,2.940113443148189,6976.812739800425,1989.6874704124214,86.4466173561331,1997.933739866475
0.01300452650005842,1.9359077237963584,9950.210396624889,3840.9603490685045,260.9010023595448,2435.836546539216
0.003795509562715053,1.5356091201801725,9862.625753721044,3990.6077947260474,280.84479948803875,1464.5165240653116
0.009999623701751977,2.022554915311839,11842.081677966646,314.97169207104747,183.04499954929454,764.0357750825134
0.0082231077870023,5.344820305358002,11743.020354898359,2031.0668668243486,237.5508801509148,726.876753097553
0.009804959276659392,1.0040295444335856,6960.019074733198,1771.32087597033,214.2567219169664,2978.7343888376963
0.007931233044216604,2.966908092549133,17669.705069777014,1014.3603003751136,262.8180504504935,668.123137839177
0.009925158598380085,1.0041907436007445,14044.005506311016,450.1052544243606,108.56309911704899,1713.4112321813843
0.01100722987161573,2.015054982267858,5872.730725203444,1092.9455708346416,121.09064814818613,2285.149506033625
0.008112329626493497,6.003452073981391,7034.430016399488,2056.296199895978,273.0660394015947,611.9539247383037
0.010795672483065259,0.986738810247559,13958.40250257806,2787.1153268495327,196.14444949104475,4251.1563019248715
0.007976245873433563,2.0179256275984323,9838.676643205052,2019.5607186331333,255.67052510492832,1424.301035075824
0.008019737176038235,1.5577362301315951,2967.9487909005884,2217.8439522456415,192.93927001430183,2590.8681415187702
0.010059750150551555,1.2582446458602703,2281.6139802843395,498.87351416959024,75.38672307951104,2015.8584885708108
0.013405562151935717,3.631211092783343,16688.182585880848,2052.7173774890493,332.7194593764445,938.3374516079292
0.00931130550541044,2.008327369822704,7007.487499626533,1024.594730354686,277.02499715073793,1376.8200113933233
0.007242498161356814,3.7919188179357857,9855.931085269098,2481.8790150013288,201.06749038390012,1273.630233170519
0.008001075502255485,1.989580283621346,16157.116050222136,1003.7825003202622,332.0651999031426,585.4122653440414
0.005921406183265425,6.015964115427227,7817.344873406092,4974.467294202341,239.42380021955168,1050.6268123479763
0.007996942204559777,0.9958498628700568,1978.3413784053291,984.758757312804,186.80937492762794,2474.79116553124
0.009542331297811428,1.8198497286182955,15318.944929067133,672.9922707394468,262.0593028244154,830.2888698175935
0.009301049360113507,1.843216581004199,13975.668449843146,3918.9961686208644,285.2529428488463,2208.882968107009
0.005981701313591306,0.7910819213032535,12531.76251367399,4015.5929313208976,246.73473001514472,3466.1638269256914
0.010053213370853882,0.9951117900355471,10054.016489164791,1006.2469587495947,125.5004130829324,2838.745885839716
0.0132815179606107,1.4698249592184858,2553.452037211689,754.2352706668557,42.494380270759635,2865.4549991032895
0.010759956987785469,1.0052618453955469,6940.802239890857,1981.9665904969145,256.6461017594613,2682.9489935145307
0.00785390276835503,5.98883100659899,14815.896725004042,1010.514078698703,169.8220716283327,487.7171905327046
0.00988338182192733,1.5139519902152874,2609.8996589400117,265.84390478604473,51.358767325570454,1043.407313527212
0.009924817849952498,2.465071115145296,1936.7731042566154,1025.1900606201857,111.25562840690934,1683.1383250617516
0.01001112160891534,1.7598919439413128,2796.897784733331,813.0971121766285,105.90566270898177,2038.54172404389
0.00800124373936682,1.563123536158022,12885.828618803143,2679.1107099281,292.3697163059896,1431.5673788665947
0.010276807993552253,3.0081048639510963,15876.636968716452,6184.871308461967,242.22260227360582,3463.4532803120196
0.007956505162648559,1.5542034983640334,14628.599912256417,1624.6896249366407,332.54731280276627,879.323202319138
0.008038740941102712,2.455483888891905,14761.666946576215,1034.8686395186955,230.7325594419602,866.6012244787711
0.006233614678543822,0.9285230785944941,10532.022400608685,5374.515812312259,246.50182821030768,3717.293001374004
0.00583220503922785,5.972793383133487,14752.80973770144,4952.105911766393,258.3817447335304,1065.1216261706381
0.010534353446637402,0.7552325507211302,6868.184233894329,1425.019156529623,84.98634799208064,4945.235372068484
0.00966978486153943,1.7052761785484862,6881.848940570795,1342.6040146618234,246.40880739250068,1948.2832928298103
0.007746591707001166,2.094381346333452,2823.0620874453075,652.9627918510034,140.9973012016589,1247.343854474903
0.007905090910312447,1.5921860961364038,17745.027340664165,1642.5744670639885,199.18370751561005,1852.6424128856843
0.008093658677311906,1.9992930169277288,9757.532611189697,1493.4946249370762,234.65408993052156,1432.6568550241634
0.015029900641891901,1.623873788331007,5017.85324545596,2213.6002635377413,265.25637620066755,1542.004709139451
0.008021257911915955,0.997075617683561,6923.850504282877,988.3662597355941,153.08776421247936,2663.9507360696693
0.00778034305884361,6.068717630998839,6841.409612424016,2019.0969371112512,226.6921048921131,735.9506017422029
0.01004396914975726,1.9811468322176466,9843.262043615965,2410.431638954924,214.07930085247875,2135.534891820939
0.010133403255275434,0.9987650301359277,4021.6662588964873,1446.8343270418732,38.589330340988596,4647.388473754557
0.015187467491731929,3.9833261001377878,6400.60601628247,1111.5395224172028,265.7118682335428,1053.2460538784599
0.008128095686251212,3.6589036271835047,5029.850286503135,756.564836330441,161.36307414689398,900.1493713285686
0.010025957685829161,5.041518665706345,15979.811738899976,515.889026607811,325.16464761307935,266.3146762281249
0.010008844646372951,0.957273485168592,2014.0158164339232,1010.1728624174673,107.40149082798375,3601.399116211831
0.010088113008009835,1.987504052596654,11809.2933548869,1563.6245856701062,119.79257686703347,2268.804370859956
0.010047343054125343,1.9704490947412037,11897.759529691713,1643.4990487744205,125.13752870307432,2320.778631526453
0.011111911258660002,5.963800888396852,12912.714753088114,1576.9185126059556,220.25983182822318,726.2539718182759
0.014793705539805994,6.104341692197552,11745.064924723485,1546.1050235922744,300.49502371460613,635.5274848249512
0.007919163687031123,3.007270876863033,6582.591645388471,1045.1723662944557,65.87986327485096,1418.5783451312586
0.007735827893442805,1.6161096728764002,19669.223272514737,3501.1800829896206,323.80708729005755,1966.6471591296875
0.008090919812952346,1.9803087928749044,15694.799206188061,2766.0716610396153,258.3537777232329,1817.4951294517086
0.008013062792154102,0.7884196776864678,7641.514105232612,979.7327135708457,83.14455258406646,3364.8865883640187
0.009941525210380912,1.9991055755201377,11711.032053098712,543.8025660444304,101.9000759171964,1203.5959387385465
0.00804566089645941,3.9677991764616483,9725.84083072188,1013.2656587682258,298.5904575974665,482.03122101249124
0.00996151031008328,1.4929706132531144,6988.97052264765,699.9276486412381,93.76528615987544,2102.6742743861787
0.008004260207063602,3.0256239852298688,15756.51426606204,2835.1767947836206,319.6036697509981,901.199009742582
0.005956606005965033,0.7966546645793746,486.2684100006697,198.77814807018265,26.613470371911603,791.8189225689474
0.007911091590270801,1.5941004684060547,14867.29825575841,3146.6579443255364,279.59572999434323,1950.0458495148666
0.00804973254537089,2.9737457063892228,17482.632720766054,1974.0986123896657,170.89706214345884,1464.4234357987443
0.006045008042269809,0.7929685676887588,7914.0442353768585,5007.897570415054,226.36388983512705,3984.8143558327124
0.007536553146114978,5.992801937047631,10333.845493686102,4159.543921119894,292.6116987290016,852.1671432011823
0.005674910979479913,2.987815450752292,11601.469859864557,5111.286445945602,277.55129976889407,1402.8445643415926
0.010057431658883429,2.4859318358375737,1764.1813940473808,325.9415629708155,53.346611657732254,804.7361186820048
0.007984181897519165,1.538472229209979,12703.122182294159,2669.4234028530827,298.8143861277384,1331.807360403962
0.007897830282366505,0.7895896634770255,12656.219720991674,993.208207611687,229.598488422905,1875.9215386915366
0.008000102642620112,2.5427302264462583,7661.972854416682,1590.8293318646884,188.85871577482183,1592.619622935668
0.009933561507809713,2.0096264834719606,11690.279408940803,2072.428626328748,313.8021072911455,1094.9185545809232
0.008073174256069654,1.20069992036298,303.55075223426525,96.4407084785956,100.97894751932262,474.35605163014793
0.0054319405557346325,2.524388662501257,9547.466970817677,6852.302784959312,265.0513562760289,2037.5215613313196
0.007925073884327708,2.0051913286617493,7807.722598073928,976.0598056241839,199.5652554238548,1458.1587010138262
0.01091750202766165,2.0152602707914267,17469.372711788397,1020.726905164241,98.17581534844442,1809.817477921541
0.007782009745845072,1.006934207935235,6959.5471171319205,999.6950448520673,119.96782298666261,2749.6823031331955
0.00799413441910956,0.918481996723325,11645.042058494435,1964.2305072842046,298.11621913195347,1704.93850654314
0.008006254021891259,1.5541234176190464,7890.684342080852,1634.8223818186846,242.917270512603,1848.485851037079
0.013984035745389516,1.532540167065433,12683.114186720806,2725.503146443884,308.5798708900791,1719.7016948800645
0.01001610284493788,4.966979221737628,12136.164004927312,6482.430355320557,308.41173890460664,1642.6470732259622
0.010436812684378363,0.9916491979946674,15819.254580072444,2034.928257281268,322.4448410405724,1566.5327614613836
0.007893387879573072,1.0007510337553418,6840.714330940151,502.2170595482774,114.0677104000659,1985.948539695849
0.010080912588677436,1.0184990214484388,13901.430069042332,467.27966006689326,107.75271374028702,1786.187087234288
0.01157673631267888,1.3479767952029629,7027.672944165097,1016.2526292106609,276.17953388130127,2071.8750079148963
0.008127445447742389,0.9972828693177551,13425.722560495757,965.6974381425972,235.18941510601402,1677.315889407717
0.015351080844049621,2.3251095290072845,6481.3894864263,3887.0025761365105,218.33925738501762,2636.6143509449407
0.007979288403406323,1.0000347598477575,401.70062032265884,60.98026257619885,59.55052188800994,376.0935305219578
0.007952758397930287,0.76849607528424,9921.581518252702,1581.165486394497,104.09932582153245,3959.6824924930193
0.013053078979257282,0.9456910779241889,2870.143476530478,530.0602276012035,103.64005563003336,3023.786503943331
0.007974024016821813,2.0235494996356485,15597.998786126636,3283.618837233653,301.1701123164575,1588.804925896486
0.007978311641114113,0.5065506786186046,7792.350442688213,985.300927308559,120.8196353659208,4298.7719223581
0.00581934351213786,0.9849318429951512,7830.27979544124,4960.840501413875,179.56850639402865,4421.562963255292
0.010058378559949907,2.0162496492481305,5922.94172393672,753.6523332977335,67.34584316430613,1923.390018396752
0.010024804781903079,2.999122904085536,15897.76696875117,3634.766662787302,321.3586758541876,1332.2605879221912
0.00783564045998499,0.972710746689766,9461.353536916018,1016.1947669194344,266.85973533710984,1726.924939329218
0.015017147403137133,2.4676714437018576,5029.700084005987,1426.2857528896923,264.3088576103395,1490.8749290325766
0.0080823360417101,4.037020305550468,6983.148112167726,4066.684965201809,273.0922204300644,1358.436648653451
0.007966355200371167,2.9846372499944747,15739.507542670577,3321.82274712726,261.6380343810642,1565.0048651191087
0.01507770104573885,6.019359180166821,17846.959446645207,1395.5741950655413,279.56540495514497,689.6923288834159
0.007905574989277917,1.966432668259767,7927.184470873439,1446.673642033921,200.92563880511852,1752.4720055864827
0.005737519056961677,2.9996446516529636,15690.435852464338,1474.9496392099516,300.61223324977715,544.6911700108369
0.007927346528454126,0.9968560813403741,6849.5015187346235,1021.0596857122481,262.50895495354547,2218.9847966053335
0.008088262973834777,4.047345054014352,4960.631238570559,750.4114706186654,252.88118215744174,673.623704278979
0.00953834703513492,2.9647689689799286,6899.290735840066,4076.4463725554497,219.00549366965438,2205.006779631689
0.007998869735649408,1.9856084045758438,9644.447618689792,1980.878857228236,117.96138714702744,2257.5345242222706
0.01014921796686016,3.6317122028144855,6899.068175440121,2808.621852321111,201.01198540755252,1814.9557717273783
0.007970766922940135,3.509461140940914,14952.755755790471,1010.3990635558285,263.15225811029035,604.4094420464014
0.010059160673625677,2.0218001403465644,8092.080627202752,1081.9203188794552,200.0097525472083,1700.0666373846525
0.009509577900214942,1.8237834042586754,5586.152133783263,657.3604704471635,203.4377445632057,1477.5838042306025
0.011147952335968884,6.013963610555357,12625.546551877978,1656.428677510154,311.7730702376666,449.46774013431406
0.005693909007245189,2.99384964724651,6947.214919359752,5020.211374798457,59.44329508713212,2883.4427030898446
0.005927067657086542,4.013985304300741,11574.140510532668,3325.9044787129806,316.00608258470425,621.1777213611184
0.00796988768946847,1.5584928546982646,17828.520026418053,1615.5678689669414,329.60275188296265,970.8812960668957
0.009167136032749648,1.2146835297306071,200.84943716157528,301.82599109125425,112.54567521499608,1007.2017785845167
0.007977804175829281,1.572388720688519,14791.048448742837,3160.4510282812917,204.3231535040201,2884.1376893519505
0.015141437183957815,4.005676108910858,6391.755363183584,3031.464637098753,236.2409728180817,1872.91101794353
0.009962424168290301,4.892060237742048,15836.419724357436,1087.1238609529432,251.3420523799963,560.0536833994419
0.01260040782296015,3.6937689920144714,6975.512517271041,2525.975514920464,244.08703405097404,1659.722814596512
0.009762469432181323,0.9709292480722007,596.5167760703903,342.4182622668047,48.49282242000485,1604.9944587253588
0.008056992646407432,2.9426081519835696,13692.265530987479,992.3997333915564,152.29275697199722,911.5035631518548
0.012395462468476571,4.907549287761995,7227.844454998732,3779.9773280178338,275.5170339975963,1459.5312249487502
0.013204810904221015,3.670440016071239,6945.574911408236,2038.966853236712,222.0828963394458,1652.8635370008506
0.008185939060466694,2.9951318248224506,13625.000494033742,4032.7601669092187,274.4673609622407,1512.53231561279
0.010093723570340512,2.0023366076560967,17691.758174770846,899.7839614453497,136.18296112787144,1403.687082835543
0.01025879815694413,0.9928876860494433,15872.102531139344,1478.729761375541,126.80823248328095,3548.559592587262
0.008160252256876806,5.309182519121623,17769.72414243106,1486.2484864921396,340.81390017375645,345.35646838579044
0.009864720062006586,2.4889078804266975,2724.1861590952867,218.57894626661655,41.68636718781136,590.472181559399
0.005768741347068633,2.0452036115625494,15641.510830422643,3477.70633193591,237.29417947800377,1902.7671968548975
0.006029191556715992,0.9893561504796097,3024.384523548162,614.7825464071043,95.28435107376602,2049.6843584742296
0.007912741993397197,3.052479988784131,17683.1236741783,502.6290149064279,212.34623044486736,479.6574791735029
0.005866573805498877,3.972131525413051,15049.668973332216,1513.470645860561,302.77646460875945,418.5685345998426
0.007779210375221252,0.24851185087423897,11904.834989452305,1978.9836713624964,160.03817816284823,6634.541707592027
0.00795961327333811,1.5798793040183854,12604.486941824249,2709.10651726951,148.11922203563878,3111.3924874969266
0.005800033311902156,3.973802221907804,7865.7377426019975,1492.1449989791122,137.82822544450073,875.9932565304674
0.010178861075821681,1.9818446411016375,5059.245337628825,555.1638941986014,77.44588672029315,1453.085069189845
0.015233446140270517,2.3636997158641635,6526.577019853619,1095.7885299736201,233.86797636165048,1780.5961327927585
0.008024806325277398,0.98808519092788,17541.7774720666,1985.9145681596476,252.47270850362938,2369.082438315834
0.007723717243753518,5.963760301202276,13783.228371294243,2012.0558590460603,220.48360168956373,668.4249508123439
0.012708540293026456,1.9183166179583802,6834.077814300257,3683.164923294895,95.202504638469,4840.936421761656
0.003981592343371207,0.4937742271380053,11806.920671715143,4434.889972244547,278.45803843146956,2871.19451128279
0.0107388059554612,0.9997532524006135,15577.667664509001,1503.111504917387,235.38428816705786,2202.5802810349405
0.0076840758771315135,1.6626617876842207,14922.666118400897,909.2805634606167,196.7405350927972,1148.9826491652184
0.00925887511313165,1.800678876443427,120.7645672525352,119.47677441792918,96.84294793275706,414.8695094632789
0.0061659059036874644,0.9036967281785169,6957.65809782807,2077.6381860625793,110.6866531834052,3786.723103185011
0.007705746094255461,1.5521204881162585,12905.907233397878,5035.112559559228,256.6030260208057,3250.2711060299453
0.009942054577455594,2.475791102951703,1797.4912933336564,215.49597855629767,40.80758045202885,596.2331048794873
0.007812079089405623,2.1078875382951017,764.6539181942926,883.9767414155947,128.30831647442778,1102.6857788349457
0.008063648098936295,2.971745249418366,13843.77139554897,1009.7319874999118,136.11442856194955,1005.3247205428108
0.008568428118760487,0.6020674169647642,7920.285476043123,3910.9759556255044,231.594883538863,4327.854596449988
0.01082228521927646,6.054144475462959,17738.77818484984,992.4652350391286,227.67364948649717,538.9638071342519
0.009950373533881752,2.0767514768487847,1305.6215826352736,310.13591985467906,124.31185994001599,887.0366633467916
0.003964584365414394,1.5104419084314098,5148.214431399332,1720.3739714716778,76.14891425550674,2037.7845703479047
0.010028845689246856,2.9867615049321374,18181.568255716014,1524.0091605648238,254.08836896757018,991.117684323091
0.01011762215781281,3.0289933822144164,16351.935684344313,865.9875042336828,329.45652394494596,475.8672822776121
0.0107423294066175,4.902184381209903,13796.837541980463,503.67551775481473,303.7947974982666,310.24966655887596
0.005998502163312528,4.962075968465507,17825.22685529949,1498.9289356032114,178.65093138911894,602.8801162409038
0.00797687998710846,1.3996134255248172,510.39598825306297,100.84879539378404,27.266719086144825,403.450070895001
0.007993312729017535,2.000658290965193,7984.621588666266,1006.8400052121809,161.75487660776938,1579.9997456928338
0.009911665515472925,2.992514478032761,17443.29269070005,2151.4684265145506,340.5324570642839,814.9889538224354
0.010852824743614512,1.9933531636040682,13950.271127122309,548.5245962726252,176.33031004900624,1036.9860043903045
0.010712573097196733,3.9552875219711336,6853.32402779155,1021.7552851374039,221.1828727485175,982.6115338649404
0.00999262395674302,0.6091484348449356,1048.4482177719383,261.010276909632,41.052012937237336,2059.044723083901
0.005799871983493911,3.9502729579300637,6876.961796402533,1514.1576594214978,219.31693186944736,736.5475141662764
0.007884352577928277,1.0109005049059525,10002.941683145838,1979.0051813604841,223.05747843616308,2595.6866272755647
0.0059065045468292094,5.937107679591129,9795.094920879887,1490.4267202808558,278.19758777299285,376.07105378336786
0.007910154436873026,1.5788153712978226,18101.184769137144,2210.819936338407,298.0092001098955,1590.2296140073554
0.00817856655513804,3.704385013906298,2924.012533898462,2474.267514977085,133.8753081971688,1779.5151273801796
0.008064516532381546,1.6393685583216342,15679.862462065614,2419.0347194226333,322.3994902311212,1188.2467610618633
0.007938589497781923,3.0597067967798797,6891.59878117989,1024.143802989106,199.80271105999142,1054.1992675759263
0.00811799411257853,2.9693918233675918,10123.189288542017,6005.4265182993895,211.508856609283,2600.6642696756912
0.009930916189349387,0.9600450867662983,3036.0723696348205,1255.714348242212,116.14217201148567,3980.5941896182126
0.009920800196940778,1.0002682436783683,16004.204796919877,1147.0672408078638,189.11805374170638,2245.4029477894587
0.005900908444386051,4.051220333825102,13798.020651945744,4995.603488886232,218.67148615430423,1570.4561114395838
0.0080562184576798,5.031848721751873,12893.131769520121,3208.436290553312,238.4534410234529,1048.5863789242744
0.008079230736009033,5.027562309421457,15904.139300769155,3057.9251035275915,248.37775362763355,1071.09436087095
0.005834317393290671,3.9703455480943886,6730.7687915787355,1483.8759391399878,281.3430560084922,617.8397989958322
0.014256526619089847,0.9753263050605327,11129.732139879288,1596.014632879617,268.848916196566,2304.872916422446
0.00990704131047822,1.4772668306871606,3000.9970627719513,267.4807610576155,51.042564237809046,1033.174827063387
0.005864357598242992,6.000580255782879,14871.518231141443,3376.4539015771916,318.2432623508426,526.26765097178
0.005843036192445895,2.005183034238926,14600.205943379646,1500.6288521611987,320.4385817201918,665.5788618021755
0.0076920786916861205,6.011456550498514,7079.968170602047,1991.2487406431949,103.07048214488927,1063.872562574451
0.00799187831598281,1.5732617712572656,12873.417140974481,4009.917094795679,250.38062057082018,2653.875076910997
0.007993192558973754,1.9612520809096563,2874.5661259124277,1568.4579592959124,193.75235300254917,1903.3508260203719
0.009875973849008601,3.0124974682069756,11718.534687037276,4952.15410028301,297.63839572908785,1609.9343096615805
0.008018287824178684,1.001409725602504,13852.753270651598,3849.1587648808086,307.82978007093976,2514.1430970977867
0.011036877418632808,6.029835908209362,12825.306092866402,1015.5944747918109,150.44314087899448,695.7565223177809
0.007958799065712969,0.9873777358286504,9706.923790737443,3964.2898437965355,150.97522663778724,5474.986178170195
0.008045082688500486,1.9971111248204645,5892.49187187653,1444.486625124977,258.8812781056958,1536.1461732456537
0.010133232206462504,0.9950015458818844,14033.112113621195,1033.385830617953,200.24077565767107,2095.3258827719096
0.007739051365199824,2.1080711709086364,828.9329349673607,489.78169267848057,119.21693583180057,855.9468588315659
0.010918045766357139,5.97283012983796,13629.451250501417,2811.033556375469,315.7456212123161,638.5380789563205
0.007464916829528355,3.7764626628770848,17546.392175392546,3650.660507187241,287.0244706440213,1285.4453340136943
0.013380849512646573,3.658966068197126,15623.994959632324,2045.2889223570937,294.5438311183953,1068.8449557834792
0.008019324662795233,6.062259173223505,6917.656828796909,973.6415251887151,103.81121520315334,709.6206599167058
0.008134862420288234,1.965513455864554,4876.75209471776,1581.751429875278,196.8603075042645,1996.991661382181
0.00810770627352663,0.7681674528241214,14606.057350116365,1034.1055007518103,158.76944579089968,2236.5296661356683
0.009288700771054852,5.555710007467582,7074.297721249176,2783.059758186363,233.35466581846575,1097.1860436247757
0.005769906549862361,2.013647442558221,9945.756739199258,1556.707274963969,280.7143006405842,1010.4182091533054
0.014965537866026479,5.353505334600129,4094.2007204544743,663.989085214405,182.093471894158,886.3605753702037
0.010019786563446514,3.0075272238097455,20182.642435155998,1583.3755874338462,269.27394825975495,1044.0711053597624
0.0059409981248159304,4.794558988858184,7076.778281500046,2174.1128338194676,241.8863355649175,749.3566867275522
0.007956170774840994,0.3931447719273262,1961.0717804840301,4706.3661563066635,128.56658640329394,7737.857177431141
0.010356843646098082,3.8071935327029367,19630.22437297745,3355.350750354291,249.20750779244477,1775.1395831246582
0.008195859019343355,5.258845242122368,14967.181966136905,1974.2260385926209,323.1352200069975,444.5787699797307
0.010083788592513373,2.0019447231412415,2997.632879223816,807.2460461978955,128.70873985200382,1749.2886832418499
0.007648302348071494,1.6513922092424302,17597.707657882733,1842.5952814192433,222.45331201803023,1758.839451407687
0.009819904432677967,1.049936509566144,1093.630668828173,216.43177755316677,125.85098369069954,1090.6360854239244
0.009968187141231022,0.5860364680334182,2610.137920817645,412.0194705467538,52.214428668856655,3460.326072279867
0.009397778783928957,3.076476592619458,13802.553185317827,4046.222551585801,251.5887545457876,1916.6828579763014
0.010044192103677345,2.479346638970674,4112.383464419189,1268.841865511709,92.00784680456032,2090.7913683316006
0.014987453597736778,3.970228125543716,5103.343898631971,2296.28666363263,214.55381907992856,1816.5851039008214
0.005718442602551513,3.0227496281113075,19256.069755382334,3274.863104690335,221.56786369613312,1608.8260851460993
0.010124990419395978,1.5055948355446338,7081.055011137467,700.0519096026616,85.52517734900884,2131.054645867472
0.00808361754005347,0.782362398243871,14555.728112300189,1010.2051705754602,167.369568042703,2154.0062004658025
0.008066920335713995,3.9963753867099454,11738.546590851709,1501.9303925063027,296.17480632010813,541.6269122476768
0.01003166946255099,2.0234162657025596,15899.70775210033,811.6521109765987,123.82388290535171,1412.6862881813104
0.009981941168245759,1.9739415990817386,6070.967026873945,2782.3696855181747,138.40891250557993,3062.731089887822
0.005841194257247561,3.0082921030117586,9983.72414494902,4930.110358327656,220.10216841979653,1722.2758422383288
0.005340687998353866,2.5125322284442415,9571.940391787444,4263.468366926889,303.4943251664048,1182.1047324315477
0.009874939911037642,1.7722587773477716,2778.0992885653404,517.1238739668674,84.93739257155231,1569.2804148942082
0.0069941919653692735,0.9821475783503578,9995.469779636778,2851.1888553347376,305.2587252768495,1809.627380423341
0.008026325452509727,0.5021325334175384,7849.308251384099,2687.171509046128,58.097168364632765,7634.076396481706
0.008041807596583976,1.609928407430505,9910.13223026967,2640.6103094571567,232.13645632138235,2100.0075104415373
0.00813026716102669,5.3275292398852905,9927.413081000459,1526.1749689697403,214.60084358843642,673.2624061618252
0.01475672917408225,4.025955915489184,5058.604397923786,2229.8070793721536,236.229683183129,1659.7518742909053
0.006117096855027558,0.990336634503417,2047.508610833122,789.2456519369555,57.008595600509125,2414.840378189808
0.005831841826910821,4.006444316509177,17587.077050407337,1524.4421760049595,301.0285439791982,436.9516288977426
0.008093428568555838,0.9924772774302174,6966.211132135476,4037.666260808673,191.27293400193986,4064.490018373409
0.0058363965513379,0.9948593356324322,7771.114824726492,5066.915443952632,139.3884706719153,5244.473808591415
0.00930042447402448,1.84502756719996,120.27281809469417,121.28161332826143,71.64198967102982,382.00846768958354
0.009322609362248999,3.0489786279756492,13782.696137514948,2054.5049753779626,322.54756202774354,710.268787657533
0.00605705270471044,0.2972957717622317,100.49813052834418,56.64153993257367,11.947042700664687,652.1349911829953
0.007988598428112458,1.007566150387549,6862.478267523264,1006.5572312624656,119.88614354265935,2806.9550006857753
0.0100021651487567,2.4797315568746803,2358.2956648205827,913.9779444697058,105.41249752995476,1601.111477054513
0.00970987966854059,0.9906578820653673,11792.924852342549,1437.8830739474392,125.54802705530913,3476.8950351552458
0.005691129550921453,2.9658431199175674,5840.003846396785,1500.2799160702007,236.58584017557786,938.0701945526874
0.008128531444334902,1.589287085604284,12650.716620515776,1601.7909185674241,250.9330986664145,1483.2249976179125
0.00810160892469328,2.9786619618067975,7024.269745844904,1973.130129906553,182.43365698178994,1591.1688327212435
0.008065176139460197,0.9817622398326842,9769.291323598138,1013.384696239115,99.94979319878095,2709.204623870824
0.012447294207365144,2.759244138545786,6711.779689290029,2007.2845145750903,256.3418034663345,1704.5633634991036
0.00984589040314905,2.000792433276962,3060.6134460037183,436.9801298843597,34.38356515440045,1240.5970493483762
0.010070954345045992,3.0229573745504736,11853.10727806275,523.8783491051748,213.8695394650254,656.6566450821095
0.009881851278298354,4.97365950848481,15517.559015856568,923.3914090892101,319.20732270095726,334.748930326791
0.01325648961311727,3.6331973463991796,1720.7964642676877,2100.299417577392,168.1783447231011,1789.3537457072664
0.00990721420159857,5.010298555563868,11908.394789236045,2680.9105224078976,299.3717221231063,734.9745307380263
0.009961642380417924,2.02835734262066,11645.543377789103,1057.5870505567455,113.61838838347104,1771.4800320517552
0.003879628951602983,0.7888271322360084,9718.2345075809,3923.5166564062815,246.01822056551995,2495.6098143134077
0.007915280973501334,1.6574930028752182,11937.734506454935,4038.501109678952,304.1896232017908,1658.2764381660395
0.009168352880026487,3.645495858849232,7000.258502327567,4132.248717753615,229.3518955845584,1832.5500694470818
0.009313736832447399,0.6062601048777949,119.79778930081267,118.67396251142716,72.0318013517143,831.3962957404037
0.00796771093661916,1.7610668122145632,10178.20606120354,5363.353094823308,286.4549562956712,2043.3853740177583
0.011429402949198012,2.0451485522324537,7160.900694678047,4072.2254016086044,247.10865562307262,2381.08646298442
0.01016946164301794,0.9931971867706245,15887.908777453005,1171.5061356946394,114.09276210283944,3146.5838853924924
0.007929125181924663,0.9661557186525412,9808.754467061504,1591.568291139338,298.7299815379215,1778.6803233669882
0.0047640780435419154,0.3200701225350848,13586.328237797008,4779.378553992886,278.09609804265654,4957.853451189111
0.009332144486042764,2.4712244009604696,119.9878349493058,119.27369353348797,57.83104259298124,311.8452421611582
0.005779412231629041,3.9208390501048958,11592.839150834796,1498.4042705541353,301.75487539391463,470.32838758416324
0.009952388404759064,1.767307884729754,2659.397054220078,1393.2174085050729,133.80955713303555,2591.396230178687
0.007917502423690066,1.0025004764005268,6954.744442251395,2005.3215986642522,181.84251538149863,3227.0555357762714
0.007972232972017946,1.5637862069027932,4891.200661528804,1005.0561842831318,210.67029473278467,1868.9419574704261
0.008228101887441124,0.791657148279392,10106.822404070914,1564.4585131182735,123.95298583255607,3723.7732155887375
0.00808275766862519,1.0043996846577068,9717.47729092915,1024.76018636631,138.27242600667054,2424.396245971829
0.012607796427260402,1.8288524906596741,6935.871369755917,626.0175802569333,255.79099187129466,1497.525416896377
0.010029891868850269,3.015604508839748,15716.951356881124,2918.736743742903,250.00379812758567,1715.143447693153
0.006135511203079643,0.8014879722899123,9673.214227246313,3216.952064623979,281.4259014876166,2228.8742970473104
0.015262683885758355,6.064098516810629,14871.798433104996,1426.1734827456637,300.58241496801475,601.7238277249675
0.010160628675220953,4.881872004240165,13503.63908928381,3294.5103335585914,235.8621013679341,1323.7219731619168
0.00796203442634907,1.3896867212702944,309.1440671619879,100.98270476866448,102.0130169392863,424.393457096672
0.00799434236771382,1.7354093439556806,6987.204297098513,5158.7089633758205,232.48183139533123,2747.0505645927797
0.011134098465387803,1.0024523505577057,14427.706844175014,978.4582076961684,176.68443428689426,2271.696912909335
0.007922649932987302,3.0211011381232056,17815.68949793916,1971.5056875586524,299.24511507543536,905.4570704051087
0.010882302704520322,2.968001711540379,14935.775744349274,1957.0902090215268,321.2864176987947,829.2694590294424
0.009927170663949514,1.5096740062064584,7041.552349792117,483.9380216821767,116.55292631385852,1594.1062420783207
0.01073821392800064,6.0348201247856865,5809.719841536213,495.931324041486,177.88372573515844,522.0433043557281
0.010676422946537876,2.0192455071927777,13734.919860734362,547.7874167622851,201.45578979791068,974.6564787782903
0.007558418060690773,2.595813140291259,11757.421021566779,1498.2625541935834,283.5961668854174,812.580608243514
0.007982189540020768,1.016429026765974,6961.675183361876,1963.4250906108527,103.50303549111902,3897.637680537018
0.007953147890670522,3.0463624450953923,13994.23901481364,2870.4087940196014,302.5216676151163,923.3270682714308
0.00835705725855277,5.402304446692575,14588.339833746393,1982.9277651878508,313.8880636534278,474.06655327590136
0.010801344644637226,1.0159885007472749,7816.901720641242,2702.781662983624,160.98245592769706,4499.050939469841
0.008133685036133317,3.9870966108494783,2952.426654621261,1005.8008780704497,224.9076547509839,776.4101052637548
0.008023900899381776,0.9883118955909821,13904.389709433699,1016.6267844425411,263.4769664652747,1493.5128672894223
0.005834058853252337,6.120521182225083,15469.447140272847,3368.1919504742395,260.398921736616,710.539037779411
0.007962979252550993,0.9892074499567721,17435.037514058462,499.3603444815614,237.1329171293962,1038.6519283454716
0.013095107310777676,1.9045861135900586,5123.676565780203,1360.6991378094826,183.3333899450225,2483.7245192751293
0.012662020171437386,1.9026751318611774,5103.661623980701,1363.4793922438591,203.0418054832077,2351.9310430097553
0.006133855636895843,0.7900339998345717,9845.921847192487,3207.8662245928135,216.52625691310882,3260.467269998642
0.008217749950880426,5.459240197475168,15723.66615961676,2017.5378812461279,226.68429343656646,784.7842521627331
0.003909228788233842,2.1094620819407974,2432.3298490437264,967.8169655680408,50.248161332272105,1065.2413780327329
0.007893956275336825,3.550433614657613,12784.864083321876,1944.3165822262715,252.257955865146,947.4609109694783
0.005903493568238879,4.006975454380359,18018.115741686994,5054.144212557697,266.2147018943714,1492.7599452997895
0.011455703072612147,1.3532027652881622,7111.1910142089955,989.0282857932266,247.7104559582621,2205.675116822204
0.007960234027785028,3.0467811563292995,13798.973393328582,502.7934404899886,237.39292634049986,494.8172855681823
0.008024581263517648,2.9385620643576025,9956.22500267157,3973.832864748852,251.4924430833877,1633.2251649653215
0.008195741020598692,0.49848946359144936,15707.9868513053,987.6890559908571,301.48397795842834,1583.092716325509
0.007990761736265674,1.9721349546788933,12768.650485100743,997.3125069441405,242.07988278635648,1034.1576875218832
0.0058007794634699905,5.065942804701587,6805.256444223513,1494.3524914780442,199.5630227022167,642.55759509082
0.00923096558780002,3.0652878984380463,18142.51017123308,1030.6966561799252,327.95486036919533,462.3202334997514
0.00815140786351496,3.021885898597674,16294.190748770607,507.24702448413956,330.3976536252869,350.3582475222833
0.007569461136885992,3.792451532906874,9740.088787337045,2019.63864332498,268.66818067021296,795.4133900323965
0.004755716220509743,0.3809296673075611,299.5141055298972,306.9626600536689,101.43522702987696,1355.0131513343704
0.00809124900544052,2.993246462721392,9619.991529424748,1998.517518913599,84.30657019716723,1835.9144614048375
0.007995356112053114,1.5655932066355633,7733.5512015353925,2230.083645490498,252.5228401649498,2008.920623209235
0.007897273526316194,2.9996280256872883,13652.27246613285,2078.510365851655,213.13022399824044,1182.46598310351
0.0077777324840114246,0.24989500401735848,11761.334416725631,3028.6518980565693,220.1022825788314,6407.004177337207
0.00983750422964477,1.4976658908529086,9382.452300874867,1212.1996661630108,114.29006124506923,2519.5615256863443
0.0057216188403751925,0.986641782145945,14660.57227024471,4949.489749345436,279.6955106537343,3087.3705455992763
0.008025717208318114,0.786313215871456,9945.757960153262,1582.8817540557939,118.46371562708923,3815.804144842337
0.005746057455203805,2.986215602807695,5831.039155656976,3282.798256996945,119.21100079622606,2067.167816040463
0.010104191232061573,2.985109124915678,15931.51337222552,2885.4803262471232,316.65800709588444,1083.552862487275
0.010048496374806844,2.988891885552686,17561.32665046751,4176.745169543614,259.41023954180093,2452.7207397966918
0.009560330489282074,1.8513639594941416,14876.119701242207,338.513958769929,92.56867806308904,865.88137139548
0.007924610097578897,0.5075107640415444,7874.439769918505,2784.0879016911986,140.62636870477772,6012.756711518162
0.007935724709436614,3.012479181844002,13905.669585142346,4075.3897960326235,283.6663293651297,1463.9143709449697
0.010817186238200414,1.9920700619803242,13896.174685193573,988.0749745868656,306.0120994051809,854.7118993338626
0.009918446083465426,0.9375102216734247,2491.7483703914295,1354.3127390286356,121.94073418131889,4005.0517691211826
0.014058514514525429,1.5418519587542288,11106.027468618324,2700.276730784006,301.7530615307696,1628.4735876888592
0.008049512706077547,2.0401190403264042,18459.73191933806,746.5848822932381,256.9178733595997,761.521277735656
0.00991739397675619,0.9931088905529892,7039.2396182360435,790.856879240773,131.57223238110942,2815.074296407281
0.009165436948670743,1.2206016656771357,120.10314649805474,117.73279879418399,68.15236360591967,513.6228317163957
0.009960067551088948,4.961316972129851,9892.723772058405,3763.1768583915523,209.97473358023944,1520.696043170535
0.011531560556587297,1.3533448535039776,7199.405159769334,1032.674295595158,224.77888051034768,2340.715194119109
0.013393079211684115,3.6414079357983224,13950.959277343703,2035.9944215911132,288.6718830074757,1046.7812967736636
0.008171179658606226,5.0520096175333675,17869.86772476368,1262.9779775102013,260.35035375415185,523.0899579816944
0.008021598751669174,0.39550439245931773,1212.7943794631433,4801.975002169475,38.27351113502903,9904.486959027345
0.0060927997425148945,0.7924437965715084,12454.18829904836,7368.046270551508,300.8562503187489,3822.653335023712
0.008011447836652981,2.97904602119474,6841.607076893044,1994.280610504002,177.1280062305193,1586.2407656290063
0.009794127028847462,1.4812336229530096,6916.746790173929,885.629131616143,79.62213825686835,2516.3923665983184
0.00829182694678832,11.072871132186817,9798.053241221593,1010.2575771095853,281.35045031358277,219.0229853752987
0.00993213118566865,1.5124627126004553,2628.774255077481,680.6064571573589,97.48401737023458,2064.148520116542
0.00799697652830308,1.0102344227372126,6925.173396219377,4030.909509178423,224.5984526845521,3280.640085342468
0.007949385243172413,3.5008442419590304,14752.553208287603,992.7669046630506,97.08626592428367,952.1465409733453
0.009896426392073858,2.0019696898123596,11833.781320942273,461.5992486932315,177.8525026496572,952.5401616471886
0.005888950198279308,3.9967707249752347,14585.117951744745,1497.574747723972,156.81012967307313,753.8091680451795
0.010025543986231759,1.0064943315130068,15818.372115386985,1330.4355119822224,208.39824875483066,2309.1613232583445
0.008135644578260857,4.9847391084078545,17631.435034356353,2726.3689472749543,308.75165996866355,704.6113251421962
0.006133666286146127,1.0083913377175886,3023.490533409556,1553.7509595374759,55.90320988019417,3944.0182749511496
0.008022674798104517,10.89674234753468,9761.66338972685,1003.9242227468208,137.6392904702127,328.4134634196588
0.006263648558289705,0.9212959806078848,10444.580451604643,5294.10009281038,154.9953117684488,6217.945161320588
0.01236964685192442,5.621839085540152,6824.837190041069,704.549568529203,183.67784433163195,745.2733041579922
0.005975359069079626,1.188400441852204,105.65793985000089,147.72601920703943,28.122544985699978,427.40859057426565
0.010735530990273029,3.9941527348127073,15751.76265945258,984.2551228704708,258.4494286847937,620.4798968399693
0.007826359860988678,0.9978776234826399,9686.347787921763,503.90544568138034,240.89243472574614,1345.6205940157997
0.00989292201724236,0.9955434764116512,13659.122137277975,1130.9765342687053,190.59432586051855,2270.8814877252744
0.008051463877762437,1.5857670602228737,7866.873871387688,4942.264406105102,243.35838079905108,2657.422477638804
0.007839085136521299,1.0016879469511497,13561.078662449858,498.41396541122896,236.7783982112366,1161.9042050694495
0.00793010158513078,3.5169348780980094,14405.013702073495,2016.3602886926276,94.24190424809375,1596.4402073027243
0.008194922800057179,3.643466576414574,16053.809014249498,3001.556793715093,334.87041497436456,754.5685392545575
0.0059665845525897175,5.009191799327006,19707.81965166806,5036.796192991778,137.49991683196373,1994.4299905779876
0.008137754617167064,1.9693727448273721,4973.568127566129,3008.606076574614,164.17581057323656,2868.5644511882733
0.005725663323598837,1.991503743574075,9873.68915243144,1513.406074149388,277.24527325402636,970.2020556224679
0.007834443216786786,2.5683873835765376,15140.603276253867,5566.238288069022,319.7565464940606,1761.6352217773808
0.00801585031214327,3.660005529493226,11961.868710581579,6137.109654321873,223.44864333096277,2307.020870630609
0.009979721606469899,1.0050228579859126,13723.645951111957,863.111074059363,120.4028295545296,2603.261545871415
0.004008340944839414,1.4903313434995638,5111.339554340459,1832.5690558980584,72.144477434982,2119.5349897489896
0.00613256339045225,0.9105354921564282,10397.735250349926,7366.876837991057,284.699469012145,3577.5809514856696
0.007389659578917301,3.8022161884965757,10021.611128444887,5729.46544085922,306.49777895143325,1450.380581742181
0.007910388957979105,3.039219729186811,17428.047556213365,1975.1085575026282,280.81930250534737,984.788872687766
0.009979127024876128,1.0067840312092573,10099.541780718313,1658.706931271398,124.05828765895919,3934.605750660452
0.009881884791212594,2.0048235920035307,15915.785923477633,1180.2257409951128,135.97507131144744,1746.22704632196
0.010066113829435466,0.5997839269955084,211.31866370623814,498.92193645345793,35.99595996881047,2637.8848939128516
0.007830005647341905,2.9853560364927243,16970.556746533068,3878.7467530268195,186.51287559744026,2432.836990243598
0.0059880060171804165,0.7917456876346259,12823.316485817684,4060.5871163364486,297.92287417348876,2244.2955543099747
0.012919430409194308,2.247803299454908,2772.6815703175234,288.5430629572501,30.74790185052289,1041.7317729081597
0.003991871848841017,1.5026403885440018,7040.696670451429,1232.8009289410559,57.21945128148568,1687.6104348140002
0.008118882797872373,3.0091255298240895,14016.193493846793,5060.467839016402,326.4768584185397,1390.1717307024235
0.008161436565288905,5.303625034807604,15518.636301709244,2268.761200439007,282.8675581704647,702.9574849473074
0.012572938456951474,2.742188935263421,6832.765031454742,2738.917686198193,195.52044645513723,2355.8184264650067
0.005766213839817907,1.0108015288478722,15571.95550947677,5018.432919067227,236.0035542886198,4224.434852775636
0.007899047094027833,0.7837449265881017,8009.0071620111885,5041.102583789023,261.0322332375671,3200.589525949922
0.008046843442140832,5.968489003933331,1968.0229771124652,762.6364495657073,109.93396071680286,524.8657883455174
0.0069828799510511545,0.5671575957505574,5048.206326291631,2933.8069743327214,223.71305500786414,4392.61075847367
0.009808293381670658,0.9953154756158704,6950.838153153768,397.84544479925654,93.10472569833455,1951.6082892215613
0.01121131229034397,1.7967131665332812,7064.298550315458,2693.4505458199674,242.20262683286546,2378.4976586079943
0.008033932177246106,0.9977001696517543,13698.817054150093,3412.847132212825,318.53783958595625,1794.0154496304888
0.0108895265206203,5.91226625416169,9827.13197003237,973.6496461661366,292.4651383230703,433.1801358665644
0.010049746218449796,1.9885800774513536,7138.751130147599,1491.4920312469662,273.4202287047118,1684.3775151138968
0.014775745467818641,5.933467913665616,11644.564142052028,1435.6455425700633,285.87031769073815,676.9489507436728
0.008128553125617546,5.028056008008408,13873.083656662104,2562.3050191221373,332.35133054795523,514.0704131830065
0.008029757813138295,3.048628349673911,1983.5266818660566,764.5599901157337,111.92721308839069,1010.5635155137988
0.010848869501774841,1.002547855673078,7925.731488351051,2722.604382602304,219.63372056405314,3335.3743280149747
0.008023586663452507,15.139744891488819,9786.735898725714,2012.1531490294592,276.0751688485549,241.29392741519254
0.007946259830820902,1.0158681321681526,6918.922782084441,2025.0658728346161,222.4274148273774,2827.0838017082424
0.008041579935362125,1.9901475047014476,17622.88256396847,2791.0862454507865,118.05476534542258,3094.7028545219728
0.005601129345183122,1.710126853443359,7065.527292075481,1024.4794739861366,252.1537883834226,1265.0581585139278
0.009284061660334764,3.667727033466433,6818.516470955266,2790.8788016815806,224.4208335497806,1519.9844001274078
0.010104780553385996,2.0151752271569396,16143.080309283092,1470.4218010116049,147.89125377499133,1950.5313595763673
0.009999451833787282,3.026774227730697,17657.74379944924,1995.31799558544,260.0984325148872,1282.6360332990828
0.010906105668316773,2.976491633196868,17635.222158372988,1526.734103933615,261.39639017723465,1044.2679413141232
0.008002961954304541,5.934141379975676,15925.593865174107,3050.2072075555197,334.33451580715916,545.5396312719951
0.0054705367766147844,0.8590681177494581,7163.592859102524,4124.128922872235,214.54756123964364,3617.4007224291868
0.010872210111328261,5.883633897630146,9835.449933867809,997.4973080195288,260.47832728184886,512.562359728456
0.012755863384797023,0.9567603008291317,2681.0351298784526,395.083314742282,77.2487234253909,2547.186355917669
0.007779921396077321,2.0585452800111455,2985.041783496336,623.574377803066,106.59433918982626,1226.9553383534992
0.009938366789344188,1.010350596145973,15550.392839170016,838.3104275026299,106.31124035019262,2609.7317937825806
0.007993844755286895,1.9832810596290344,17619.70511736272,1999.269400687466,277.87501818426495,1283.5173047685066
0.007813296675780054,7.02814310771991,17549.717005719827,1011.4331918352594,302.4519991388105,251.95786062169051
0.008084853464298183,6.077085788514178,17557.197741354554,498.59220897213237,274.57671167201755,212.82725534351653
0.010667549276889,2.003391870027423,5840.774994025274,1099.6313592554754,140.1464961430124,2202.4595905331976
0.010831147899272473,2.9810149252752627,15710.588940387372,2816.544609001052,319.7668888824794,1105.7559624955143
0.008261430622233255,1.9813352910275124,9904.739629027974,5009.869014416366,212.85048239931808,3076.7689882935924
0.009833123985618019,1.5313565181217759,6991.755004247979,1282.3297820163555,158.9833399840841,2524.8708712729544
0.008034851596941187,0.7811354916569675,9841.686021987234,2684.86223804436,215.6318559976779,3500.164578468572
0.009697227066682926,1.996662330978228,8078.79386639999,3283.4267846794646,168.31495314965576,2980.5460475634454
0.005781488522914362,3.0567557851915574,11960.563613792612,1462.8926108918872,256.5666765557249,725.1002167697543
0.008006508174345972,0.7769582680717678,7877.636339864906,2225.2054819363643,145.06906053537665,4176.271204164438
0.009306014266143588,3.0407055705139703,6811.395632466439,1957.0696355879566,235.73588883202035,1448.769905396339
0.0037956576238190026,0.7944902874407392,7851.678366053743,5064.177919610234,237.90785462244426,3080.6019589887555
0.010112870186555732,3.0372516835572427,15791.23471863612,1165.3506638550657,243.59071636080796,896.077947810569
0.007880399149066466,5.066052887089986,17770.27522739171,2193.8809080447,266.3928844254467,786.6246731848158
0.005752436733856018,2.0012192870630185,17573.9621962004,4250.0263655250155,303.2457978298376,1765.172844611144
0.009899397408450071,4.945106326783057,11551.573786361818,543.8265518332229,224.11467537465933,433.9014408398122
0.007930081503600304,2.4993901749419334,12826.435631480064,3978.0039398850754,270.4489910643607,1667.291633164546
0.008202769949526935,1.9812486670534686,9742.92970541922,1456.0683037362064,280.1018421009549,1154.2398309588154
0.010806166247410426,6.06408274046713,15718.939710123086,1543.30603025928,199.83551234812987,760.355037012273
0.008108181370060908,6.05065871009732,6912.472019843841,1958.9937694251837,193.61038475359192,843.5613424134451
0.009439995747792248,1.6918344971864772,6943.574497977007,4001.596680874045,236.67264870693026,2555.2146582826012
0.008101728016479062,6.005434253140079,6874.922253086767,983.6044266298494,192.351713296266,566.6591596434715
0.010027630746673353,2.9199102543801194,13942.210590889692,528.3193338808082,241.6909091874454,563.7357083817325
0.01080733223985956,2.9608820829330895,9783.01380420234,506.35548831019645,200.49758959872196,770.8328703231836
0.01104489237684162,5.84985626358988,12522.125992503103,2109.2160839619373,303.644251965484,564.16849993884
0.00999005661626309,1.9797794842385894,16038.404486085848,624.0151529874992,191.66083809482805,946.9209290507386
0.007926921530310885,6.133959053304791,6986.071892236701,3015.6915361873125,186.26373550872174,1114.5653186253144
0.010870012505957592,2.9754938202896453,7852.628279858589,1003.3633518283262,244.27708560817916,1106.242713658505
0.006007006398675947,5.059386731937435,6867.530370111662,3269.820580194292,219.97460276297014,1012.1145542476618
0.00378607323205591,0.8094721771247239,14711.103344359744,4054.742836735303,291.12307790475313,2224.962330456064
0.010865152147551987,3.005461439553777,14802.474635578872,2009.1627859175521,281.6199846647471,1070.4354564939222
0.007938357173306255,1.976800086010872,11816.00059864406,2782.084114261532,241.9785400895248,1740.2832042177856
0.014964460366394046,5.003187224442697,4125.119293665657,1372.6207162830551,206.65867625840238,1256.6626375439107
0.010667515394668944,1.0063354257549697,14750.185956630598,1957.5573866289153,198.94823687277207,3482.096364135635
0.010743051899850264,1.988194502459911,13869.818913554689,980.5393268395561,280.2264918412995,961.1282267722922
0.008156239042819874,2.9609735577383005,15825.128893536583,1253.2490209523683,246.03256678841723,786.8302847579301
0.011180447565047736,5.997215900739761,12917.287884244695,2701.4050493312147,250.94494798584068,931.025367558654
0.009778010096025067,0.9656790583305243,1954.4657214833549,1531.414120525059,128.3285220171493,4096.644161030869
0.011216375498383177,0.9907202861679549,11685.365231732718,961.8443100559787,280.1433712966002,1652.0572314094018
0.008023571547696014,2.9784620876670185,9726.191238229005,976.8991583951146,135.315196447674,1128.0435280926874
0.005913247825403102,1.0110052848029343,11780.293600510317,1504.892938241954,138.1191518789596,2373.5992926188933
0.007775196422693205,2.588446374251385,11756.946348964526,3810.5697956131216,207.152920974014,2027.6739944369876
0.010332305207142569,2.4427126837752766,6838.592440283453,5540.208951194569,265.6792873814044,2294.4136489236325
0.007880445048211811,6.076650337821579,14719.695254367385,1011.2700926753217,250.0806891746886,381.63472739668845
0.008003593917319632,2.966720975372793,5054.225642661947,1000.3832732325995,254.32808766143745,957.4631428016085
0.00797608164140537,1.0035515481303368,13485.23466478812,1981.8505284351527,236.66292663119552,2339.7925839239965
0.006175407567378953,0.777166244844497,7770.177870737236,1608.7309032407206,254.94284292756888,2513.9453228882167
0.012647983648021445,1.9074088583104134,5324.018541022588,1327.4935924061247,183.7217463771944,2458.0441066423355
0.0061533965655703425,0.9083298989896216,10430.882767899247,3841.8849591501275,239.26626923989633,3113.171957551116
0.012698985594446025,4.553965046526123,6933.191792350571,3963.863134779225,212.75523157318867,2032.4383568591643
0.009855426875704863,0.9976040545127225,305.1820271617494,59.54775701109067,50.90099835429936,497.03580991461615
0.005719153516258094,2.9932031183994754,15538.612241393874,3423.239892411185,279.3010965390847,1108.7978129328872
0.007926216795073736,0.253818001519131,13762.243426533587,1503.987786858353,276.48341324028746,3199.4970714353162
0.008135139425151245,3.0039203406684747,13992.486658840628,1998.98752173609,260.75189607445265,1003.8169624239931
0.013431396351424206,3.7062848669089834,18654.933338671664,2028.5768679990447,349.57240278648584,829.6971791911138
0.009787038800420351,1.4789096541414706,8022.150427721389,1051.5876493463563,108.04033366016898,2472.9989877858084
0.009994427214246215,1.003733106424115,6824.527816725193,458.16521185084326,174.816316552681,1992.5524345333456
0.005817401915314825,3.0258813164741967,13660.204464509357,3388.576174426458,137.71578847477195,1786.0057098548027
0.005802228524284882,4.953259785548256,19843.81636406088,5009.522331728234,196.89416509296896,1646.3826689317184
0.007954617184554508,1.0007032021498756,3030.086096891028,6053.837357425122,150.54556065353026,5879.122285944393
0.00936830513508665,3.0787318645200523,10952.323164486988,2050.462251756297,292.5722167162521,906.2097512354742
0.007944030536666286,2.979654451949838,13697.558878895074,976.6922435784986,262.37323428312845,686.5170940267585
0.007853474283848742,6.027474912635961,13767.552842455996,4037.963899425029,262.85760447968397,1028.1995316563878
0.005904927229011196,4.001269293939519,13753.412590940761,4998.346716157477,301.61168465514834,1095.4195107755631
0.006160457097788681,0.7879671036656736,9823.387184648633,7387.668499314368,285.10642475225734,3740.3918772227485
0.012939901484754608,1.9470078096614354,6957.269671912668,1199.8727760173824,76.98120736013585,2680.181059135762
0.007936791930499105,0.994754429623664,17359.708152420688,3966.890069784115,196.01860860842288,5159.804521985359
0.015304174534181156,2.385999354916983,5033.495856802518,2240.9260411114496,231.04315538659046,2197.345721751822
0.007988420885754629,0.780682244666246,9719.295826704278,1621.6738257709812,177.83018104265383,3094.2286536078655
0.010084689358570912,1.1393023697390345,268.3435625819582,322.6507723721264,33.27889706386148,1288.8851477857172
0.008162045513858424,0.9932744788596906,9888.449335369549,1939.2314291114806,259.43111147308383,2191.949457774941
0.0057462520245562245,1.0039287776497678,15519.06114684786,3449.1830009454484,139.05224984957732,4569.607321991709
0.005896977280580394,0.9911238301619764,108.57666471622179,101.46432937323895,25.98726312490657,363.5851075853722
0.007977402580159174,5.010592768692583,9666.526211891847,3198.9429423286106,288.7729569887283,810.9953983209274
0.008202611641094648,0.7740999051977037,7830.76014207769,3890.605166329744,252.78592775063962,3139.248777826996
0.008043891896162714,0.9943789813228255,13780.984800187893,3973.2974562507707,167.0663647673531,5428.793762922195
0.007690051316296349,0.25395992919913973,13693.400322921827,1967.301081814209,278.61459476890184,3694.3428839085213
0.00785571408670909,3.0287274806403444,17527.59208367887,2027.9849653662711,105.23207693265554,1799.778734393791
0.005917424959748158,5.966030919509136,14762.90113809731,5016.303547190303,284.25196982786986,961.7650804267195
0.0100584805673118,1.9961335201096273,13938.418446886843,852.0044917661577,200.2192774869714,1154.7765240438025
0.007890503425349927,0.9879029410127084,7121.038610685969,1832.9639037043924,74.44639309992614,3995.1161696054746
0.007923271606557473,3.00557479585249,6957.391838142691,998.912367162004,246.133385612014,939.0506207559883
0.008034937146295357,1.536196519314711,9819.851558536226,2177.8956207736337,141.4561854124535,2694.1094554835277
0.003918028485318611,2.0410201397731558,1748.780142942024,1108.6416181381985,54.83040781934331,1103.8744096182766
0.009241233736864198,1.873565777685741,13773.46887114432,670.7807206902701,91.84241487023253,1379.563134938214
0.003908401044639228,1.000796004895031,3005.994802895917,1689.5605179866272,65.97394632886957,2948.2278128538255
0.008001683074457236,3.469105722078946,14534.92729692277,998.3577554752275,217.1472913836123,682.1842346695588
0.008162235463395806,2.983838555684486,5040.58461386098,749.5850831702683,163.25739608864092,1049.6008603975688
0.007935426754769501,2.0217859049894966,14001.411523934774,751.3717534100174,327.01813316977706,620.0302825518493
0.010806363564117119,6.096035345115485,13721.025848547244,1515.2166583415324,303.2222765897236,476.2188182744195
0.010844128382636608,2.0176139646090583,17514.626433704037,494.8714487326202,303.0591555526984,603.7619704464754
0.008027434581785732,0.7896908622568671,2950.8305556228256,1727.452800155313,187.34376309840087,3860.9632982527955
0.004000857454401499,1.518217781806329,7113.5107572166235,5298.375675411241,68.1929278016642,3752.191293752967
0.010234534197901773,1.994266345280427,15621.048536894641,2265.341068178548,330.7170356353186,1041.620777391091
0.013217138465480897,3.0040649524798453,1612.4739090798041,804.8912654385946,45.00425635013982,1530.2890925330162
0.008033845276159456,1.420762738893703,3001.797982908261,2000.5949155227045,157.0529388984861,3063.928001968605
0.01276825716421701,1.9663516257428826,10309.393791342629,3707.3070755535,214.92787918526778,3132.313901944591
0.008031318726393942,10.86780585664848,6909.461718127813,2039.7471341732885,237.4951774794325,409.4733492963486
0.011017606502617388,5.864084481625732,9674.656406509459,1564.2037189004282,264.4082483703193,644.5568350923828
0.00949794541421285,1.8201513243713916,8078.625532144404,1373.2795272970436,258.3687361527473,1644.9663300456878
0.0061054034857634925,3.5203042985201645,6879.386324463968,1376.8108240663555,242.3716935792705,773.1301635930186
0.010751065791808963,6.092276805292754,9883.784437629289,2054.4764985073766,241.05247284532965,845.4395442046042
0.005714052512411482,1.993784816421904,13591.295430516391,1504.2560048214054,216.58465987501498,1091.0926309601589
0.005811326842757558,3.9591061935983487,14752.63294064978,3333.171510606534,239.63742276140135,1056.9282225462669
0.007861989901008783,3.0370982491693836,13865.63742921447,1982.4463290361805,233.2645171153018,1087.1216813592291
0.011387372016457313,2.0091049645505317,7343.120386485561,4041.373938221427,281.91499307042363,2130.952214823769
0.00807221272852089,5.373869397456463,14649.213967157508,2045.5484002909982,284.90846050066455,597.0156507666029
0.014863181166684522,5.945792934329429,17742.00163899237,1023.0083750069199,222.26318693172064,684.3569728391202
0.014920044883854672,3.9733079109171574,5027.497252284664,1085.3983537746158,228.30984602758127,1241.6903066303266
0.008190413398628037,3.0120954357561565,1005.6814891761203,500.54302778559236,158.60937568774992,655.4724350054526
0.007958118497951621,0.997383232093916,9817.641028202082,506.21852995008544,218.3386808121883,1489.1624352777344
0.009181747372229246,1.2023752947247628,118.91940105173623,118.80412303734956,56.38589390150113,508.815637419488
0.005135021836890342,2.6232215488826713,9822.2348503474,5249.48658117492,206.1137600502793,1911.3435453027985
0.00832297574432461,5.374342250866141,17836.71981192184,1008.947306240954,218.08695901209208,485.53391868688374
0.008175852782172607,1.247538903130851,110.11906634428749,192.18598671732832,31.313250162523076,637.8660530717194
0.010085229193981034,2.0333355026707554,6815.074769718307,801.4072252310119,225.1543962176624,1494.4427666603997
0.005862989293566806,1.9826365627534925,9851.517648788424,4778.719205430362,278.32640501391074,1683.6068091183115
0.009924974268246478,1.2343015608383319,1924.5560773169777,103.11353057606443,36.883527523770816,589.9003625759563
0.0058807744509754185,4.037945025007978,13625.800089350258,5044.205908087639,198.51054477403392,1674.6473147111176
0.005924085654571741,4.000920417184313,9852.532832091389,3348.531005583204,157.45630938045298,1381.5130101288814
0.010500570921608308,3.778818189495383,14859.462868700346,1442.6902682071416,305.77945751288354,608.1313896221245
0.010107694204237247,1.7564240734718903,544.2638984069529,161.55700371227698,43.60535052169567,607.1999881429347
0.00793426766269547,2.4201568938387865,14647.459560887117,992.1398095351423,275.67500210940284,725.463285687504
0.009885098418036186,2.0156603660404837,7477.926197646498,355.9734980112814,91.0421947762614,1025.8053674457572
0.010013226662336566,2.032880720495804,11967.54529718025,328.71071028953236,109.06227843963362,883.6575159953079
0.007947330548583834,2.9940975960372116,7045.040738588029,1067.16738941083,171.23307164313667,1185.0920531637314
0.008129529798556676,0.9916904009304924,3049.9522765244205,2041.0098881741867,167.0236900991725,3618.023619067358
0.00807493880804463,0.9967056310244657,15800.544377690789,993.6093921880513,257.5538458878323,1473.0842782685136
0.006048934313991627,1.0063347718127815,3055.511224385272,870.2809786411681,53.32294603119488,2671.7098327631843
0.008011644807874604,0.7780805083993818,12775.72172440978,995.7736608539849,109.02673844453317,2809.722336536609
0.010481286089506893,3.7930205612931096,19552.05716550172,2519.0220484609754,293.29684381492893,1197.0209909372932
0.006229002463489115,0.9064174639304212,10510.494260584519,2712.086507538939,149.65496409024314,3802.4089014928127
0.007993666005531497,0.9755384688127332,9996.22021608954,1564.3757980143018,266.9024551409146,1980.5922917784071
0.007684470426831807,0.24797969531895164,11682.048573856506,2955.856505843191,240.1095494874377,5653.28502982199
0.009787950724114404,4.944682472136228,19847.8693458741,3915.566049202786,341.15730517692106,1074.0768297237883
0.005890277169943011,5.9483424029431236,6938.174255182812,3307.321385550527,140.47487915313954,1096.7166307080017
0.00810888331973364,1.0074754097598306,13556.426433910014,4075.7388182326645,143.83273994473578,5926.519940718073
0.012673162426194436,3.6388921137719543,6799.0244570101195,3809.9432521366402,242.51226396848423,1920.838518619821
0.007903676530811731,0.7718159881993097,9778.17915839328,2183.5589293257776,243.10303602587868,2669.398814991704
0.008034109597421497,0.9981426598458766,881.5398572073076,98.48581305032864,92.44197114679595,591.4764400018719
0.006210186089706825,0.917755225027309,10242.969581180754,7633.632688121982,249.3268777573774,4878.027597405505
0.00804382501103364,1.593779738646683,12646.785531389995,3161.491549142717,182.76400888701025,3135.9269045134392
0.013041416286400785,1.4758910992527712,3172.9174525581834,557.4860450325968,41.778748367449346,2485.161639483112
0.010060589642691894,1.002899891360676,9757.017292021877,842.5217164076194,120.26281108809883,2708.6817487562034
0.00587762378857547,3.9975784553140956,5900.41427837828,3314.630759119351,196.22721175467706,1262.115280097223
0.006184069916877682,0.7907655169535032,9794.71526636201,3115.876660519536,228.85988715885244,3032.9049865370116
0.01318039931915249,2.511520023217416,1997.665118831182,890.3169362851609,50.376277504631304,2008.8893105497364
0.005899963838825591,6.072974829353909,15798.029860567973,5034.25710711172,219.87293063843384,1235.3874108075706
0.006155309911855465,0.7743624752318538,14755.910200827308,4004.5066380833423,302.45694002126163,2469.758153546185
0.01045821206539584,3.8094853818908962,20053.62932098091,1972.7396776253302,326.87446192183836,757.7476344966736
0.00806335300505077,1.5737445473651206,4923.906261692404,3941.9061869167945,246.49704458975557,2725.302324550341
0.005983498180402348,0.5011958765670663,902.6367180337047,254.96819999239887,28.0352476049641,1532.7941084055992
0.00807754133138831,2.9664996018981027,6922.535638730184,3964.536203162541,210.16059298509805,2174.6120189563403
0.005797688009834342,1.0135495737801528,13803.542699670974,1504.6820669839053,137.78140091234238,2348.2593345885875
0.005757243572422056,2.0100410473051764,14525.371751706212,4989.527089115088,233.88136173453552,2464.888743493995
0.00946546512645102,1.7257875323581133,7007.033278197929,4187.609396972185,208.01221825340102,3011.035232188632
0.007863186195472363,0.9904609497788314,9766.156818036638,3962.192859536032,237.72114630439052,3228.9786909465206
0.010833279969788143,0.9940197468283181,17493.219696492044,2774.239663853583,280.7079585844427,3016.1580592612195
0.00815394045736113,1.5510844806732658,10059.2205095842,3944.9996871791095,218.45214804434622,2897.9414101500824
0.009927207843619954,2.482006490886092,2133.338439307287,321.4002458921286,53.2452259293961,814.992293343498
0.007992464913740943,6.115068030658812,3028.6488591160078,758.6975882313119,134.99807546163868,539.2544698063356
0.009367751032445614,1.7628605582915267,134.42989397368342,163.17478068976865,46.30517440735777,480.8268772348033
0.00983567943802867,2.2420463662789603,1883.34829017448,802.8977319875437,97.14409177925089,1609.9851370886283
0.008087186237569871,3.0364872506751865,6909.2001451788665,1016.091778875331,275.1403191027791,872.1052815279501
0.009946894015486013,1.9928581868493935,15739.406110909584,216.7318866721873,164.00291661026418,621.543776540578
0.010083794032195961,1.0025150559295632,16233.309725879892,1178.9013588417204,125.0406026366902,3137.586328973334
0.008021712371256547,1.5804798477054294,14540.994928601049,2701.1819121268645,222.62610344543316,2494.495929550337
0.007714046405545848,2.0900616764574163,2750.791666158467,617.2890902141813,113.09990174398419,1208.6468358432057
0.01308733458966063,0.965979143063216,849.8189119772086,346.80361278900375,69.45753008774135,2093.2177634155883
0.005766889416814112,2.9759890117349657,17616.947553890706,3328.4563074243088,136.6968148189234,1945.6300299084098
0.007769830087565698,2.9982022061730853,6765.59101252222,3944.750182116214,209.16806307867643,2107.634441633805
0.0103334418551503,3.8107330020931216,19532.49263845473,3496.9484187677594,286.8610931883079,1621.4573286315854
0.0023848313500773734,0.49552195686079353,3109.877547265622,981.1057716213442,29.317148931470822,2404.231100777984
0.007956154397367762,1.5646878677480336,17951.58127442507,1636.2363599082466,248.0495438048679,1471.7869588134845
0.008304639780132869,5.354416345776278,15491.388680206666,1513.693002781411,261.32443047069006,550.7745681230574
0.014121281981922102,0.9818991564050776,12316.269333502181,2053.6195269489026,289.1521449337941,2184.3564471632358
0.005892570463960077,6.028788442284213,13877.045782800204,4900.486404668988,260.2241281217513,995.7168102172336
0.00803602193948874,0.9921174630096505,13688.000142136534,3995.598440383774,158.33916267470673,5606.6472586928885
0.007939366418885275,0.999981304508507,13686.630553639623,1980.3932337856859,276.91450503216976,1891.727185715652
0.011187605379577486,1.7955777203640504,10318.150135329442,3309.6247385886372,301.7354212231768,1585.0905597820256
0.006018158834913513,0.7988600808426158,7821.013867310063,2220.2091189056296,243.83247310149068,2698.9335254467833
0.012042862753713947,1.0006106239792936,291.9176233335113,131.38156002480216,30.482863774931626,905.8587261544199
0.005818896219939871,5.095761141586901,17609.86433767419,1520.204910762453,236.77141151944977,478.4206311593106
0.007970010781169662,1.5610538998242973,2956.1891602639826,1560.6923059594683,147.86952303620745,2614.5675722053033
0.008196009166718877,5.3542754455615835,15503.859042203752,1003.6673204122175,260.02435206573534,421.29119893354294
0.008090770337513695,3.007535845663409,9849.746686756172,2011.5612240981343,289.8567653639469,889.8408361591014
0.014845503653656217,3.998741415078588,4944.399120263646,2190.3622939952847,214.4022721436397,1787.3939012301198
0.008252583252961652,3.7571644601989242,14218.933565568212,2961.93202970068,327.4102782552879,726.5463877523615
0.008193775331146952,4.949857142002924,9863.487624479505,994.0197627241431,156.06342256144552,661.163034827568
0.0060010655927303725,2.3783206089020776,6969.089727834095,2210.0905910933675,245.82221138107911,1307.6766187746487
0.007891903705847131,0.9791296638321333,9709.236838535928,3907.723291767743,277.1475699054663,2404.777932548568
0.005784190483286448,6.031927531158339,11898.085464994125,4986.618604478652,159.61216940840868,1404.1773298686126
0.00817107868891011,1.011409262102206,6956.499220981532,1505.731136036439,273.23837241319137,2268.5187756475025
0.009997074288971114,0.6103337698405827,2054.7849678973566,720.6946753902,84.67564190992567,4394.617569416068
0.007997572667942121,6.027441404798145,9992.967020852211,2494.9688185107193,298.00183789081973,517.8724189744987
0.010165641306351163,2.014443766118362,13935.513356392878,6219.736287342761,322.51982761319414,2413.34488057752
0.007965203185524536,3.0746829059035177,9834.013467929519,4057.287214608381,241.19851678956505,1712.2345820608011
0.015089426376362139,4.793597778469756,7088.978495792425,400.61393886334395,272.1837604425922,579.0848272446528
0.005845258305082611,4.0047504394728115,14879.935387053014,4942.0033322559475,137.25123778983846,2098.48868220328
0.008058570851016335,14.709961855549468,13780.679696667888,1528.5711559139675,158.5013968917901,275.6778029481977
0.008070604961294596,1.0114089337114478,6788.832113396696,3916.77579623491,220.0354222030456,3363.7464072145217
0.009982426807301579,2.9736370997597903,9810.32598357571,1780.2329904550977,284.53111588989753,986.1075377243471
0.009300125762704975,0.6126601858807876,118.76707903709337,118.48721485704787,72.62611249768293,828.1097436852593
0.007920745637084973,0.5924365087865178,6906.9521024834785,1943.6394277617453,175.8926123105739,4221.546960666706
0.00794589436918038,2.971457211665249,2000.8845274199878,500.21748179325556,112.6582275383603,760.0677203501893
0.008026721838330185,0.23975830942807547,993.4380837672879,6891.724954691016,87.83021265384023,9873.809307189498
0.014359874602513933,6.072392301107202,15792.87919990726,1655.7050247808413,259.87725615742846,790.9024035874868
0.007925155887836093,0.7775059781211305,7853.953756543461,1609.6764386289778,68.95695750532583,4507.1650620348055
0.008031667762088166,5.0144565103281495,9935.61721934342,502.5768700950184,288.5572364725493,320.1245729868617
0.010565272437777438,3.7791506881722623,14756.127337093669,978.4750003015289,284.1999117929727,564.1229576770429
0.008163205095046866,3.020476930640275,13875.945256744251,4977.4789414242005,234.67222894202675,2338.5073827293504
0.007909968704960288,1.9648940566663304,17699.20598130692,5052.9010503897825,312.83002084204554,2366.280549884854
0.008041404162289196,0.4955725650671055,11697.256484689256,989.1371469472582,279.2136732174006,2075.5605218338646
0.008077169850338416,5.9369121421726065,9790.556958998393,1007.9664379589562,103.12124656771718,647.006198319218
0.008136828138220446,3.70757826475284,6967.188865601695,5081.455507032352,277.8614739893964,1602.6060994708257
0.009869265103937899,0.6020445221080929,3054.4047384333835,492.9254343031203,66.24166428454038,3896.7015377966895
0.009530159437899666,1.373122870031945,6781.096844049916,4044.923874455217,244.79247275237958,2642.526358247507
0.01073506994736244,1.0022509041088459,9930.225835544927,1504.0822561747843,100.7781252014149,4094.1668535519407
0.011251638507050582,3.65037726489205,10233.073023684165,6627.595859502995,259.42046333585256,2450.455802101013
0.011686718161041037,2.0395043748376684,7123.753421415385,1014.4411558832641,207.2891126428562,1779.9698064231397
0.008003677920771904,1.0061937942983101,11596.631940390045,3326.935002499293,264.7975213034735,2825.1481345945695
0.008252775724596779,2.9706397183909656,11714.925311184768,2017.027550003151,226.2899091876489,1186.0578688221306
0.010082767714619717,1.9805177208264604,16091.661803322122,5035.548498214829,336.46531537976347,2084.8668794657056
0.008033269409506097,1.5400980163885842,9693.478121346945,3987.262688772585,269.31487716407906,2046.169692236356
0.009938957414693441,3.029763372648042,16265.653488722694,640.9576070693088,239.8949815843754,598.4474886769937
0.013468690221973884,3.6508973648850818,6944.018953324221,2051.6879732279344,265.324658489585,1401.7313151195958
0.009985677969541595,2.970246302107637,4978.182359504343,822.4874690121294,241.83865975656187,1070.3434589304688
0.009980219543337155,1.0039268146254374,13612.033637922696,362.89493231809143,108.02240144862499,1595.413501212089
0.00819680387797253,6.099666784482832,17459.04642040667,2002.9811499055245,168.56046723797937,881.3035357529318
0.010754764988901546,0.8582990182394697,6807.668361827631,1022.3020753448874,206.78701414257347,2977.9210106557007
0.010626970922351731,4.010844083729733,14983.476498545126,1998.1860225560038,298.265344346349,771.065853207802
0.008095313406096004,0.998882831750186,683.6349624102451,204.1166026181221,86.12291930463327,846.0730078704385
0.014951687902259373,2.344097965372496,4972.347866355102,2191.2965853684145,197.63540908220716,2539.3106415382604
0.010029118098307435,1.99205744461418,14211.414451536326,350.54328373693255,196.03638352171023,730.5196866853341
0.008011494071587395,0.9980488601341302,9865.327789073219,2005.9853612671536,231.23917695306196,2494.7450520834855
0.0076520280308108495,2.0969459679892277,3674.3465266144535,334.21844651570626,94.12261787508415,787.616272164199
0.009845900633358957,2.117843296773414,1053.1111164152933,685.3476033642678,137.95999493543712,1289.8678104130352
0.010081370100684712,2.0242447694302523,9837.32050276218,495.88738745554673,173.11508960277564,1157.6242070258327
0.011474942374686204,1.98268681674458,7136.652331872026,2004.7958508081167,210.2108599778109,2366.165137689956
0.010844460609290056,5.980184256791205,9843.34509987018,1531.08930630182,280.6564379241636,548.2361705903834
0.007987531263169074,0.9989129554570338,17815.650995992124,1981.7923384014382,260.73633405708483,2225.809412222841
0.003926217669936244,3.1249799623382133,1430.8777146023092,991.3991241648715,59.865429433904445,752.7985158774433
0.010885177730671368,6.063150996614116,9799.822229312207,1534.8070497777462,197.80579589928317,807.951650090524
0.008028188972044353,0.9705775431785421,12941.155910937672,3964.531467302396,262.5573863791617,3350.2713909880677
0.010126783258572249,3.0107928666174097,4960.194826919071,2146.04815617048,241.1475067937464,1604.8571687611109
0.007695497650057156,2.5919904076656564,14969.411853893824,4684.83519379326,304.9199492875826,1636.5822194578336
0.006134243570353817,0.7902045866604431,7901.9311221987755,5086.678603538068,261.566464564162,3049.0189113186466
0.008077658771014622,2.992660909406965,17834.22675429102,1005.6014479186985,177.2161076486975,863.0120585709822
0.008135159060457753,1.5453746434254017,12944.852863155686,2661.4959664378293,165.32634800315196,2882.696840645429
0.005515911911810934,2.542288214147459,9664.615583843897,4438.676091681183,279.4367648127708,1365.5837586441014
0.009570527863195798,1.8471285608596317,5562.610625750902,659.7416922292198,88.6975133331821,1735.4872558319514
0.012832748028562869,0.9647804599729496,1262.8556399820418,222.37629409940786,50.28683327009403,1485.6876268512663
0.008013250666069494,3.027319451612308,6791.046950555905,1000.0683715344819,186.14147311947147,1103.7487806968868
0.007962542714103403,6.038094599737501,13539.677243586553,1973.965529175781,171.80803978860402,799.5588887933376
0.007867333443347524,2.4486101465973413,14668.432495449546,2191.5615383904296,205.23427095662248,1568.5667067377374
0.00988769090808901,1.9997898608620386,19736.613831424645,455.8294946242396,98.6029104983072,886.1059016163497
0.00801734609202396,1.5620148158230602,7779.24263447847,1577.5312697987704,145.0441672058019,2327.99841254589
0.007921435526110914,1.669226127004979,17854.021166514984,3044.606091972713,345.09622461320635,1315.0834922123279
0.0061041068136878296,0.785420159241675,14787.589157026927,4023.6463404633005,259.52237366722557,3461.0942533017014
0.00980550178277703,4.92035866124052,19508.575994056107,1531.756343661314,344.05900737084437,456.4808659891518
0.008072860463901372,2.961487435210395,9883.626999097001,996.1387315043148,250.22843131406287,809.4425403680123
0.006150715425903526,0.7795466124932776,9849.30449655645,3238.316246111984,302.0053823912784,2024.2343366322566
0.009972236560137175,3.0200910131386283,19573.232352197832,1662.3641752460592,258.85272227010387,1082.2111241790824
0.005755438379976849,3.03133628350571,9777.568592637876,3290.3886229722243,262.2170647982627,1161.579159820134
0.005937448061696316,5.948429026814371,15604.585762357732,3390.9454921289116,203.0528252763136,918.1746310802968
0.014090318552833388,1.50981254657651,10978.189391755768,1024.4095278596553,249.65946016739227,1746.7986438180642
0.0055498146847483805,1.7306922065112944,6881.498657535506,1014.8016241229682,213.19485446802827,1345.4188066616273
0.010875949032173314,1.0026045398722858,17682.29943642921,1510.4253538044104,157.16181673509698,3279.3191540781313
0.007985812131934306,1.0042580973711048,6854.721429834039,4018.053964134904,271.3212723730352,2693.730559452902
0.007722367915445897,5.867844183904303,9871.95495070002,1999.9545689486963,71.04801162993309,1043.365532654341
0.007846231080988541,1.5829524355598872,14809.000699021435,2696.9780848023574,313.89716914882496,1344.114024622457
0.008238737175301278,2.01850730897805,7003.5721112016445,1250.208275101954,187.6128666291714,1781.4763406462812
0.007943256438002633,1.559048957798901,14940.225627051714,1022.8087507457188,271.13158173084867,1033.3869933433693
0.015147313160945645,5.9375809107409605,14493.133144805688,1868.8387546158785,324.3463338009846,647.1386150956085
0.005688560719010685,3.000645159916683,9784.529923036946,3353.355523829766,57.25036145526188,2193.19160840945
0.009898981765042152,1.0056427640529086,15735.819387995212,511.3627611992877,103.73423788853015,1822.1632393250852
0.007951496591293293,0.7775083979212554,9851.578775968192,1005.6325336614781,174.52014778768074,2501.1096335047578
0.005766681924830964,4.071396434483023,15931.293498359884,1523.9907214178072,178.21507676590699,715.486944324573
0.00946579417431167,3.0671985870886176,10847.553552781299,2009.4240794456891,201.7944449094777,1447.2751557245372
0.0100707319766927,3.054302460289335,11921.27213271489,892.2521352413271,223.21746696692765,868.925388548778
0.01029717161127583,3.780637235581071,11769.692934128001,1016.5879436803214,235.83192090396807,766.0572635442642
0.005796054484275937,2.004290071439784,17718.95678022968,3435.616849237767,340.92050421332726,1161.8221608909062
0.008110497689002091,5.108000261187767,18001.01333918523,2998.292871660662,347.14945518649427,651.3037345875169
0.006044314396903001,0.7933769463384706,7840.477018582565,2216.707763660016,264.1181285204363,2504.87996035489
0.007692258073723708,2.080023335970897,1249.5181457051956,638.8088241505114,122.45398605286144,1075.483037124152
0.008043879615203862,5.012065406498596,17823.959284380984,1614.6667620335136,159.4509358515284,889.3409933506956
0.005920026804044286,4.9191739305076085,6887.267873052555,1506.0041148340433,239.15399336328392,591.8764464524043
0.005457024506419423,0.41826246768490416,7045.766590806593,1915.0030349521612,247.16219298711238,3782.775484048589
0.007937715378995786,3.4517183868553483,2972.9750340856735,2025.3290437454457,222.91465239073287,1100.6048729390786
0.0079857840842481,1.5964070024167942,14830.588867910266,1000.6981206286507,301.215518518606,865.0973611526306
0.010739448194275102,6.017556348128975,19870.22850391945,498.28640265202716,300.7761729735326,242.68132210792763
0.005669183774339126,0.9921269392960892,13845.124481806095,1512.1925832712207,97.95839476641783,2612.5383071963447
0.005875442013910967,5.979676614182262,7779.0660665294545,3379.0246139800306,236.16516759144008,772.6151404741456
0.00788302206709103,2.981209122704865,6904.4488930294665,1992.9030836796082,255.86168564764208,1148.3106869585008
0.010759836658813289,3.03586860309906,6825.470967930098,1505.774822400493,259.5502373053542,1288.4718109163448
0.007951810716607841,5.0785410015501355,14756.573956660093,1600.978261870571,192.75332680530533,765.312897286246
0.010327710103814492,3.7980098249702987,9769.690385085643,670.8186374610723,189.00326187921667,751.4813825220359
0.010835487527302344,3.007103998333314,7691.518384188339,1973.6894618078622,239.92378123152147,1523.8026879670615
0.010087723530636016,4.954786015471394,13681.18125560332,602.7318811188615,237.3278549931892,422.0896794346819
0.007818934634022627,0.24933183889215826,6784.355587548593,1483.6620334834872,140.0787854605091,6620.444893014053
0.00796751029848401,0.7855354588633287,2957.2473510764253,981.4750027474757,210.63453801471968,3030.838685631469
0.010735795363200625,2.9175969657746506,5945.744069691946,1521.2968770199393,202.25932738035465,1652.2864148353892
0.014157250417692339,1.5476085645007671,12492.128978225675,2045.8940639158138,290.9097379535394,1747.9456576541327
0.007969533559360273,0.9978975474147985,13502.365058406744,1978.479450313816,201.22286711115865,2772.4554152575047
0.008047497724839148,1.0094669304990809,6886.124659131364,990.8455126233453,128.1333037528769,2784.0760501108293
0.013362617837236001,3.687016537765543,6935.368244754861,2070.6973294937143,267.34289573545095,1425.861250113328
0.010290279690352868,3.796888401195412,11577.632348319545,1014.3422345577724,202.10676054802283,836.7951704612541
0.007502704108729039,3.777295642886707,9777.476766326437,1474.940394897938,248.15007680715723,745.4158444828957
0.005843243385135586,2.0271475879481735,5908.590536190609,4977.827187930571,235.55770151417946,2325.1855443551794
0.005885740278802883,2.0049608075971217,6781.980163839804,3405.6344040657564,177.48613763842906,2289.7416395254863
0.005855646831616679,1.9848992268457237,9835.628106294513,3714.0801460760326,278.9424867496073,1441.5521737357142
0.008073222755788038,5.08882791003705,2004.6338562915546,2499.3272731222783,113.39666276305326,1299.4372883824499
0.005727182160850867,3.9536119867938155,11676.800056151838,3232.171662452987,304.38743263216014,719.8776780107728
0.007992304400181584,1.6391231124859889,15928.839812737584,2987.2020224553216,325.165046100905,1332.2501623133314
0.006026892345688589,0.5024558125993424,113.69750485990913,150.4056165974393,21.402654145146403,820.2538978307689
0.007707885931575889,1.6536064559813024,11948.775466498257,2892.345778057865,271.6625837138902,1650.0155654667797
0.01340963329282693,3.685429556128374,1062.6002361472326,2020.1150540684798,129.92054618299753,1957.6210779713872
0.015056608927645149,2.349400540998423,6522.968253723927,3725.855291515811,266.46657510105314,2083.6220194413254
0.007858166082290891,2.0027140127509058,13795.632470507253,2033.2077288674225,218.63004304909447,1599.8811972287513
0.009981612141676166,1.9812443224086345,13726.3654237619,2242.6009714220577,122.02567597254472,2979.131259224859
0.010188774735772331,1.9829621173333303,7991.988022530626,347.27458997501145,167.4502552469009,930.8385635656977
0.0078106126934125485,1.6052947967212692,7935.665880412319,2693.981701961899,166.9417186833925,2717.681837612204
0.009892090039641503,0.9987906896262161,3973.2804303031658,481.3058533366474,45.73384592726647,2560.1525273879975
0.005873661503057934,2.998088954758114,7806.0605440397185,4953.19727085669,138.7201083717721,2345.3376971924004
0.013337466657259387,3.0133151598122256,2828.7367338126296,392.14115513026644,44.685152193804555,1023.5005655365541
0.009852983863318038,2.0124560664061617,7989.875714090842,688.8957153582837,103.2721243600766,1675.344062501991
0.01103295228532695,5.9688527411394,14876.18091381081,2178.713304881116,289.8885717716129,662.2674334972693
0.009987672285762066,2.9487862981978954,18232.068083479655,3451.697221330677,330.7442392865385,1279.5798350602572
0.003862088391318738,1.00903172251752,3076.5907452918236,1360.8541748098003,69.65917197055663,2454.403063340801
0.01323512738517768,1.4998591707459352,2253.138890040999,789.9378828660361,42.292230481942134,2939.8363683430202
0.00808302142793058,0.5057371733042919,408.54687692177635,143.40940920698148,59.07334421553155,1044.732261582189
0.008157391299852546,3.049637891933816,17751.374598766386,4016.289042262988,304.28188245491936,1628.3218094324136
0.005899842076536748,2.023016204261203,17671.82620106373,3485.039687415129,220.81598138979146,2135.0824241615937
0.006069556219949927,0.782320887359565,14531.132488453337,2706.014688526034,242.27373100298558,2848.351304422323
0.008075738783208128,1.571299869214206,2917.902902635919,2633.3349060769297,215.06147426908092,2667.391671044103
0.005834529929473894,2.9840057541298353,7005.092666164563,1505.055029227065,160.39510303253837,1134.344741220599
0.012983796089033274,1.4697270068359116,3521.9933763922704,567.8512232155354,41.38624253790214,2492.826534712251
0.008014643127973165,0.9844203918881593,13657.075255654028,1000.3243183002252,266.0835514791055,1428.998918261071
0.010026604586773409,4.983875541464374,17793.217693018967,2642.400573374209,337.34424001426146,687.6266064632482
0.011084559621958123,6.064768743000007,17651.417696039967,1004.8551708269282,250.2629881779212,489.2145365186378
0.010084112039502168,2.0275820005235587,14171.22894473661,4196.672377296999,327.45497967494214,1638.371794986706
0.007681554408705755,3.1769380541029353,1083.703933394926,268.4988894919364,133.13382678642145,425.61432709618924
0.008133832407437947,5.258319414452272,19827.211658613753,997.1058716761531,317.76963988770376,339.4429265087807
0.013957899778497198,1.2829153575575365,8671.539057757846,2712.6501059602942,273.08406261295926,2222.0163932339433
0.009454878919973037,1.8031106835822637,15170.34333438508,2656.9284889315027,292.13837619183437,1641.950948874193
0.012961700488496037,1.9912304208452705,2447.8408284096195,912.4760449302569,49.41741223447268,2545.2036934487096
0.006098032450783681,0.7858846059184491,14673.082801142069,4014.8499891779297,329.77594569773515,1901.498170415847
0.008159977929580373,2.443580939768649,9947.638989836592,1623.0568760038636,128.59461643907864,1695.8901977043322
0.010855986349493642,3.0052414136411736,17495.108296288858,501.5364342161297,218.15426888742874,579.092917958532
0.010018296619662699,4.998219833885076,6966.76988451536,1753.0764097795075,264.8157269441967,825.8307398828941
0.013223560088712802,2.0204231323319526,2067.4800267938367,955.7053962655265,50.270523606124094,2563.1322786262067
0.008095137537336022,5.297840432422766,11791.496697500059,2332.6657417369984,222.54077059610412,863.6863888949049
0.011392820224377258,1.8221467138677985,6873.8295394084,689.4449403216101,225.87611562527033,1568.3659348887043
0.012683608874696795,3.7192533835882,6958.781708758312,3843.103766927264,227.54300428739356,2090.4284606983488
0.015242058919116123,2.4713048449457498,5046.778896245208,2132.358201708821,264.2974320260805,1502.7155205756262
0.010438878160962452,4.084548955617007,15651.766101538284,1485.4285782330455,176.72435518379095,1095.5819843487893
0.008055872886196167,2.960729140649751,14165.065697388873,506.480460685788,324.70838508783595,385.1624817542746
0.008107575647223883,3.9731697109790143,1991.500350746399,1258.7401562931343,112.15438185100206,1015.923203368257
0.007927989941205504,1.6008025836134356,14668.359157722494,3200.511925632733,205.72813171213087,2864.945386073726
0.007926444827722577,0.998426687454076,11861.231003926734,1481.09988996443,300.167320743834,1521.3382460400671
0.008215268490190218,1.0049072432614077,14923.736701897673,573.5057309607765,238.14990735446187,1198.8120823129645
0.010195481539140624,2.4165119960716113,6880.462599644454,2752.401875873464,278.20719841897915,1781.1011811039953
0.005997546165503701,0.8061006936956312,403.84896002018,148.2076553361223,28.724418038108965,567.4619754454393
0.007815305724605755,3.0222342001476674,9727.410283345898,1018.4157196663925,231.6978353705638,874.4606909753484
0.010853196860205671,1.9851059983779706,5874.942255031267,1988.2588004193522,224.1874340486047,2372.5919898143425
0.008112579182146293,5.314782257601841,13732.639230384706,1985.059978388382,291.9497999055557,534.3414948956081
0.010065269645411793,3.0432210854352517,12124.894192629932,381.8176396176673,222.6336068526452,551.4437313605556
0.010682549442550829,5.020403253026763,14848.835515531375,1987.0398414804142,259.7490026538625,832.7308515675963
0.009936864692010234,4.990214162180478,15655.011218949425,2791.065459032231,242.0602506912876,1154.0640971331816
0.009882800983018782,0.9932315792315345,13682.875425395352,1763.9128666659312,147.61916228220358,3658.848190775249
0.014523176759950724,6.003397401316697,15594.279326262866,1498.1824777472757,258.2601512989592,748.0118045408999
0.007991543778739668,0.9695074063359398,13822.007591050567,2024.0050132394567,235.03774649902658,2452.6862536645995
0.009889323410861931,3.000148388858274,9973.822762731517,1378.1369343054,209.54721008912125,1249.467727939244
0.008024708066577745,0.9995544561448835,6835.233912680905,516.5876121994681,121.05582359554236,2010.6495985820068
0.0149161806477635,5.850210800474197,17508.659278666837,780.0583335903425,262.93437674384705,515.2952799913152
0.007908708885843675,5.943487684382911,14871.392392122782,1511.5408917758718,275.8267915067554,429.5562536893355
0.010772440728452732,5.922639978999696,9706.936322396066,3091.5539546374052,296.18350303931237,882.4291230952105
0.010001689744559998,2.529958840693428,2985.6514250879814,1254.5187344783683,136.9304003192523,1872.9935025577277
0.007947835348627325,5.030972159998076,14866.712922150791,2679.607456492155,314.2285474981955,603.3158814144452
0.005849373461856954,1.0084765363162824,5898.517138209998,3397.3529707152416,241.92223063821208,2940.1082578543906
0.009987081704774968,3.0249503004751026,15752.177995108736,450.777984885234,244.209415931667,498.35634515986175
0.009936267114049333,2.982335529682954,17958.719761684526,547.2876782909364,335.11419503632413,364.74502664259796
0.007824231344477033,0.9939311517233586,17576.423910969304,3975.0218293934936,304.6160020655773,2932.4037787239326
0.008213561201673266,2.9848998844384846,17477.45096470337,1502.2512664843082,324.56098335870263,611.7541513980608
0.008125295770343604,1.5589972456453982,12871.195749949029,2663.2305071409105,269.5639348602176,1703.79517991382
0.015000098988185415,6.042392822731341,14826.826155910338,1871.9339490602138,282.98538678591757,809.7088878300191
0.008032768349206779,5.011316788507257,12678.485973755945,1624.3102109788858,271.6169832606248,548.3570510263464
0.007765993135297744,3.0033065237043792,9575.267270607943,968.0566240010043,236.3669123777469,838.0252840625712
0.00987586583560027,1.020057983213927,961.1197078448636,317.20688962923157,57.94419675680004,1634.0352351540926
0.010046778696876365,4.85913057907305,19751.35432500181,3467.589443713794,264.1071151596854,1451.4098280579317
0.008045903531467532,5.49848485925535,17812.169938180483,1026.3968305020887,283.5592942704249,371.94681874539253
0.00584087470580692,3.9910685106506714,14727.623163562306,1473.5895951761484,299.093611308173,435.2153512943265
0.015109611185812447,2.406048507501029,4940.933009279969,2201.4595342132357,264.88628766085037,1522.1110733567605
0.008107997897524885,0.7995470197279446,2922.222803295084,3987.2616858989068,149.0757615322781,5442.364720148127
0.009872862310658074,0.9651567096055067,1047.2120637163337,301.7380286276735,47.67032227118469,1633.9123529888216
0.006031947153592577,0.7919010897571405,9747.969603842354,4028.9362020843,225.11934940234923,3659.6712166007082
0.007887634832654198,0.9772357722645609,17952.201905463586,498.0840030756536,271.29114359195273,917.8045087643145
0.013304803903681914,2.0043277886549555,2783.320695752365,619.2840626353785,44.671527362051144,2081.4947856379013
0.008084490386883155,1.5680222689753758,9780.979537873784,5053.258284102902,252.4338132670899,2757.180788258229
0.0060299690769112626,1.0158281183794307,4006.606338517944,1019.9738999452155,57.026159344729066,3156.186831841892
0.009312058068958705,3.059180615287242,7068.028748973928,961.6909006204786,263.32859362431157,971.1447371809476
0.00595676665300597,0.7937743057223043,14884.648493417955,2683.6118364563827,278.8330422242869,2279.5618378783165
0.010012961461081837,5.02607348419428,12148.237175662225,1078.7349878887358,307.75659812590584,418.8945246306443
0.010329803049784581,3.832291320356768,11904.426442300393,1216.1734559702286,140.89921252355245,1096.5699310711475
0.005742587007657151,1.9952694719843465,6723.636903535089,4974.3847634850035,79.40560383629169,3636.0703159330965
0.010712179716560516,5.9884239184198265,13560.100607302438,1021.5647688584562,278.43459609925196,416.97139050310693
0.007955978785610135,10.935530726999058,9755.124315587651,2731.4907978261995,259.6822445401911,442.9835647919063
0.008005878535834177,2.951358744364749,17713.59358699101,504.87048611707604,332.6573716493161,332.08482655109077
0.012818267248261378,1.9283684109826489,10410.076696044256,2737.9556061726103,260.0468285389931,2007.6214547303837
0.009884996857203612,1.9911049702312094,13845.568064517045,1305.2153297937089,109.70071827128453,2015.471487466057
0.008349763523598655,5.445211945729864,13563.29989085918,1041.5776295604903,179.14548210115612,554.4498347758716
0.005623950082719016,0.43150004091116284,6966.322143209029,1925.307200364599,247.6406742366757,3864.4685043676736
0.007977840253693887,1.5914763857028202,12615.191060552534,4065.9463735136364,251.68518937009347,2690.338789946843
0.005825519560815906,4.054809947613605,6746.953425607661,1491.726288746025,138.51312303079825,923.6217309782284
0.008033152643016097,3.024371194881891,17565.70206230152,495.8731027605043,289.33525862917566,388.3257512260974
0.00998108157301219,3.0181241024736076,18083.44708107165,506.10310680682755,257.007460335661,498.5092956019635
0.003958659222308352,1.044836453094474,1492.0819354062228,821.483664818875,47.50381093869269,1571.6166495383156
0.00799388662542364,1.9581166952017302,4858.329666837167,2182.402452184516,242.13256961711357,1978.5425542948187
0.008048716549200844,2.419189753245786,14541.924491676975,2618.7186859703756,255.60503463854494,1492.927405093395
0.007910772283435823,0.9987911123314024,9901.01821158691,3920.4658773964234,255.9409866896544,2875.271403271133
0.008048424494293648,2.956345386675066,6784.648262702707,995.8370198528409,239.1463767139717,977.5734992314731
0.00812571577547691,5.452273592558264,13770.58709009095,1511.569399842186,268.3190936083745,509.58654007903704
0.008123648161863098,3.6459869786302006,4974.931632081314,2007.976410629341,162.4701721956458,1511.7271037174182
0.003920470744945006,1.0460470169819827,2098.5414868354824,952.4398590621779,58.32025722244454,1778.8740332008954
0.007892716002222739,3.028199893159633,13635.730501793585,1987.7394614527575,97.49416120574749,1784.8042889867586
0.009919873726115178,1.0070996934501697,3027.622936416192,221.36339634082793,49.94773618534236,1302.358022976929
0.008078768896704567,1.9797750128298077,15578.127158926858,4973.647282919761,250.80429015179877,3185.1479172835807
0.007307744000290489,3.7514850352877964,9850.033629735186,3534.700640992307,247.49002115068134,1279.445693169306
0.010006792080655356,0.9889209726862224,2772.342674174417,161.20273662377133,31.182532119583147,1047.6671368711893
0.005847831825035634,4.038764654096023,13470.431859537062,3305.29606962489,177.02187220774275,1307.6765879252314
0.00801354750548723,14.922889967444862,13604.250973798047,2798.0782800350494,280.97372616692786,292.0412261074261
0.008037714590180609,2.0155961804475373,17579.19953896316,1015.2304355505225,297.30071107228224,708.8541511538574
0.010024492896896414,5.053332100726024,13631.220094450342,505.7928607455749,234.5575801727254,388.0918548913714
0.007945990148963368,0.9759023325999401,10024.113786435206,1014.0510464475174,72.99419404261046,2775.729190980733
0.011011565534446852,5.958949673882943,12956.721341054412,1607.3186525090284,260.5228195559099,595.129604027809
0.00775765480029382,2.0997194527443943,1947.1842545782536,513.1348681919341,102.74271432550523,1065.3693606862428
0.010424868413865161,3.763979276934908,19915.858564077884,2248.300104870172,188.6409023068567,1571.505064529486
0.00803589743379538,2.9726956888651705,9674.26693238761,496.2411639779274,266.4376532729268,549.9195159503588
0.00978668317482968,0.5940499995037614,1547.914155194156,414.833509789455,55.999192476330684,3335.5897385107764
0.012607891782678984,1.795899885469491,6999.160583811961,2040.5675993525606,190.42991395320252,2605.2924344907597
0.007957175545773592,3.707957509814699,2987.2304700465024,2985.889557537472,223.25826987744776,1313.0161460393458
0.010802522103297199,4.897781547208799,7724.643871778896,1016.6231223411825,241.35871488351705,737.6466134021017
0.010051810248797142,4.987051166723103,15909.923565387246,2890.3769198786863,324.5271084342158,748.5339192312562
0.012542392728450013,3.6366340109813384,6888.583258062417,657.4604674440328,251.99798356568013,915.1270795570885
0.007917367428363955,2.987533401399395,6888.100752021769,1972.601522414784,122.48919708489302,1859.7710650823444
0.01001346249897186,3.0222979521283526,15439.156214431803,873.3524824523203,324.4072925140584,492.760777285573
0.010356005669708464,3.788403178543607,9881.551191837727,3394.127770368017,281.103662379293,1239.5940080522666
0.010892042469193283,4.008669562403033,15703.528950135404,994.737786350497,244.5121245326387,675.9342094857981
0.013329218143181183,1.495428985595053,2757.466517979104,299.5685577652709,30.297189886797355,1561.2194530438553
0.007955262240349098,1.5418340910671857,9841.594353008744,2241.481744854931,285.45193812531625,1555.9368491730227
0.008169971746909742,5.300875166487228,9972.703685085595,1008.4289840278022,280.08459930747125,425.2237320431328
0.01528774094185614,3.1964794408885107,6584.296067561655,1102.2965181162795,255.08977035309678,1286.7108110250756
0.009195549239853528,0.6074393988688255,128.35311119911512,162.99948113522842,67.74666238313702,1023.6831253245226
0.010007493364020341,4.914174785225793,10053.356676674608,699.0047502710136,205.55755548193875,584.9320406600934
0.008000295841213612,3.61893342936187,14010.361026005508,3978.3294094281814,323.861084492833,983.1710904383016
0.01015046086863552,1.2509719112646271,2793.2894924412144,996.2215531239493,118.07887234933824,2990.4379718343152
0.009394015765022004,1.8477891317247828,14057.22263285989,2705.2053028749137,260.05154445853907,1913.590635196285
0.0126155912058228,4.542274375369613,7009.106170405026,5539.895464628518,205.83581658609677,2334.1369378231034
0.009232390582814465,1.851902445602608,120.13301468967032,118.80234008630815,88.4014808811693,396.2753449699322
0.010140871882005237,0.6055306534248823,216.1578331079736,136.65903604942892,42.72752566976459,1134.322162968334
0.010841002264235788,3.99825267380696,15564.96113891088,994.6994050462436,116.86775646236524,989.12334345514
0.005560172628173665,0.43147917739949093,7020.704645134399,995.9179275720963,250.3457719845581,3508.654673417858
0.010042322311163181,1.9868359586556426,11846.792537461597,3616.699806260541,317.2314913114297,1408.759795490803
0.005821076159161837,4.001224935902722,14563.113156479034,3358.3526591419973,268.1637340449384,961.5496645577545
0.007678265633598933,1.0076091508254434,6876.109759762574,4024.113106671617,191.55357128099217,3952.178071607495
0.007803886227509548,3.1079418906286698,1582.6435341344506,977.7108383735974,123.60523773158168,994.7429927036623
0.01082775111393851,3.01371060436311,7825.333317367683,980.347305686558,217.61357053203528,1194.581171800678
0.010068653192020592,1.0070424478154185,13655.33452423487,1785.3003764999123,206.55323849970884,2840.9744925808745
0.008051675223589846,1.9954395582796176,19798.50655969376,986.6465928567561,266.9648786862753,915.283149286408
0.009476258995610633,1.7249219117894024,6841.76935259632,3950.489271308356,272.3543433339835,2329.0848627486976
0.007359028154518046,3.8078982479468757,17644.114872360657,6463.235852987616,273.48695364666133,2253.2122448169557
0.010797943065949372,2.9949099974460958,17962.39461281863,2024.4758863882587,240.2542960533799,1476.0938595411258
0.00811005790909646,1.0040091387482741,17401.307133969814,1008.6441478933649,320.6539406687529,966.7019561925043
0.0099074421092926,1.9963990490684058,8045.560183920869,390.1273432376387,171.98141423087372,1030.8889308724365
0.005699739904714455,3.0221192630765152,15407.044007576227,3359.4894856817846,117.29647844026324,1968.52476278742
0.008002799102000916,6.022371928634389,11838.220912727495,2023.891697863231,298.7952093516768,440.43878603589906
0.007944857083446541,0.49821967795987426,5864.4266434554265,2817.144436825624,179.85045472307445,5223.055633972932
0.007899782591895707,1.0104862478422234,10000.865414234117,1033.2547663538442,180.80645272641564,2192.0030195564864
0.005849284406609477,2.0111681425924193,9752.275964428727,3456.681798204694,285.5323145421072,1357.3899747130833
0.008028178670718924,1.0010805119679136,9779.337104341555,2013.7240574495884,134.8383705499613,3527.9603259524756
0.008047033771518665,0.9907335307166049,6818.847273042407,4041.606021000808,182.0655035660957,4297.325754117264
0.009922706655359428,1.9878332090022486,2102.8274442507877,1028.104034777236,35.65682300765494,2215.1332392734025
0.0057930817225423014,1.9841528079485078,5854.353937400361,4945.99296328767,161.94556333172372,3009.6053953459677
0.009941168726475786,1.9890673916451616,8073.417389771658,1749.0223128415184,203.67493311496602,2093.3907976975315
0.007988923216874394,3.017732197644611,9690.534447226984,1016.168170433817,98.77975650421013,1211.224017187325
0.009964826263589958,2.0121728288271417,9707.165789132881,4838.443003411322,227.12818545878932,2943.1366330993387
0.015090637902854583,2.357888388073684,6456.398659390471,3789.6351055559103,219.386366953907,2703.527489022781
0.009942416591744052,2.9585079323749186,10129.573603268793,7372.764551757702,211.99807028114927,3509.2302770172378
0.008284449380662485,5.308800997762859,19747.756583990955,2012.5111611489137,312.02773180506466,576.3375303961734
0.007700504750081894,1.0267820232208034,9846.205447150815,2007.3519051272428,195.1758995666809,2843.9257832149087
0.009990708786889577,2.0387098585030614,11934.886106263704,697.8929470636293,310.91621333454685,747.9975278612485
0.007815606944933615,7.0608575981593065,17820.87615976893,1941.6240286686607,216.7205992760514,612.2230819007235
0.009848933142435278,2.090615520071728,1378.214716955965,555.9988078420072,133.07975765397362,1232.4836782361372
0.008113782911257517,3.0017096673382793,13485.14629822914,975.8365522928937,148.63528452525065,951.3326335821332
0.006075520027457906,0.7796805322417566,7847.738157976608,2717.242362008137,222.2835309348543,3138.530104212112
0.00799888159885413,1.7669272022194018,7062.698652056493,5361.406249279784,268.14703775607484,2422.4835071127095
0.007839880839099193,2.0781304063501986,2215.391707200351,730.394445916606,148.1434918030348,1292.076510184896
0.009764613918146583,1.0188227212050889,14116.885120897065,2165.9064805429803,222.88440015056023,3097.4456100824286
0.014044325695655559,1.5265442957061794,10962.999732511194,1015.771610604154,277.21186176932423,1559.9415086737943
0.007997366110604552,0.40531499464725573,3068.0717249399836,5034.790262160844,109.45081655929998,9007.732869109905
0.01004099675346453,1.0188895082502618,14025.564808768318,1062.3407329596537,194.18331663138483,2197.3391813533344
0.00998069660027724,0.947569780953391,1092.7690332880136,1290.1529956104412,110.34641564304395,3581.519245918855
0.0038639165717882853,0.8035367727248331,14441.552307549595,5033.59553419442,312.5058170117561,2176.555243422033
0.007938012359365428,2.0110937973738285,13881.677667434356,2759.236496658591,243.5014187198897,1832.101092107488
0.008099495638881505,2.4675026598627094,9714.717131551284,1560.2833436503763,235.81113128847838,1265.109844796462
0.008159673138293444,1.981042679838868,11834.46873221822,1001.2446729664398,280.9628792708851,906.6947647508202
0.009905396860693503,0.9990990976065882,13807.356957696518,1186.7188090644618,198.52945953117688,2238.710008387039
0.013132199866905229,3.000075781862718,2964.471980035293,1014.1192099243448,56.24236288206607,1958.5660228323475
0.007789099418025084,0.24569127470907154,6890.961317027297,1988.3419572790735,138.96058311489378,7096.708139415615
0.010082503847324883,1.0038532660090307,15498.68247489017,783.9011327451889,110.29503658427657,2443.5003834524646
0.009968577641078252,2.504709416976213,7031.742844412051,506.09254401341445,142.92099465100304,1048.7440466854202
0.010005444657491177,1.9690285816511552,7124.469361115002,5183.428615041269,277.8864622326321,2236.69298562055
0.015379379112929973,3.1398075003767283,5000.371394038068,3862.356815327884,211.99090945438144,2526.529104680936
0.011773799565241262,0.9464384506640489,293.8003977385417,400.80129517190176,79.0937816828175,1926.3579094651648
0.010576738915007067,5.869661332619601,17677.415454930717,1546.3503083551177,221.3123227737907,736.5263088436989
0.009910443699046574,0.9631444090257266,1003.7425711482551,419.515788740963,61.398756256070975,2018.9397232145109
0.007939412324054906,3.0381552984847002,6865.438769239002,502.94754472087874,216.6987767349608,691.748433215504
0.008139658148611483,4.961322587450998,12218.303908389884,1508.3852831904803,225.7055562220469,665.1233029405416
0.006069477772697295,0.7764786181295015,7979.628865278853,1611.5698568340615,254.83705343745552,2501.9111194372854
0.010058287470361135,4.966789324688,15783.696103791077,455.0691093174436,244.94663577094707,340.67420933759
0.007781700013903452,3.4803107848778367,14778.145983611636,1011.5152483715037,186.59064355809795,746.2458350813255
0.010885303982334074,2.981947442270054,11648.137907099348,1501.2392043400798,298.02286485749624,847.8703003157876
0.008071333328746173,5.000718946451799,9802.018470175088,3247.4266115995633,271.25437555647187,932.4193442219303
0.011059736568789131,0.9930066341175525,13848.463553356303,952.1495475765207,238.02704045042407,1843.928896325818
0.006073901333287198,0.780816534316933,9940.27731776659,3982.166176097734,263.9537292480959,2559.808474522178
0.007983475870926703,1.0011551279275086,13526.877372837513,2019.8746425851275,280.538731251692,1819.4044931186565
0.007884735687374448,5.969910960357745,6891.903396304972,981.6236828162542,226.09552800777047,516.7853912846784
0.007924705973132265,1.5586686706968866,2966.4450742627546,1019.8368073100546,115.98771073937337,2254.862676293108
0.010992720679846576,6.014599887132642,17136.175948683107,2620.520373677628,290.22779948280663,857.5814105240011
0.009796951686081258,0.9958380893007923,14136.768613944829,1719.6225988015592,208.44199468782165,2726.377858331912
0.007995109645245314,2.988667220495721,9851.07987023665,504.2559361790334,82.52505324630516,781.8121973808907
0.010003119100706592,2.0401484117905384,17914.467295559734,288.09719519971617,108.14109316144696,685.3339857979461
0.009873880650107351,1.9861374586282392,14082.137108770965,2081.089345514449,128.95072376462548,2762.345337358017
0.01007889473745379,3.019383520878777,15999.858663266448,1739.8826297469784,243.84163369527434,1150.5702765481692
0.006238514936421356,0.7963109723944413,7825.955845569969,7572.765106929714,258.98421234563136,4297.18421374155
0.007879822112571046,1.9885632145890026,7755.9182509964985,2001.4858530338172,264.42806698625134,1568.6651433638924
0.010024954467210545,0.6028498583563,314.55946724938985,266.5779536797781,38.00537644530968,1805.0633739263433
0.007969311643095344,0.7805410197814165,7840.8788591643915,3938.6738150737447,255.12838142664168,2968.1935146166384
0.010170344608308011,0.3490969348647012,2582.0490927391143,1556.8067597532083,19.546903431578713,8116.911832956395
0.010044405504080766,4.9853397023020465,9802.257424903728,459.66613017703077,206.189994734329,482.0978990686138
0.007861616816021714,1.5685059121132534,17608.10615875289,2678.0349731023175,298.95300217608127,1777.328455365964
0.008016077511287512,0.7907564867247617,7718.682720533419,1564.7431672493285,274.1840204213279,2495.399706782295
0.010759486687574643,0.8644469976521179,7030.816548334838,546.1212880792797,273.4656809932577,2094.16957634263
0.007921217833315638,3.036135201806264,6805.963051838473,494.7792527024276,190.40742105488866,719.0308594194397
0.007543116706562862,3.808840273543679,17362.195622546573,3239.9771642740466,260.25265476518774,1277.4017895584655
0.009983694727894024,2.0139983180832624,15751.99197794689,4087.3899918879197,335.9748058627611,1653.4834447348458
0.013160595657650345,0.9733182200783117,1581.291010664696,315.2840246031592,67.00962439045693,2086.005208448282
0.006076769256379046,1.0028895908850042,813.9286431713614,148.0625357159547,88.55452829111043,542.9880897685167
0.009855313441155679,1.2745183379677927,2557.4323750042795,207.89393033887862,40.02829928663622,1011.3129953598179
0.015128589775460633,3.221293325876078,4934.9168155104535,2217.472513692147,182.7995452604519,2299.288896917832
0.005860021625895244,4.001944510698316,17801.630823022984,1496.2538451615633,135.92823733942404,846.6062504306329
0.007990286996647505,3.0391543456891013,9780.473789685284,2010.8423024154722,114.21442093069747,1706.5779534833287
0.00806276717478989,5.021732245173543,5073.20001492466,1237.824435353477,162.61905127014575,881.1281895650051
0.008056723153242663,0.7847736504608492,7766.070264998314,2757.0893126197802,159.27463792653677,4413.453481763639
0.00947667696397664,3.0538354185655345,11115.349328834964,4126.235728530537,261.5363415294287,1625.8041744001976
0.013033412334329123,2.2321962497003613,3496.3584103704575,980.7610872602274,56.830098209390755,2507.451682840376
0.012745980297578214,0.9615966164626448,1283.90709535865,422.7089535669551,81.4017802665166,2499.8879195432455
