m,m.1,kPa,kg m-2s-1,°C,kW m-2
0.007947540249189363,6.043274433344633,17704.711246498817,500.0287917514672,174.86547427884943,229.15996897115662
0.005840588271909143,4.981501450425478,6925.866780943441,4910.863910694702,179.81621405838308,1357.5528594594816
0.010834368685158748,1.9695428390187497,6872.424293854708,499.6022883145718,238.54363689870067,1043.1943785869976
0.006112646889564111,0.9979490106903156,1153.708534911647,892.7218551878892,55.49466857923179,2224.5582192385637
0.009508483506761142,1.849330065700003,11012.280433307858,1365.986360451696,201.94839726391473,1584.360057543297
0.005809481239993307,0.9774123703164096,7686.766975315653,5137.846906348336,201.6657698224552,3799.5292396751142
0.012655596918654274,4.827700241090844,6825.665664499021,1340.1873543189351,271.9098787550339,801.0430273543868
0.010595110794136102,3.957179831414299,15826.599765320094,1004.7395168779777,322.1264674751408,394.1032445951678
0.01252113128862,3.6721389856925946,7010.051385269758,1302.4760041383029,231.79485756656484,1239.4023134301956
0.007955025851213311,0.7771871067732775,4891.463135943047,2743.700054748205,150.1643526184543,4564.491216432016
0.00794850657235466,2.9603947200697456,9762.686477776231,1966.7553562302357,200.58900195584823,1325.2762154228556
0.007970572494008647,2.978803663333408,9892.987385056116,1993.6311678563375,204.97562594942912,1232.3447789646261
0.005821816189988311,3.983154177186463,13659.096583275237,1483.981121531213,37.089947940250276,939.399780230433
0.013412347079601712,3.6754965033093483,18925.504454088492,1994.6877350314796,336.46593573413656,901.193139220169
0.006120742205262137,1.0123557530083054,5092.069681862596,4075.135573162585,94.63809393084883,5100.50865464658
0.007737170782159692,3.014603648755058,14537.921636196816,999.7539927736094,238.7992169601744,631.098258945868
0.010017186052852107,1.0237529342954392,1416.8313700977258,279.29511421007027,50.56156930744382,1519.513378330879
0.007989225093596232,2.9964764565447166,13673.905377539157,1039.5968093009194,324.2585812147633,393.5931949146268
0.00783527292772154,1.6506389657836964,15438.415734836733,3648.700197054698,331.2983122940342,1499.3291015642383
0.012868135000609246,1.9240809541327888,6777.589534405042,2719.4622118630828,139.2176133247183,3279.29226996148
0.007804886447902272,1.0019925435329908,3013.062756128425,407.63882557215635,64.93286419365052,1838.5548002227536
0.009973035283671609,1.9785035898800314,9912.262000156325,893.2634183437739,117.46652646157071,1659.8557276489541
0.008024631547575945,1.6205560138182011,15836.044393705683,2813.4180679315145,242.23150181614608,2275.963038549723
0.0150333085715874,6.052203933215039,11721.376559643431,1913.1074844776285,294.3555713650891,683.1517290563837
0.0077667856055499895,2.5757929435519666,14748.813295814101,4244.533596346113,292.33011628459593,1552.4358628180307
0.005989795619002863,0.7906951876910555,14774.823282901598,1621.6688508400582,287.7990361832117,1485.9950445036156
0.0131383828937386,1.5178482634543335,1176.5042101090407,341.3646374230506,29.8267699640731,1548.1229462475158
0.01266239915536808,0.9146804591878953,6779.959805706238,1425.314470632693,237.23110319555445,2796.9085627420714
0.011402819757059653,1.8423765224865563,6825.752945353238,2047.3187824646448,272.47888674722196,1830.8797677603366
0.00808669875229385,1.002517099521753,6921.557012489161,2028.1103725645564,133.66077183626481,3827.739580745019
0.009992801697447087,2.4750426471264686,887.6354499874262,224.5247576167614,42.07322602583446,529.8785759473467
0.008028022670143527,0.984882371969438,9860.117555499799,2035.7469415748276,296.50831499094386,1624.109916076356
0.0058172426245917475,1.0012834271151927,15579.200667114052,3367.96588331502,277.3655853221798,2464.0980648695595
0.009985648371815582,0.998401202757017,2064.014536900793,1485.8965700004962,52.28551614355168,4218.543171325828
0.007764614558825063,1.9889891870934515,17729.986896872488,2014.9040762622099,240.83910385790267,1479.5132567241603
0.009916674805770773,2.0128461142940335,3034.8310166515166,858.1301255772203,35.62372558416331,2012.6819471958202
0.009323325473659485,3.000734538149211,13908.08272708192,1008.6659080816552,250.83605850853522,680.1709558202824
0.005988054903305218,0.7949815500996505,594.7057183075203,149.33217152444288,73.45598448911996,543.908743288459
0.012026059158706007,1.4401767577821452,297.97888101490014,500.87998526131406,30.5093268964081,1757.6567455631564
0.00584740632473492,1.006317552734946,7105.468073012103,734.1217097043315,86.59867619348617,2293.020502911665
0.007840251174179313,6.9990630938833505,17502.467810086717,1499.1505146551583,213.13582717685279,464.47948527704244
0.009864704151451518,4.896908657483288,12173.040026956898,360.91232023565004,229.2203253330951,290.5326356878997
0.010116887325577138,1.9794898056660901,13939.492192812948,1451.0240477984012,114.29727291546524,2057.1792168170064
0.007903726742335991,1.5780386811930718,9902.385584922618,1014.5588139303882,242.6013629431331,1287.655790275941
0.00996426344837589,4.986211063743136,15683.758634113457,5420.560327929764,329.90675912980856,1238.857397333861
0.0094701989431235,1.7118723429504117,7007.680046215703,1321.5078787358154,239.95136621214823,1868.121610835597
0.0029356332403531423,0.5021092663895786,7091.263270437072,1048.7516683320773,52.45672647294156,3257.832475384581
0.008283454114694925,5.424164226147689,19416.55098379197,2336.5934188936094,332.4606381796158,493.2024677233439
0.011614519736604165,1.8223684819681352,13906.922006385405,3352.76173422231,318.4310646513353,1326.8582865403694
0.007917076033521089,3.0154527544899126,13631.902641377308,3958.6831136151595,254.5028989640867,1668.4234267292245
0.005087646544599967,2.6026844814714702,17511.547537151302,4013.8181430413124,232.8025675632093,1790.142650984156
0.009978415432953115,2.4226778314171526,6897.445839319959,4226.376713429737,137.37939718826152,3359.6670052217796
0.014054379600579984,0.9823759126652826,10895.765246377217,1612.4162514185969,247.42020825036806,2569.4979296037354
0.009994634027726225,2.0012381476077405,1476.8975567825082,768.3291343932596,89.8497471752557,1508.4957719226159
0.009966490340620178,1.0050392204825407,201.5117520543419,147.45799995588968,38.41610474315456,695.4786974903545
0.008082456127842134,1.5660924340437339,17608.241292478328,2261.8525937643603,304.94572518027655,1408.324403916012
0.009979972275732154,4.967308232356458,17817.1102567478,1435.4764925563911,338.9560274016563,342.23812603979957
0.008155010876663229,0.7960259056537035,4906.88133894156,978.9977598362804,238.9908069293886,2871.1520645965256
0.008261051201965545,5.281964880795209,15572.762215067181,2292.800814551612,288.34927909394906,579.7809734073221
0.009981904274950978,0.6016506916925122,1077.4801818343337,1374.4867608302375,101.48622956263186,4521.388965284512
0.009911528490018725,0.6038714367819497,2174.378413886726,1039.2739678093537,97.89779612548817,4837.281483017789
0.01005411812634112,0.9503008515169118,383.1617997003017,530.3656957462943,65.5552701711088,1873.3905017248294
0.00802785353041646,2.9813050073090737,13765.413019169111,990.33986169804,306.5875208958161,468.9714716323349
0.00623115727125901,0.9096850476203291,6869.747098224252,2030.4667855709806,211.22824228298487,2600.358702193983
0.011880878913524547,1.7992576592738843,298.84502530172335,398.8402035438414,38.33162174451457,1250.068204795827
0.012859929133020368,1.9357136013989154,7021.791771102489,3795.801029493632,247.9379876704948,2328.713741254604
0.010037451323843379,3.1243210133047814,583.4129580044969,293.66253674682685,90.9283842403358,499.78897916923955
0.007690932870133541,2.047727816900324,790.9560147743637,840.2758458667108,131.0523424187559,945.3534078125496
0.01079166678995776,1.0173875841524558,17695.59696255149,2688.2158823090485,236.59080676728962,3843.635122176143
0.007923036388241267,2.449692196985996,2972.074859308665,2011.9197566327314,206.8723365212207,1562.6021408877114
0.0057640927328559384,2.943480487786401,6776.169663687272,3325.5382157986737,58.79924447021056,2302.5649585323868
0.007953229020335415,0.7733016768225921,2922.7086107699974,4966.229445211156,205.412403102292,4614.147658857297
0.008074067297925813,2.203418638181358,13075.772280058101,1634.889905620863,199.7640672022263,1313.4442707142823
0.010135084941672711,3.700257535131075,6905.100654968547,2848.9813703501736,268.96394095912206,1263.9949129368065
0.005784983082536491,4.003233188828953,14706.407976962219,5117.425932818671,295.9694965460893,1068.8462083468694
0.010764171537607522,3.0155995882800823,14889.30561711771,1541.1031961217946,262.5713338647828,925.1948870041566
0.0060554335710685855,1.6453643899561425,281.8617007881822,149.82175493510636,31.40580434277767,296.8003101892825
0.010825975992611184,0.9977517728810408,5786.746751670524,1523.9681291281152,218.8070600800577,3045.75751205914
0.007937107105608339,2.9809176055401037,13332.969600305954,498.45854133872274,261.70097721867927,368.6601456059429
0.007819212548031489,1.0221804446454217,6802.175147462241,1997.7961517447175,267.73249821397445,2270.3844824441576
0.008102267575529726,1.5662738111435117,7743.446722374192,2674.9508491480597,154.02826286185544,2976.186088511952
0.007808576428038977,6.913912412032493,17885.753158164312,1946.5765150455452,303.9383905184428,373.9457273566663
0.008216769267095577,3.970999211743931,10150.015352902741,5038.163164126628,209.33773025385162,1682.211299390286
0.010737791081536205,3.004838461822965,19614.064934344602,1517.128676732997,266.6968311100951,982.9683863126195
0.006116872262351937,0.905229363808857,10271.46446450937,3703.7112241271925,206.49792197834668,3995.8984959931704
0.006034199736057211,0.7850126667958126,12753.4001142922,4022.76578486638,238.65846744814056,3601.897341942035
0.010748372784743962,0.9912244864143932,17621.292350851327,1501.0247348245339,239.1070472888892,2188.0571398822026
0.01414003281095068,1.2997190712657267,8658.629795093095,2724.6453270959028,282.1867454521478,1977.15304162158
0.00797476030952267,4.002036221670229,3032.931717705088,996.2947734378716,135.49491191442695,884.5933462676888
0.00797551873985005,1.9924025580657907,11770.710040446033,2010.2161152006054,137.87035249439887,2060.7870662506957
0.007836518810850047,1.5510739424748576,4860.288196101613,2205.6850955844166,146.43452750841723,3132.41976939927
0.0059702573564059625,2.000266951699006,9849.818863690547,1503.8137292497872,116.88321840417721,1521.0573133569849
0.00992010303019412,1.7352810054527357,3259.4966400203493,1294.5506031150687,135.88643504242393,2505.402512689789
0.007934144979343144,3.029999102464496,6882.502929197021,1100.9012962905488,114.10151893138797,1299.2218528910348
0.015205570889115038,6.064256513724455,17507.43334600943,774.3277475097584,240.90826739255579,467.16965887659023
0.012716786629124866,3.602357307468389,6815.087179830206,2486.285513811415,256.0726271094315,1506.8443630740803
0.010807323493841002,3.0411779935153094,11789.300566159065,1963.9816812842687,281.17272042144407,950.9296083965284
0.007855835074489777,2.002674079380963,9638.8014513934,1500.3307239765045,259.16223249061056,1219.2049114780991
0.007812093706341373,0.24947399069734935,9643.61553502991,1030.3597242753276,158.66369919206164,5188.824945423
0.007992462371563272,1.5527402134243236,9775.233527356399,3154.8919368653137,270.57392479255725,1748.1404315721124
0.008052141112708563,2.429654077140799,14504.91016842228,3183.505512211662,309.5542728354566,1121.1918624831067
0.009809187895203299,2.1095693309958516,2792.8822928434815,292.8632078007694,153.18620870216307,716.5480777787363
0.00815392047758261,5.405666266568992,9903.765519870705,1506.000992697698,120.98117238473887,861.6136088883094
0.008118171447626927,1.5843731031256778,12742.329301000813,2751.0244845525476,214.53668857327781,2463.3964711165686
0.007991319341573547,1.994568881918605,5889.303794167495,1952.3742815080034,159.4670048350928,2357.297668386303
0.008011983327337486,14.987571034445882,9799.6416699098,2009.5486317028208,227.0722513346964,270.0941908769288
0.01010304003840123,4.968503043087569,9830.493126950345,3644.648592652937,286.2553518706588,1039.3258953893546
0.00398146428714973,1.0211503093678467,2248.894123394333,940.643961867939,58.61084931538486,1786.382844191967
0.006064326064917797,0.7900507039332616,7886.251953272219,4991.030971813291,256.3460541733666,2939.172162579193
0.010790173723539435,2.0209805367082914,17718.949613934674,1007.3856383610926,178.9301868279742,1272.0553780635719
0.007643946576005377,7.042897353338552,17623.16031359868,1016.4607342985897,139.29910055644163,426.13027569085347
0.008040938612887244,3.0048042949031526,17842.036782996587,1041.5876821804034,285.8788093336093,502.20707067546965
0.015159355988425051,3.176660865591608,4936.106898292025,1201.8774655288137,215.63451110541675,1554.9222638817248
0.009246185387661096,1.81231336791257,112.35957978134431,91.67559655308685,89.97084304097258,251.305157703294
0.007892472362204358,2.9948848297464297,9811.426855239266,4021.60518024036,281.1592782717886,1327.6174267650927
0.009915337817108351,1.0126205999603413,14148.662811549859,1315.1223974665465,125.70094471158608,3373.717908961535
0.008000480035190105,1.0153491749573857,9682.966421954738,4021.6939684377976,78.64324040165594,6962.626059921148
0.010045355183148785,1.478475643618103,3262.944083513628,1532.8336847464245,142.00121630990654,3032.2599808919276
0.007597761100145958,0.9927901719482836,17211.3719925273,1001.9778882833299,101.45219245035125,2203.2242879560613
0.00609803827850479,0.9960112590768248,7165.100960323023,2013.7296505132044,91.10707736167943,3665.253947153529
0.005765492293264653,2.993561356307651,7977.718252105217,3293.8778246024003,260.99497372417477,1089.1473398746436
0.013367292249332124,2.2891530242704636,1621.979680799567,840.0852587540671,49.69489776446708,2043.1880376285026
0.008129562879026591,2.9924815217730294,6850.574138268027,488.60178164060875,237.72044962921805,557.1936134609845
0.00797879651577818,1.6003091063093249,7903.847947495821,2230.205381665929,206.65969715673594,2305.948310672805
0.007957663095696588,4.996465093943707,14618.675885863353,2677.0774913972914,240.14527831550456,865.8193155851667
0.00807613128246968,1.7752326240014018,2993.146793090005,2006.3155476370869,195.67685025176166,2046.9226563775896
0.013196934222407777,3.0453655272073696,2795.5856212022854,1036.402653598418,56.40319632398797,1968.9210836156872
0.015056293869581742,2.37662157813148,6551.674082442271,1090.5555039830463,244.3051094652858,1405.590359282194
0.013130639801575816,3.635123326390563,17416.00771506793,2014.5357946914228,344.1246727901101,690.6111796239201
0.010723078018387044,4.007295069471864,13572.769089459383,2056.347216796588,280.8417681030815,770.9764120207213
0.007784297666306214,0.2456104679920192,6749.610414484565,2976.044389102809,197.14588275949535,6401.904769556878
0.007870918369819865,6.021358309207097,9880.280462986013,4057.3742572905635,215.0271100247707,1154.0906523635722
0.010716664035292514,0.8699332921355573,7014.79288742759,3440.485428738496,255.4317026626444,2938.204895509876
0.012733764907354877,4.895482649523114,6640.023306807013,954.3122087760406,258.0698392551402,761.1316053023208
0.01073943790316392,1.0134886181110836,11763.586550820894,1998.8404480104211,279.1821378202812,1936.2161580748798
0.005989222426835576,1.003132704285931,7090.927269423182,3944.8935602377937,109.49648271428629,4956.359172732203
0.008010457988762782,3.96400150811269,10100.836909662641,3048.0642789407666,300.05799889795725,736.8303109456205
0.010040349786147297,4.996950707105171,17673.63507568142,4052.70169733375,333.94109948028455,979.9296100203578
0.009969448033282294,1.9827951290182135,13994.019293100793,362.98109203666553,104.17761414836245,811.4232362174841
0.008100732222304584,0.9852889067242597,2993.300757042877,4080.1372345672166,165.31346607344295,4342.356498321913
0.008141123431530055,3.0147861381419716,16162.539434520726,746.7339132519605,337.43694577056306,297.35303741672715
0.005840377676412104,3.0067411129802215,13893.830613494456,5123.869969635892,318.9953544625168,1170.328555543683
0.005888288605580964,5.06592292004962,9978.687509047617,1497.3460744846407,140.99772958458567,612.6280631267273
0.00605538300675155,1.5297295371208424,304.00673985291223,99.63748094444598,29.471560359296372,208.0157754503561
0.0058170276830904625,0.9905155884601692,15914.586153276283,4998.330629470787,135.9635409747902,6523.082316836375
0.012973740018985644,1.9451223519508798,7041.0952025440265,1960.5116185689496,159.65382522037729,2701.701282056722
0.007956911797092115,1.566790469721919,4887.450886235328,4956.125862649553,235.2938257862748,2827.401480296042
0.007714717783687179,2.952656033473863,17341.165510936436,3992.4716121289407,329.8150017486536,1280.1876270851885
0.010994450289224685,2.979979458156801,11699.74078585473,502.9231482402188,218.47893284380567,580.2544871488099
0.012750448037674075,0.9623695776436295,2087.2564127199666,200.94312095015957,46.67585175639988,1429.5996968114912
0.007960352515951792,6.04238573017894,7907.3279868557465,1614.9447693171073,188.06951311542875,663.7840568125299
0.009976557625715296,1.0156094057844467,10124.209147052175,444.11264004500714,114.41239553215716,1912.25040402876
0.007997916632902008,1.5713282225713718,9814.984635896497,2161.283780540172,187.14470305796067,2257.720986836037
0.007999169272766,0.9744167442160004,9888.602656493193,3971.5309763592995,252.5658439526725,2963.07819868018
0.00998094411357973,1.7355087689833304,3082.7652573167356,1324.9417640800837,134.66334079243094,2490.7953928627103
0.008115882162381722,3.659326431167208,11957.821485693243,4042.6538458379177,221.75210585983012,1467.1153021926123
0.010984590599361917,6.080235045704864,17860.833814814727,2594.3727013061484,324.26933372156213,686.8554829280712
0.009331842714141175,1.7949474118959747,204.32581538813454,298.48085208217054,83.56432305759573,666.9447333770221
0.01001011080189078,2.0663572725209773,474.862517548554,723.5156925289092,79.77055033656015,1073.835361594556
0.010048284771006912,0.5919125804264187,2052.46947931377,527.9790139347971,69.18345431215964,3878.682999465728
0.010066496516485852,2.971435971394197,15472.106209031454,438.61442781026057,243.11495239885613,396.712736334496
0.011101873446242212,1.828496458053523,6788.812669833569,3355.0652552460288,197.4704705581801,2648.4411007623075
0.007976414371912146,3.031767992856629,17582.672239379925,3308.4035623680397,265.45741916382883,1600.1314172541556
0.010005587816099573,1.7716500403608022,1270.0841521459913,326.53644831829195,60.19724314529898,995.0242220923298
0.013146196604488557,2.0357254155869193,1133.9854545939017,767.8350218228037,42.231574991714005,1983.6000210384248
0.013057559342907693,0.8978833427347395,6844.934111504019,3806.0620711105335,224.52730773495543,4003.6068074125874
0.01187963043258245,1.45146559265222,293.8196806345981,404.979434661921,67.93036523699489,1401.7445077215095
0.008012225393660024,1.5402432951071137,14723.934297369029,2731.548592543116,322.6417680181324,1125.0557898203049
0.00802703721867904,0.9992217344752184,17571.429547982512,2008.83502800825,75.61361618134391,4320.0968224712
0.00996689779616978,1.4906030279066143,1485.2866455166163,847.5622708498837,105.6827962025282,2019.0456633882513
0.007700142889275293,6.025870107154278,9816.953570835934,1028.9335230402835,164.69538409372765,513.258340234038
0.007966610881642012,0.2421722000386433,1494.6789423434554,2129.951005809977,71.599884023809,8085.438538284118
0.0080575427979874,0.7741217014679448,7837.2782469231015,2661.0848030386114,194.76337359153598,3889.5676634801266
0.008070299717847817,0.9904381084396395,9988.636447811494,507.8882611829222,134.76088875527208,1638.2495328144585
0.007973748076335429,1.5531091909170003,4851.585952661693,4875.530700314478,201.749158622957,3254.909231749324
0.007784049169648931,0.9996069248028769,5121.273091012438,1961.883831657742,80.86319017538406,4357.55273721428
0.007041113334073115,0.5587747043455441,10184.961664249815,2389.516810138347,308.65932456629116,2138.037844153245
0.00778332112359233,5.876141062767245,6926.149500099033,1988.2568999032421,229.05227710764396,625.8913192373242
0.01007821397706915,4.9424914539995655,16108.36370033184,4151.56099842634,322.8565881306752,990.3384066102313
0.01258760097764571,1.9274248379811478,6895.424137101355,1945.8035352728386,227.6114830555104,2230.643867989076
0.007944094732548495,5.022253358241798,12877.926083252629,3185.727233164678,330.6201463059215,538.0391101261454
0.008002113883206815,1.9933006452580444,4995.2789143315185,1575.2323135504541,233.9678081787186,1699.7269051917633
0.013337489734426805,3.675241892011149,5243.803712294098,2043.466824233611,245.0857298865047,1478.5838834186725
0.00815231962364684,4.081912189142206,4935.352557683796,1257.3196884699905,253.11129315190863,754.7037561357739
0.0073833645292384195,3.801809447720318,17472.32013236424,4303.906648240221,182.21137409076255,2039.5488274086695
0.008023721747599712,3.085162612309413,9907.524811111109,1988.9563928960674,206.03811030333006,1288.7770630147243
0.009295745644961445,3.0547044297995134,18036.202073106684,2058.416355222999,276.305476545203,1081.6638223500322
0.007859920750145877,2.2199078329046302,9974.862149319644,4003.7088689564953,307.6575613609576,1344.1156490140388
0.009591568446176816,3.0428220891555267,6920.616996926087,2743.510122634351,237.8462165897912,1599.8384587576497
0.007650531040824921,1.6282879036165394,11708.144976918398,2876.835188027709,267.74164987063705,1603.6722516876223
0.009943251140131584,1.9934124864869853,973.1022641507753,1294.3974789502645,36.38732154355587,2202.9595697078307
0.015332865120753023,5.993666169578209,9749.900206952112,1560.7922144912475,272.3087362162565,710.4096766488501
0.005890207889203411,0.9781685476167752,15521.730270565564,4999.434613118191,257.8745480862895,3804.0432089070555
0.009969261125604641,3.0104957385692703,7005.278938159282,6692.407921656518,264.5546860715286,2269.6544333729325
0.007757973021836117,5.926332184395803,9901.370432287034,1999.0462255884809,200.92049640764208,642.939043276515
0.011454170863411828,1.716746105406495,7020.421597926677,4025.942271023604,265.75688993969754,2341.408020384361
0.01001340938246484,4.952977302035362,4995.709343356194,3409.960046397777,161.40258073474178,1739.9879899971654
0.009832391071082901,2.5186539989027135,2392.0518597765226,485.4166081582794,85.68186500513475,1049.003304120551
0.009240894562531972,3.0168655357407967,7314.109583269554,2109.0039705914787,205.57542523267725,1545.2658903562328
0.00804477646733605,1.818959420782423,1978.9466610514278,1009.4712315603688,127.03338653574764,1681.5849742432433
0.010563254307087986,3.7757189691737154,17928.46522294882,890.8861639247538,168.89469480587888,747.6631570140947
0.005792070402179811,0.999870160152585,17489.533984314614,3306.4519812316594,158.70155506169093,4316.099701182892
0.009923904414707665,0.9604248977262422,1317.8042506828806,1209.7445718027104,112.47305157316906,3551.436988384948
0.008108765415044447,0.7940283738034613,9874.582526735448,985.7884227021921,153.51409661897634,2573.825808678916
0.008059902859075018,5.341823049460477,15811.720597882948,1015.4745124556438,290.0943889628102,311.9094478494685
0.007779094233970895,2.981656517199413,6863.065618036395,3980.8038197420256,189.4581262855792,2198.6041614095493
0.010699282232383868,4.016161343186001,5882.713018587349,2034.639998082096,214.27957416805253,1281.2333490795145
0.007684797950695469,1.6744842132960804,14500.505203326456,933.1086406917233,268.9019971810305,842.6881605275096
0.007717634242101458,2.0982210624122524,2636.4588320659996,709.5091377806949,135.32574128906603,1169.5637354744586
0.009941795394994023,2.00488020451486,9893.827686061377,5246.701376463285,235.03222230432976,2949.2244834272446
0.013196321063969303,1.995913956514201,2459.9530182656113,885.5419724517886,49.72272447880523,2563.399361908485
0.007659491828718514,3.1152853631862913,1085.525749876901,1361.033857959927,132.2762477487872,849.6407487419158
0.00576376929582114,1.9942318973742654,15797.122640982045,1496.4384292970992,197.28466816534242,1060.1667580977717
0.008017851173002919,1.0036832362608719,17631.394812107064,1999.3258485366443,168.85362050908049,3080.575349830612
0.010026168065970302,0.9525095603097266,2087.706053743242,696.9168202586177,84.11576119148914,2942.242639442832
0.009890787512905223,2.049095179607958,647.5906080089699,397.84688652305834,127.38817352136341,793.3916403431316
0.00793898809286166,5.066473407661513,12813.45933283238,1628.9405221071559,132.58831868377206,818.2218866392641
0.008008740698058221,1.590257395996658,7884.620914489008,1017.7234764474307,286.8829430440742,1267.3608270256138
0.008264569286277905,5.2970443415721595,13723.938790414057,1032.2812940167482,302.69334221757117,278.33427584913363
0.0060538812820793925,1.015787276537084,303.4046483042074,100.24104033080233,50.68688237973397,341.7232175223675
0.01325853753943316,2.5281052487265354,2052.049188040001,545.1283211099513,39.936495226451946,1476.9798400753539
0.010018844599203736,3.038655578659437,9966.51127125191,1539.578352071688,284.68316169165354,832.2628734350334
0.010001387303915045,1.496370439295425,6799.04417337334,696.7256529295584,85.69737660904481,2181.9870180294856
0.010962830182724892,1.0025793278483683,7649.21559704534,2694.5626009169478,178.71511691853135,4053.9454497679444
0.010045565890955151,1.9824318509558816,13991.934968945025,376.67578213101586,169.17492833420445,715.3392141477884
0.010398873706838872,3.7501835020061005,15996.446278532521,2831.9039864125207,337.2926051549479,720.4911524254376
0.009964699230098064,2.016028470721262,8126.31164103763,2216.0030407452946,206.46679807170383,2200.738701759681
0.009801699290492934,1.0128563651899787,13895.244007482244,1503.8312862319763,134.35923151355888,3339.82712913927
0.007839541723615086,2.9757195011056514,14647.404862690195,1495.5254986730492,174.60728100864796,1001.1659059615934
0.010029893682576998,2.2051113712489707,2131.9730702701804,188.37734763566962,52.03298199027794,515.125423975305
0.004670328578135129,0.3224444724250064,13571.837808168979,4830.292565748595,241.34033003511342,6749.894307104975
0.00785614573738772,2.4199565049459215,14701.525980744642,1040.7469445193456,215.0073417484092,829.7410315986311
0.010038683729031292,1.9997222716754177,3043.92652284103,349.32808792901267,32.07545582033641,1004.4801658977153
0.009937994669010072,4.949127007545334,13867.278252300774,6342.645171349126,232.7570266663932,2164.736083994371
0.008025852769268881,3.0148295136226984,17751.72292691803,2005.7480318346086,121.01075724507068,1689.8143497760657
0.009567524204448867,1.7155435621019457,6828.758215683279,2043.3256135305387,262.1160986443202,2095.3815026358247
0.010904978138933371,5.9556859904437855,12778.434458134645,1574.1407921018535,235.6537707897578,616.0917538641286
0.007836150975581817,1.631782241869027,17869.643853477977,4856.997604702494,287.0270864918913,2531.7791996614237
0.007845253625427354,6.0016085028715915,15040.933800745668,1001.3007219540053,178.35862363310102,425.2097105976658
0.007924085081032635,0.7869925275699019,14828.132853530544,1003.4029975111926,280.4470657757314,1406.131470946841
0.010051910351495977,2.994980343826334,13632.448392865608,380.4906162854435,232.25406970888918,399.1074610139575
0.009860762845431201,4.98705249099251,9989.520376204817,599.3931466692561,211.76045989457666,474.74607644204417
0.0050626107084132,2.652659793186343,14753.313084791918,2255.335347485593,294.248916294996,658.8671070917063
0.00941679327529321,1.7442161295812848,6808.078878645854,4209.177605097769,223.75787508902596,2508.0667445820363
0.007988311014019108,6.128967569196673,17628.26436040646,500.7748617203978,316.925890510815,130.2507733064075
0.011289445403379285,2.0219571072805547,7045.526204152928,2043.387832929807,208.51463368748327,2385.889364235824
0.008067269160349855,4.010346623819934,2015.9203780994135,498.54639460290707,110.82953374291743,558.90754191098
0.008073761325916915,2.980433399013383,6825.901206758743,4002.892663287267,234.74044337018876,1695.952429719878
0.014161405557934027,0.9801578022542885,11166.74046428098,2699.454319012169,301.04904392102196,1937.6406238187487
0.011061403494550252,6.021712542228491,12758.3571030258,3144.2024830980795,280.71868365553524,828.9319006358629
0.009929989226304855,2.0232981989223626,1971.2073295728906,366.80430580199834,71.89253837785493,991.8300183933354
0.007966725053418782,5.055612100378357,12506.944187750441,1609.613437646042,317.0106111128774,320.8287651953531
0.013973698520062893,1.5104435784543102,11055.586981898374,1693.4037258269443,284.6113845450571,1624.0319932770644
0.0058326375679087425,5.01014530320377,13541.55350019752,5014.837443952236,261.5365161982624,1070.5088689344454
0.00817967599296964,3.0440403173706314,14006.886541663785,6044.83981312499,327.497708424252,1509.825747524337
0.012792273062703571,0.9215387147755417,6912.70322438716,1946.1360436881102,246.5216975450693,2786.9327504024322
0.0058523399934257295,4.038500165805339,17733.55565826663,4958.494175316414,157.85752193556982,2103.765834576724
0.006005557293690524,4.841843200325368,7049.561979344174,2215.1261092153654,247.3907145391536,610.8171549405771
0.008007995239586372,1.9996742090782311,11739.207427845393,995.8359946102896,196.72433469848292,1134.8983897894682
0.008076697918946444,0.790805668792086,7928.304805109845,1005.4957118002635,277.60019634330786,2109.3955894834394
0.013115649686587235,0.9495188993297645,1244.4281455771074,131.20936253978266,41.4054705259482,954.0732517561719
0.013159044522970701,2.7992052851739198,1933.1079990340409,366.0891627021148,30.29808625588286,1016.2249560560241
0.008027230851193142,2.0278952057399233,11607.464674172608,2866.5371259395456,318.29362038382067,915.5580467576735
0.008053146771653528,1.5846077107924992,7762.057148435577,2641.1166753533716,200.45991378399455,2489.5388289363336
0.010021615710269764,4.985370498901653,13733.002429192364,4392.832094556951,315.2118377852341,1010.4242577695145
0.007730089768292043,2.0723496542312008,879.7810398782486,462.2607198051223,116.40528924387013,734.5290534805198
0.013096513519463617,2.212892837224976,1681.100449097283,296.44558634621893,29.962409510437272,1003.1617650876486
0.010621497268200957,6.036955665255633,15828.97015436501,1560.575188690552,322.30868774500055,365.5681310207548
0.008002010076659506,1.422346223119999,2964.169162943539,1025.9415153331465,220.11742349532975,1652.8994252309526
0.006145433659513911,0.7935322416592947,7957.991857192697,2215.0306067256784,215.22546304090267,2967.159096872238
0.006986831633205683,0.9867484887805351,7007.348851942144,2451.187447257515,284.1960696552744,2546.2688600553065
0.014167355972101354,1.2915353055296377,11004.979561505495,2013.3074889421327,279.33924423553003,1937.2393591457485
0.008064961187068183,1.584623311820582,17598.78930510692,504.22208384253975,121.40742305227415,909.6540212029784
0.006054838096420449,0.7882099307186751,12620.755185569888,1006.5974561364658,293.93278105056567,1225.806787182466
0.010808878219642413,1.9873450169110962,17637.751072663697,1103.9838396049356,241.09482240522556,1077.7979038860174
0.007873665919354945,10.983522392475068,9550.567827388335,2807.6789707784446,305.21640172830473,338.01774733980335
0.009955596427921242,2.0069362145544227,11914.868082396773,2349.8513578419847,133.90451474281002,2836.841952416378
0.011970230857057602,1.1882422015914162,292.7428767224128,200.60040506064,58.094984284314634,1023.1347954158044
0.010787794920432529,4.952019952862906,6855.537139675297,2020.5017465443843,197.9809758090394,1122.3382638681733
0.003946875922217562,1.5091155663608828,7035.253350466547,4777.026786132195,67.59899664379047,3491.985622470315
0.009971357510261998,3.0265510291441173,7012.370405964108,2193.016008137522,262.12994971763885,1282.521830836473
0.008112666688715802,5.420153177794607,17620.92732180529,1027.1968356333693,260.8013545264386,364.53775409210454
0.008058154911170366,2.0082125963000945,17453.596486233087,1512.2260957664691,219.4328824009652,1290.5242379784474
0.009308162313156865,1.8441181136086024,5493.381197080427,3976.125227750875,203.21266154000892,2922.3575493527906
0.006022364891420097,4.060460170943835,6986.762494511611,2205.9221834862838,247.65728262485078,723.9548322475632
0.013185246030384234,3.637075940902278,3475.372947794813,2048.5109491512444,221.04013798951493,1475.3806013033839
0.008116368419038096,10.922797327371816,6901.984191952,1999.4268589404505,140.85578991197107,535.9555117918759
0.012921008951435747,0.9467246625622239,2017.8312168351567,535.0351661071953,103.35166101547125,2894.309134588138
0.006045339369032175,0.7897470061707113,12724.552657995768,5015.750544291419,291.0802427221551,2954.774563203598
0.008073985716593688,3.0168651181034143,7001.25024649736,1991.1562854585984,184.3044873291307,1593.0173642346026
0.005793489634523936,1.9689914219157667,17602.9579008148,3493.7049483869278,323.76841209984394,1291.5965645925776
0.0058507150410427,1.9935942731404932,15832.036705488936,3463.512159446793,300.59766960195196,1282.1372004815269
0.007930914953924329,3.54408369384519,12675.859634446351,977.7180724464139,259.7334034631558,526.3535597001301
0.008052236154760722,4.083415880106563,14061.911440466545,1244.4570056214316,330.2758466951484,344.8791960753897
0.013188917611396374,1.9053585760367668,10295.324940014933,2743.907541056271,187.85292961963742,2758.994459906257
0.003995677264955121,2.0795509538493184,1260.3722857090834,810.5424847226872,57.53372802610743,772.0453392171866
0.008023874487224804,2.962256965689483,3013.608252571762,496.57203454022806,131.82679007404428,742.1179457744646
0.010084685489249973,2.9797025625459503,17808.907338875953,879.6004294070723,249.99911572049305,628.7005339707863
0.010089896868920548,1.0068830562453936,15413.860776140033,505.4027220647792,95.8473802755924,1756.3453622204836
0.007920627486996235,2.9964153501830704,9950.073758131568,4003.9391289033797,283.07496127676427,1281.825307106857
0.010600771719336584,3.8033105698421896,19655.184393366588,2740.80730753103,309.9873232013626,1075.959374614866
0.00811785917232122,2.9748677942969484,17932.319720347223,2787.132574733579,321.8471844937559,982.0323232393973
0.008147643957330471,1.5725625228122975,4873.797606187315,1612.2178009486581,145.26892406883317,2704.342649688105
0.007689248592863877,1.6325216683828567,9751.735557226073,4639.362898942958,256.5116794225884,2206.2198394955253
0.00795886587816774,6.035761458580172,18250.01461082465,4001.760658082659,252.38792263453792,1168.6832501413373
0.008142738742408348,5.427414592695648,9953.236844485973,2031.0279111435482,197.22148615637838,844.891124056801
0.00773907828392096,5.870986365131426,17794.913339574938,1031.359206249657,292.6050894624052,279.9070593262511
0.007836246494992538,0.9847780276518379,2984.7235244389744,2280.026927942984,83.89781478534658,4712.3637483830635
0.005763012438825541,2.014649978370432,14552.518926996658,3432.5361748090695,158.37712365596758,2478.66927362505
0.009470212154196968,3.0120952289024006,18219.675889372294,3057.319579391336,316.1545314918425,1213.704739553422
0.010108376406692644,1.4549849674041606,6993.324173291129,981.9270856804478,197.15154196041735,2036.2543552728598
0.009800734890409502,3.1203786471649284,891.8658266321714,158.64429742368915,114.45808239833539,278.53883721975836
0.008069773293443251,3.50153301236756,7886.5005257773055,985.603126669919,129.3681533238643,970.6701825967589
0.008109002849059995,0.9738996349190779,9746.868754240008,1573.973378920518,292.94522278069434,1796.2997349403377
0.008180472977662438,2.0222201866056673,14118.059805802513,1280.5017618322972,237.15897236331338,1087.5312648452423
0.010901561225820679,2.0084479554641086,5757.566406900246,2001.6725356613183,237.91804343588583,2129.4113146631094
0.010417390917345828,3.8635924991403825,9812.87747764273,666.6000543478128,189.20399569626932,718.5166822061276
0.01014733503553084,2.0049430814847926,17948.850502305933,544.1564373690996,107.75418767512298,971.8113297733881
0.0058183697847384,4.017782223610072,17643.1762029161,3331.0767222033796,321.28622090782164,700.2943021973166
0.007732849535639572,0.2494931490246335,13771.11186155195,1502.9538740035455,259.76325668263576,3428.7320214512756
0.008046719889948359,1.5612918300250214,7959.263389814792,4046.612282623186,188.09842760018688,3159.7082627931773
0.008055783051192696,3.9739178772605492,13519.470957041634,1501.6598192292956,319.5405142552903,385.3637556600696
0.008010909055274911,3.0023972582092866,17768.252375459815,2002.0744569583665,339.27798082835034,595.3489702546019
0.015295242723120543,2.4564736695051135,4925.643163457468,1471.2151468881616,260.9795130710605,1170.8364419359773
0.009841764368216935,4.909750472089316,13801.618793446989,4062.99140497077,238.7021463348324,1518.3941211846538
0.01003794182286488,0.9873254989736017,13775.078532552501,2008.9220373374608,148.40495925307627,3935.40416218344
0.008056013124437428,1.57051577762302,12728.588690196759,1611.8468431171325,280.325736212329,1214.139106570436
0.010307939784913227,3.778410210665471,9800.929987392665,2219.2589195620453,168.29968090542772,1495.7167300797175
0.008001242993688628,2.563964851625825,7911.485348349461,1577.4899498164334,167.8056570962651,1574.1380320839621
0.005924614366781988,1.004026448248716,11791.897660213419,5040.566994464593,260.2088489643023,2987.345016385249
0.01005306178474409,0.3537346372696868,1335.4647728082266,3252.2978505284386,20.28485307410656,9753.35174125236
0.008093680397602911,5.4339338711302005,13856.711004572378,1036.2816852607275,239.98348795529373,406.8651974568884
0.00999944733033048,2.0884552443127276,1005.9014102696209,692.1764938000312,137.7536475689487,1183.9313398644292
0.007794976480923696,5.920677905283685,9902.201718916493,2013.6687835852986,233.58528731065846,533.3914176358437
0.008063928143002467,3.9736857110934243,6938.06725138529,991.0940847066273,185.9680579632684,828.3677451946843
0.005779977570220947,1.0018271115193427,11887.700989836143,4942.54932920451,237.5150713634345,3361.080533590122
0.005911833158127692,0.7937804202831552,693.9681979994805,100.2440781442018,27.579749049914525,378.6321115530748
0.007988619722697326,1.5742044133826298,14713.390006266516,2702.3858970281726,198.19588935066227,2540.5880000962306
0.011934007463009369,1.2068260826827182,290.76952143184803,302.2634836068204,27.946723351475764,1385.4319656516814
0.010175061006822248,2.4958150242819497,3347.863463059104,877.4693872205713,110.25131817895361,1483.030935725606
0.007785711186635153,2.106469107709732,3850.678612288901,465.64037407843546,104.66401992128831,935.6652205890417
0.009966448572253494,2.0301194855394495,13997.753462673289,3247.777087866368,319.6423903892477,1207.1647754128956
0.005782293740701066,1.9985831858556187,7812.588390721857,3478.9561214571077,237.80272023552465,1743.9073381856367
0.014146899223284251,1.27809435934051,11362.956726365075,3378.400881189543,293.35585033792717,1991.216418497488
0.007969659763596357,1.6319848308583662,17492.47749847019,1979.5655273099069,318.2353174351007,1053.6353226064919
0.009927195795040328,4.962378217118202,9969.043337528276,699.2044877013177,296.9321078216307,389.4484816561264
0.008159898542365119,5.420299306329528,14676.544228969153,1490.240360796014,195.80850888905653,633.4083316058172
0.007901308247691693,1.6743203845904955,9794.503099272772,4013.6031588136234,302.6071682109364,1550.3545681656508
0.0084733517310451,1.81786959256943,9740.892599671348,1656.0954465295483,295.7983165324934,1299.4611904847623
0.015055829957297968,3.1444323894787534,6417.900254386026,2214.5524650236252,236.43280156381465,1587.524026805497
0.010541551792580345,3.886622235924303,19611.550689423155,1968.9971139323115,179.08059429364604,1393.114521808743
0.013552752562183636,3.6328906075091316,18604.986755323298,2019.7938386638805,289.732977328925,1199.2488856393516
0.013128461184561506,0.9642401222875188,2669.1399032213544,1059.4868392713863,142.79128294182863,4003.8687715033543
0.008068020006920076,0.7848621785587534,9678.507097632504,1606.2589745032608,141.46852861058565,3751.2594264774943
0.00816027623196345,3.622467013156735,5042.393084467446,2506.980462628356,163.82975537571284,1611.4282751999692
0.010079871321218136,1.0128468043227623,13966.701031494555,432.00149556583125,187.5465894344273,1343.6557451349936
0.009855178152513014,3.0032875571224293,17802.86099146572,2820.7691379832304,331.7766906108538,977.8325574173929
0.005803898963730973,2.9652841314764986,14655.722233578948,1495.2269102815249,261.8365277571536,612.5073143739243
0.009979773778461902,4.942721534548505,13825.86014956521,1209.6955090552808,310.686766896137,357.69938048844983
0.009857743897179893,3.013250376389381,12080.782831789998,3809.861877525252,226.50583168217986,1996.3279090923834
0.006022813389828603,0.7810522744414505,7752.436120850905,3184.454440998743,203.5313042988688,3478.2247396808134
0.010210761370311378,1.9557720739999955,6914.983199934174,6050.471436285787,240.12772741400138,2549.782879413788
0.007734339525120271,3.071580493907964,13768.310547522933,1109.6850208957453,305.4365582709316,542.1431480375082
0.009941256627413126,2.026907787217757,3971.9533530180815,2531.434075426348,151.7174131040441,2928.534276918733
0.007733813491482723,5.930813079216705,9878.79566191039,1025.979768510498,115.01092654380929,577.0580634496814
0.008060897638220184,10.930846574685892,13741.691410760895,2024.869995122911,261.78583180198433,278.3461537795358
0.005934816249641359,4.67089722043078,6884.581651303586,2206.7257280727645,216.01587887962162,705.3733574021197
0.009931131792818449,2.0114761100191756,16127.110085619193,1072.336268120142,201.18135334044365,1304.175353016631
0.00778583440141932,3.088193405672657,1867.1988444513604,851.519609426512,121.29665978424606,858.8420882153583
0.008103990269448877,0.7584977592343419,1012.5024741783496,1011.6702168042299,115.22624003536797,3397.039374985207
0.007861030490866307,1.4983456355268725,14783.458256257292,1510.1215712209425,168.66479315221528,1752.6998586644672
0.009334371197183793,3.0264210150074917,13887.508156810316,1016.0837501338541,299.98357341490487,536.4462724618388
0.003918802663299954,1.0288503234670199,3187.6442794480586,873.9666689609645,58.31353743299332,1742.2629065535596
0.00795447822867886,1.0067103722227617,893.5950278214355,153.5797885610327,94.58817172200933,579.4828835457763
0.007963420111847364,10.971458371344724,13687.050553617806,1514.2838515365597,238.77667239246634,265.573018071742
0.010125254654117679,1.9963578015637502,8152.027462464533,2446.273831810384,196.9691079182771,2331.605788061255
0.010031416728671399,2.9762121009330054,15445.032977048912,445.4567435214507,325.75977253896036,285.07624506505346
0.010009074637769767,0.9908847973386268,6999.8235989299765,402.35591963173306,109.94855902582219,1985.385660809174
0.007478174482071337,2.620034183670023,14541.509844922952,4718.626815603809,307.85667917740204,1523.2641754056312
0.010805278807879891,1.0031361020241643,13697.08018415527,2030.746802300359,139.86488417490708,4213.575016411521
0.00801446965762781,1.005338549864946,6866.09997927595,1999.70069489433,223.83494081036721,2800.0567110715774
0.005715460304381599,2.040847874305661,13564.850217071204,5072.236399856171,178.57092139734658,3014.476272989727
0.008111186899645599,1.5799086963268596,4827.622395942187,1598.2114552739463,93.52528921971653,3115.4419759704697
0.008058067716577008,3.0152935575173743,6856.249324882303,2011.6467926355344,205.8731168683275,1406.840142111097
0.007963734636569932,3.4668559593190587,14580.557594239057,1009.7203868477783,127.03284456667406,797.7537372440647
0.008058297407154531,0.39107122308855297,494.1067193468496,4964.411170129274,28.639429587583944,8345.590938703277
0.0107044320595287,1.9885749349353183,5980.344651670195,547.5439292058966,97.56135759697476,1565.848093940859
0.010111895208954773,2.000146231610946,3161.7089245089087,985.8703378929536,119.8247514658214,1999.234354110981
0.009646633139324588,1.821386048148405,11001.573467400112,2621.642566805627,258.53573081694213,1632.601434525972
0.009443045141803625,2.4486150639535764,112.7424019079018,91.82210805155152,60.381385448923645,203.21406578935577
0.013082640272901645,1.7502083051142545,2776.3680956039625,739.1733592946515,45.31822281105232,2440.5393737493946
0.01308952600400211,3.0164747741763565,1746.587549349788,784.3814853846907,46.096463877465844,1504.5717092185123
0.010084285866408969,1.740616457627892,3274.7560997825553,1750.817533943427,142.75227984817283,2828.337367102232
0.007712409614579211,5.976100394442546,13780.920308266821,1010.1487608628672,290.045202891291,274.1658231265119
0.006942504046522395,0.558583872835229,3393.1496385390096,2885.761571089069,208.14036499855646,5181.758283855039
0.010094543316351883,2.992927036707463,9714.62022024838,1534.0533762895982,210.44720414686856,1259.4439582010832
0.014063344548567168,1.003924579917757,12181.87640268491,2017.165197124444,279.9523226413278,2418.578440740116
0.009869207327766557,2.0052226090324092,17724.083210720477,2431.994199121368,151.90236957256857,2929.081111306396
0.007968388807006972,5.8781261102334,9700.295125927349,494.703769520277,190.0549258681366,295.4174696249741
0.008018866767337377,6.132740542633399,6805.536419953398,992.2005905707671,274.1987591683062,425.16085401253696
0.008157195146063924,2.015189035392711,18064.438984902215,2514.6717366982575,257.824168812416,1805.6857805245045
0.007746150418125323,6.090529880388044,13900.594573330744,1038.73221138114,222.49237158910705,397.6307447461782
0.008196061775083554,2.013783950356049,2022.1176658471973,738.5781474629596,113.5237820789293,1423.2625177503621
0.005745237867209233,3.0038953131154433,9699.152349835435,1509.949544864293,99.67392044047389,1149.9628853933245
0.010713653549159055,2.99680204519038,19720.17608024376,1517.9124186001009,316.7148410702949,689.5426672263569
0.010013787537211414,2.00582894654987,18196.7282672951,801.1483866882542,142.40397699563437,1245.5317387964183
0.008046710764877688,0.993005517478133,13717.012558172091,1008.0782983823186,168.19171832000532,2046.9999664384322
0.010822067604631912,4.9959577819225585,13667.34286345909,1000.3350469306564,260.716728499914,490.13817781510147
0.0038684320628722094,0.7912020393880057,9887.46426168378,3988.8797921932783,245.86365305774416,2578.097632093356
0.012790859968262536,1.9433630001361952,5187.047748039806,5385.717462320915,221.80983888642834,2848.3959268599097
0.008033916545522362,11.011948711732265,17821.059818924197,1006.3858821109383,298.88847133832456,151.51526281542388
0.008097342497557513,0.9963225665283849,9819.02363973877,1002.612019799515,164.80666963756596,2310.6503362831336
0.010692829989950046,4.933718941354575,17783.580983553067,2005.2530612029161,323.978762300317,580.0162958105643
0.007843215247136796,1.9643892737798898,11678.826728242555,2029.81809443336,136.60719964915808,2151.6668062484187
0.015184318967133386,4.0304650957806185,4971.13883589896,1192.5058815554091,182.26057849761563,1339.123909367123
0.0061603471511312066,1.836696248197672,6859.074044859244,2688.3171578196875,252.92075772841315,1703.472301544328
0.013082175713700992,0.9476972757857647,2765.175609056304,1046.2885205840912,143.78960922509452,3943.7688038819006
0.012661329736376747,1.8193165376094969,7005.955674616491,638.361630772883,231.04190192775528,1490.5333895304798
0.008145104602742556,3.996368662555749,2988.0022454215027,1255.5602528095515,223.09848067247393,728.3146803064832
0.005876840142137327,4.052768133590895,17627.28794846786,3304.934715151266,77.82180119213696,1720.461050012051
0.007923634067742703,5.995839964874566,9881.650538662443,1039.727214139569,206.57760763494534,408.62245419201145
0.008145259107746761,1.9830934625690857,9691.5588099154,2020.7213925856695,262.7861066779249,1362.9333630851738
0.008012158567039285,1.5619943434603034,14650.423482555454,3190.2410470928266,328.7838144063153,1151.4192386954664
0.010214852536003845,1.9895651372893304,11568.571908717327,400.1622063115601,98.1863109221416,928.9074995636815
0.008128409829548832,0.9924566626958626,13780.257622620384,2014.3562699276463,85.66083320834048,3935.595830215393
0.010051338127327199,0.9901759536019339,3082.153530304312,155.56948775950886,31.08508069617338,1003.0548681468484
0.005729779035557788,1.9798684038469057,9676.845209494935,5019.809203624888,278.81993160006067,1754.6601104534082
0.010861994682443367,1.9933284683470185,13499.869426384861,2730.232332924584,241.27326693078743,2057.759720214932
0.01015134535551513,4.865158284234662,6970.571935332576,4114.930820876494,247.49299956222626,1464.3296635035827
0.00810363507882066,1.0135971324379414,6849.687193559241,3917.6888056581547,98.92069867412621,6250.667145884886
0.010001332850111741,1.0030221361255267,14011.088521489626,2050.027066765556,207.35928309948034,3158.820985884385
0.00814305480239017,5.398537391955722,11704.504341529713,1505.7113859665983,197.54395410821877,648.41280585541
0.01356593704589329,3.6302631892503725,17285.04858617256,2037.2134964470451,325.54488489510345,884.3543955082321
0.007760749760808289,2.0969159720203625,1480.0206706536146,915.9688212498346,135.5810628429284,1217.8495879689324
0.00998747475144387,1.0044633755296182,2323.1134573833197,270.97017653731433,49.86683484104402,1537.3720825749017
0.013071244698830359,2.0005796751285767,1887.237013275068,986.2572532204126,50.44886218837347,2562.528909604618
0.012864876579490057,0.9317430332450585,6765.20288827228,1413.6383721949828,226.3408318351279,2918.156365113735
0.008040530693438876,3.0377280561308218,6879.831462342473,3950.028646929785,183.67129544307178,2154.5903206196813
0.00810055627852473,5.123009072920453,12762.412511662667,1614.200173530521,176.4418343823797,707.9244912015909
0.008020412514022652,0.9964047947748336,9807.62119701889,1990.6879411049504,179.86163882632934,2723.557494027299
0.007927739004515601,2.999086123247735,14697.193092923537,3018.9836189538146,277.4465124771511,1112.895498732185
0.009863704144693834,0.9863679019998667,2831.2606859409248,361.90830586714833,57.431933737820366,1993.8761157040612
0.010817888978763084,5.754559208953279,11778.878176804208,1002.4599411329391,195.95833012941665,548.7770954294068
0.010677447568143825,2.9900734018913804,5886.754850768502,496.4521095378217,199.64739011571658,772.9509003763068
0.012815276592189517,0.9557747868595116,1428.253494548914,849.2455594737751,121.84471732548089,3454.343182247115
0.008077488610022809,2.531608496200188,9964.925080040215,2730.0030119252697,219.51999394865712,1562.5424844199179
0.005850376539851248,0.29559621488994625,101.66861746754489,17.781973768930932,12.102363539091819,196.23404881370737
0.015225137060424183,3.99439219409004,6410.0066982876315,1471.2621898287946,268.89251464876156,1013.561296526268
0.01318194659057405,3.6727659317672203,14070.309218638089,2076.27173952952,265.38287387252245,1082.3341377194831
0.012620139357308756,1.9373224768792325,10377.15072218326,3658.4747526508486,235.72385105526106,2690.48234919514
0.010187230026477824,3.8534977905734906,15630.384867339302,1935.0937530249914,308.1400186877946,733.1084709096046
0.013971642596100845,1.5263815441216728,12188.608308815861,999.3789167182911,311.9617423634026,1027.9415438310732
0.00791057519150559,1.560206789174721,2882.2010299577482,1595.1632683088185,101.5838141703668,3009.5124972398826
0.007984468000246124,0.39660195047118196,1018.8684462001552,4950.822758717585,87.5211557909846,7689.653953146533
0.009805238371657594,0.5939059976221315,3004.1458115239498,493.32390762541337,58.14684834502128,3920.5884671367676
0.008008539825569438,1.6120473378902571,4882.877262148045,1598.4254570806158,101.3590954792655,3068.0301597609723
0.008025616985904736,3.0049896280712503,17801.486615306032,2072.4659836954397,258.5998763821508,1020.3149136156926
0.009994443452033338,0.990842363001232,6874.094337745035,1445.1958452454364,202.17382665175327,2816.66404221605
0.010104634668738212,1.9743391663756173,18062.170974435012,3072.7091195231214,338.14548025686855,1221.251885031336
0.012709563273042582,3.62751654863223,7028.588414965118,5284.071187642057,239.69307387228272,1970.6488003557565
0.005789665484450359,5.973905041003264,17746.815129151582,3404.7443934768935,136.74661874177613,1093.244309600975
0.008127199296040463,11.072006579182904,13538.028115868912,1987.1667136994283,239.34972340589937,318.4473587475427
0.013493732569668149,3.646647496208727,3071.929408327909,1989.4818947409935,213.4713679002717,1503.814829761132
0.007999122182369728,6.03163793362157,6767.432044669606,499.7745305499946,142.72381791253906,342.32643560616367
0.012152976683454112,0.9963009505757497,919.4954301714594,98.48706013570119,87.3514015918111,582.1165705936767
0.015010625519684403,3.136012475494691,6487.013964897077,3041.1146098514464,270.14532075482805,1504.068733677169
0.007850701772363309,5.971679125968494,16232.837438464296,989.3984619456351,244.9194359005824,349.1279114795907
0.006120721149287635,0.7835157215783736,12557.271209937557,2718.7358047522775,281.28974756118464,2122.8218528639263
0.008052322851454147,3.013150257597185,17410.84473542629,997.5376738231691,205.69848099779668,697.9396665046876
0.010070282927369759,3.0025972354733734,17664.86556975981,1210.8291449907676,255.79642420294647,775.2637159019422
0.00807270426913366,1.012429214169448,6856.640150123426,2008.7046903177477,157.2172899192248,3300.567349245049
0.008156581476721285,2.4413603228405623,17984.779837646573,2748.396187075998,302.3467863865979,1267.1326131046073
0.007814434080675692,2.0907359223114557,2144.158762975387,520.3276743183867,110.61035338029569,984.4573433955388
0.008010075783154486,0.3923001846822745,2510.2406700500396,4903.888236460368,30.64300151488392,11507.096810061012
0.01001708880175694,0.9559823272170804,1860.0450576627247,1464.0217955277628,130.43712361589218,3996.554566498988
0.008006130587911787,5.070741253603427,14944.242702088803,2717.826835757478,322.340955834538,491.5749742829417
0.010676444192278745,0.9871880551570253,14616.94219239832,1533.721851013832,242.24456933292498,2114.7607925336524
0.008060308079873048,2.010355983423759,17729.12108825605,2812.902980318462,221.27451631860012,2169.562074804632
0.010299367461168095,2.4688780252684013,6977.043975937819,2802.2151558060737,166.8425743270024,2540.5861869776486
0.008022432238853312,10.92856012849642,13830.85847021646,2053.8752436227014,301.87927536515184,210.95949362711465
0.008279655713973938,1.9956743065490854,13840.436833629044,1512.974872443968,321.39223153376633,659.3339308439175
0.01008376497856901,1.2441751955613454,1949.59358643302,349.94821180722204,58.508380414275265,1508.7056089140892
0.012039434693077267,1.4263178593186037,297.4534325134084,410.4078699452571,105.97423773277352,1236.2589835666288
0.007871192639479385,3.4783568302049526,1004.2923663627336,1006.6987714639387,89.01725359703909,786.8904187011469
0.014005397617153347,1.2463941207210447,11158.426948637198,2057.512538581744,278.1398267903762,1932.0634922046438
0.005756298442017091,0.9969634330206216,17901.1589524827,1506.41954206789,139.32500361879255,2368.4371864607033
0.01424185513788486,1.5028575725964937,12122.237752354322,992.4690855609933,306.9976674518362,1020.9930198868611
0.0038597733258170573,0.7845542906602146,9873.461219466024,3909.842587482349,232.24397132007448,2704.1188802352744
0.0029818444832176447,0.513166326889992,7075.659312566213,1596.6472343330558,52.936633281831405,4084.673328611748
0.00790267195600063,0.9851634850264779,109.53221127202065,59.62724030712943,27.42483799655825,249.18341194884565
0.012632300894162176,0.906767124146191,7050.6161564053255,2732.707178038406,269.8561671602159,2519.394500052205
0.010061002524978447,3.0190946976874096,17543.967496608566,3194.0453096627357,338.86745631357957,1095.8988736367803
0.00799532808953543,2.9759577046014467,13787.25862350847,1016.9866004485158,120.6888065030901,935.1829505536632
0.010081530164090862,2.0109945411657533,13639.430677004188,2736.504005236406,128.9744183152229,3242.375652799032
0.005689817245095902,5.959698372104714,13736.870899543135,1508.3767452121187,235.25338310461,331.33741794667486
0.009813950617685993,2.054577289315036,1709.0344424663738,528.9627232055453,134.3325036782689,1174.7507582481537
0.005924864277761425,0.9829069520238576,1126.636274797937,528.4684547208877,58.73812814599638,1699.5939980386122
0.007986440732437122,1.7738100133332915,2998.878659270567,2027.3761823232674,144.00796472227614,2399.985705339128
0.008056905224053485,1.5649605199863612,14669.205060974771,3176.3334597324656,300.3867055611926,1587.205202388991
0.008032425248791214,1.576612098109621,17615.121428567498,2155.6850738608573,243.40204219421287,1851.1161802287108
0.01093300592201423,3.034123033231796,13942.861073386975,999.114077681693,283.53064532470376,651.3985055253472
0.006127051453433322,0.7836565312748887,9873.820028292499,1542.6223016547333,278.56547915460476,1913.2983236388125
0.01081075486094757,0.9781027864954902,17727.350705193567,2013.6373263107505,179.19692474073238,3491.4252357292835
0.012796409253236168,1.990680429039344,3623.3962213825075,387.2009493535828,35.39790565340738,1450.619756936836
0.005448654670096117,0.8661770854445643,7098.421087200586,3498.2799108811796,275.84623545138084,2545.9918398736436
0.011055642154078255,6.119916775962564,9868.541082207741,2302.589672750799,250.2875125942863,809.138938741924
0.012787317557551718,1.767924583997172,1985.154842200584,1108.874052851228,51.31424371081212,2968.431895000729
0.00803028049270576,1.0092592678886854,13587.470799524377,2009.7540882240733,325.0866325132949,1242.571066689179
0.010084732760994196,3.042395876597788,19402.55082517499,2706.627525766401,345.7224883101711,921.816301521091
0.008040798333102535,2.0266619838684052,5829.739507049264,2007.7643790529369,59.375494527031044,2939.1194758146557
0.008015884563342374,3.0109156987487187,17179.048236485676,1991.1239449998197,88.00735154145644,1898.3641171773263
0.007862553568932873,1.999179315642065,9849.794482416646,1994.5316345958877,77.71776011295431,2487.9170039315113
0.00804009069001943,2.503539425339471,2922.5874486160587,982.2129210998426,167.23671756357336,1180.5960477721742
0.007944773337314725,3.4312883695848058,12746.498344466392,995.9752291284585,164.3709934536305,730.4551101812685
0.0060421926744528105,0.7904686346624417,12741.91754696619,4929.447653166201,320.01779586631966,1840.7021613502416
0.007992171181285685,1.5592992927160878,7805.438988686075,2682.359156969739,248.232444710902,2111.7303102433225
0.01003239183679189,1.0160253057045734,14249.04903194223,975.0699970864227,199.10972881200726,1990.7793182131077
0.005778741356860635,1.9837801278604652,5894.937864182362,4889.476253191382,217.67146772936383,2375.5323034053768
0.008149986048416059,3.9850692288233662,15954.520556708061,1264.839980773694,333.7699882076896,320.85984748418434
0.010196791040698112,3.0177476526221336,19786.43194030237,1344.3428609520843,344.9098552589895,493.4734279616514
0.008045774758773327,0.7846143586337367,12774.044036763218,979.5587873368792,251.77327346316022,1664.3439728673043
0.005890534007244384,4.9300122216315705,17692.113352594268,3396.304986213561,322.9026233232593,569.0901736031639
0.007867679389122978,2.9949270818004616,9428.165502609403,2030.6813968746128,199.73787845541514,1326.240484560334
0.007949961254327408,4.985387954104176,12802.247745953828,2715.8271988221527,310.2680713571479,479.9764382091628
0.008151508506341122,1.9970559168987752,13788.318099424465,3267.378967329161,322.46703483667727,1036.4097966480783
0.008062029715168267,3.7251177680848646,3010.644388061918,1018.1802179939702,135.4569976182041,964.912056935084
0.007934895547447982,1.5818307239007936,9623.47472300233,3221.406107096647,281.1273086455275,1645.579805239403
0.00792074072158737,6.050603171139742,6957.669402990115,1508.4171520729824,184.1247747226604,692.9744278990391
0.008035950306015055,2.496668510325882,2958.0175779632686,1619.2435524984967,171.40715798415755,1574.4558667045083
0.007855464446086875,2.046606419572386,11829.761915862226,2008.4683365017675,96.90342573934689,2403.477887491085
0.01589390013046074,6.060827862016259,14714.061134776804,1012.6918281543053,289.1893768173046,463.1515157410623
0.0059817858268288995,0.9919308227345917,3027.6506553916956,3314.795342844933,89.5547450009549,4965.241986142202
0.0126299166826151,1.968458493957043,10438.91414947158,5435.144959054866,236.74311342476867,3508.233077407279
0.006207391082495658,0.9091318217920484,6990.0486912697725,2698.6475575604873,162.4209888724275,3880.248524198216
0.009729173674702158,2.0298900189541933,9735.008177604694,1973.9293083933724,147.89866742376725,2355.787152763391
0.009972099127841218,2.25870764890661,2410.7522575454873,1457.394431218537,142.0169195208438,2013.7862729566418
0.005018471798658257,2.574013318100853,9856.288547439774,3408.659369268903,254.03506066041209,1159.2262959417058
0.005769367102129803,1.0045171357327063,17603.92792402611,1496.9752312295304,118.09280637961712,2439.203184809249
0.008112300726207791,5.026272505291673,14408.578723971057,1606.445224334109,251.65859260596636,521.8573917994049
0.008046447138995366,1.545857719842228,14620.384239552808,4032.193731334011,254.67196564315034,2705.817385739494
0.006826900621447667,1.923833510723654,9916.727524636437,3346.8824068710323,298.64977069686825,1432.5821925440632
0.007993043139242227,0.9923991808577152,17759.012310132654,1985.8927603648738,266.93148384466997,2208.605642424296
0.0080341495521279,3.4722963788260457,14909.810230427103,1000.4469424656945,302.550101424257,386.7015323631118
0.007840679572871791,5.926901821699197,5010.556869243719,1501.1301127077068,166.86853323749224,720.39769710692
0.008011181209763725,2.987226407139157,11864.404782413616,2739.061854058333,281.0511968187846,965.6939312657702
0.009933127677499522,2.2515190027329757,2474.433649932615,1432.1339545245062,139.5519690488775,2020.24974632803
0.010149480543834981,2.967507289399942,20316.034681645142,1266.6500284522738,264.7755738397896,804.0496874785624
0.012867728980116682,0.9676181346984505,2375.217751551427,202.9410548961729,49.83953167984169,1461.3131947299944
0.008027503476224246,0.7815024361052378,7797.160436535964,1627.453590447293,208.06274937895995,3034.1898941653576
0.00818910303059356,0.9950515481375557,9715.374788731646,2030.1677714507114,136.65069248092533,3405.9325161864504
0.013304214332371719,3.6540630766108966,15301.033486422604,2009.0914232473049,297.97069867495395,966.4948308231191
0.008171826592230673,5.357329916894475,19592.842536912394,2330.7248096116728,293.46047480629875,679.6754905784087
0.005820488772537962,1.9994271357434104,9737.37017879895,4945.7796078839265,177.82169188348777,2553.9218340234966
0.010854367867182762,0.8619803748666026,7182.924796707366,1018.7720856156706,248.06762613906113,2763.675993982715
0.010095976747785788,4.994430761335266,9938.730968333684,4301.892707015001,297.90954167339373,1156.3455665867539
0.0082116067332601,1.993472439043066,2970.8189488222824,2008.9938616171526,136.10850215067015,2612.707370751949
0.008177829051029656,2.43644813397604,14713.346858320934,990.1300199853049,293.51975053263675,557.695277345984
0.0060929214258443574,1.0152424356245435,3045.920398806565,1721.2470669018157,56.05330286154132,4225.360672866941
0.00929517283665739,2.4128611861023646,119.06039515466281,117.64189121547605,96.09417500183788,230.0935608952189
0.008019771530043325,1.9792510878171632,11658.610383351599,1471.4514619692507,259.51324314781607,1080.9322996041208
0.007935938916772047,3.4932878686841593,14956.323193432776,1991.5369299958409,255.51344052779913,853.7060327450212
0.010513322052695125,3.9668297188515558,14647.656276862928,2753.4875913275223,279.1999339575917,1018.8522968941605
0.010760643927775912,1.0144791256656818,11761.508273746787,2708.063629528839,220.72550713684188,3769.145316204306
0.009929331470400505,2.922914558291649,13630.318873525242,1155.1153651789439,232.40876361993952,833.5337484200177
0.013812307173738146,0.9943642606891007,11154.923334069157,2675.7025758536947,287.4433948107249,2426.43915606131
0.010618830842224201,0.7497505161101761,6957.963553827037,1445.3001595334972,133.26593050040813,4287.647676026673
0.009954796638317408,3.0010566435885258,13811.670585873484,1881.3568746804315,249.2510656805683,1048.340169919904
0.007935583599410417,0.7445295438146781,3026.896624073607,3015.785879568624,171.5310553583687,4582.586314360196
0.003919467409492811,1.0397700087736832,1316.420884795218,1139.270612726753,58.88367329708325,1799.3388525370553
0.006014786347684508,1.4975728686250547,303.90303514528847,152.4306257713706,29.279976451509473,324.21021948197176
0.008065082562487018,2.9859651029925973,9753.80593593645,1984.499679906591,134.8146107935198,1667.0463018242656
0.0060275733158356975,0.7921966975283143,7796.911610466754,2223.307927178627,285.4632940826037,2182.959797453288
0.007862114482775065,3.004470633193769,18021.664245225205,4004.131277667737,298.071814206618,1633.21229182916
0.010041358708981506,2.0210581763056457,3088.5449776356877,1000.4460993875856,120.60845335020322,2042.705770366744
0.010108471197679419,1.4775849869618565,6973.171467844893,1775.3224086051105,193.81186278969102,2503.7467812522227
0.00803491974214744,0.9966990574781305,9739.505680919909,3972.933923719753,240.26813265039286,3137.9305009853633
0.010808469663059633,2.032324645888595,17884.716460465053,2000.9441142690487,306.2171230163325,1342.2343632302616
0.01139575018238265,1.7168273557917626,7154.584903325239,1013.1853557049575,211.92679021489064,2192.7228543265087
0.008011111212846141,0.9974753982127816,9659.3157869214,1926.2757103438837,226.25515344615516,2533.9591022741747
0.007948199789839488,1.0055884787052083,13646.650357892424,4049.881742015262,281.85295713176527,3170.9724424623723
0.00800707538994344,1.5775043774592565,14684.077001770791,3215.7883955758716,218.34470261913287,2656.7021889712078
0.010844569997012846,0.9962224911759969,13830.919963076938,1962.7142926577492,118.48337948298371,4353.271299489008
0.008043038885322925,2.4247142397919617,12811.958855406938,1571.9041155386387,88.19094374328161,1726.2391895446494
0.009981553834145345,3.0047041917250734,12054.634466102805,4238.865516494855,304.6360249217822,1246.9586130899104
0.009875823836238294,0.999933599898528,13755.098048500873,800.1189057473156,190.46777693886852,1849.7569388389777
0.005856359667727651,3.2258627015821406,6888.459688406923,1132.7038615364527,274.6500196597291,610.191282781152
0.014893334321359367,5.916369339711066,11961.027110304118,2119.459543376282,294.15868543098736,709.6706469041574
0.015189869260460788,3.2300819107060414,4964.495948589591,2266.805848460242,231.14078565597723,1932.6074221282838
0.00805477287991078,3.0136903286008834,6810.08385114365,1934.1806100743731,219.23919814242254,1333.8578905153981
0.008071118404348892,10.873922520207607,17523.034918981524,1497.738575267984,320.07792078146616,201.72528961992444
0.010207419499162982,3.7318581814784153,6886.589487818801,2857.4455808630705,242.13135098210338,1475.4697647154476
0.009956720220127101,2.2363075985570435,2879.6049692665324,182.43689084897193,48.17034104411681,487.5228719670598
0.009484365872337504,1.848523276301962,11064.309333840782,342.9979955713453,257.5367113472215,600.3703706929651
0.004017718352944856,2.0812804983010804,1191.2014675777448,1317.6459292020609,61.605446581829135,1012.5401506739083
0.011190954035923418,5.946299412724017,12816.222715610382,2594.502809532561,310.25374887414637,552.1237862785329
0.009877509290911496,2.0228577276860666,14356.027656485137,2476.0704208557877,130.02244614482737,3052.984745024332
0.007958513375717817,0.9992188111108319,9943.370603609204,500.1343254500528,233.6505708006993,1351.8940009317785
0.008071891905683066,1.5571629379861758,14748.701014317925,1606.9260859265805,186.62909120054988,1776.0211680143127
0.009908260969964335,2.228340403525778,2588.094219053294,189.6926859987205,52.157344406575504,513.8673744494324
0.01304926436865818,2.511286131073721,3251.480803463065,503.40692977576964,40.896623490560586,1431.1115867732906
0.00811788205596597,0.7898346914775929,5024.155742867785,5102.077778775096,227.08327390165545,3717.041989753554
0.008012234162623333,1.0149008593596693,9751.353480004322,3982.8823545023442,245.2020028711183,3081.1766389792406
0.010683291545094531,0.8633980234292935,7054.64998394586,676.2999674853285,277.1224817546784,2317.4690215451515
0.010937195134818944,3.0349693749915327,9808.892426254808,1988.33078503311,220.0688266975635,1454.1256761475058
0.005805582837650565,4.02117629863143,11858.968729000067,4962.526896754089,157.25632861591163,1665.0260983923206
0.003915119212826067,1.4917624222106258,5110.0300540644575,2780.2287132383226,68.04000345168967,2846.7657582776956
0.007966113926892084,0.7787667316341857,12962.407339044055,1611.6598783882105,234.91513590592598,2419.702757012763
0.005735253965019496,3.955748878772318,15086.777594777896,1483.0028626009628,97.38627618222382,836.8171185043733
0.006047738068298573,0.7947601940573134,7988.755838439874,2680.019769365981,222.84586540292364,3057.6433997627
0.010698773165180588,5.005236461543545,6918.687329887273,992.5579091755603,177.988572988602,812.7800540793867
0.009968159065376984,1.9738556399600906,2078.2988811474224,3133.26525024367,59.96730840003089,4057.452143601496
0.005097435153673948,2.6110435006319164,17622.394546941636,4461.802091398105,242.80969334712415,1751.5137955652485
0.010041897974583297,2.9950496314057276,12179.968228669528,405.4195533514406,300.145095076753,377.81588035169233
0.008242461951588044,5.402369828888262,13589.523584227329,1504.7864315422762,229.7923147871569,557.7624591537678
0.010114491676824,1.978024694312038,6975.626878880232,4355.942977974451,178.6372477907261,3283.4612642471748
0.009898978128104566,2.003164490202786,13987.497379998995,2259.4724006960123,124.10767367902957,2853.279430943732
0.008146318839416288,2.0220475211919413,1026.807096393097,499.72870224995296,159.8932198236549,735.1820072523667
0.010886209705650051,6.00133012680372,18062.841285948743,1005.3224636370383,282.85512049120354,336.866559622521
0.007782253472313629,5.951077343607076,17875.63267549004,995.5525780782826,256.65336605587225,327.31622726339936
0.008121440486284163,5.9029456086679115,12003.367809282112,2504.8218719204665,222.64295314439198,753.9257825853714
0.01081025788597608,6.010839931724655,11713.516897558207,1525.6902375509526,197.1963781173192,724.7998354112756
0.006976257211345978,0.5584484299378882,5134.716501697791,3481.676145343463,217.24951350828292,4687.697810302788
0.010022136577754089,2.461756882779169,7898.3821527111495,858.466072112553,128.4398256091692,1490.5336204151886
0.007962990613599391,1.0110009491902419,14771.554311610707,3500.9076549902256,291.9719810411474,2496.287979723356
0.014801376616319797,3.193873074366899,6370.124323197582,2989.12905610222,224.58436592841423,1867.030594013934
0.006073607162439076,0.7807013786810172,12764.397716952137,3165.1896211872995,218.92495758106278,3356.942233345466
0.010593151405917023,2.9989904589050296,11650.240188174812,497.42470345972185,240.2755870647471,549.613460390672
0.005802613199313867,5.0866070621015345,6793.833470808293,1500.392419797457,182.2761966986622,634.3735303105378
0.00793726157977454,0.9969221101851229,17898.341397047843,1974.4299715971724,144.63134367149524,3578.6330823552576
0.005898179760958965,4.045203523945971,15607.973529087702,3335.437828836089,303.8053270781445,733.1914781748745
0.012886069345796426,0.9664558977314535,2334.137704604731,756.7146390659922,121.47222843716985,3459.837020809138
0.007975653076279341,0.9743982771998209,17956.064529812742,3984.4221275497516,178.09392640795514,5617.43438084342
0.012909037517239652,4.991911417985805,6909.353502297457,961.743129821207,219.4384181365348,861.7496100293729
0.008156613107025503,0.9961205764754054,12034.537610788235,1993.695657302226,311.4777074025677,1392.0719759265069
0.003965322006078118,2.1057568104676974,931.8145022891626,1422.9103068578963,27.28126705539157,974.8375995934219
0.010938315907605772,6.058358443855609,12637.25159989091,1617.2377434131552,292.5938330711332,427.06785133004536
0.01010935241744207,2.012090742666475,8424.859144048996,384.96964011718865,88.93179186225773,999.8880402762547
0.009522749954739215,3.0230990130293693,6914.719390461281,2044.31936980103,274.8869143784832,1196.591115089636
0.009919488821531697,3.0201387999307543,11974.526614125129,322.8671135863111,223.9028414814679,419.2984930648439
0.007954478981592478,1.56516647252477,4855.359799653665,2219.670742840615,168.28016789285823,2987.042670853526
0.013263597512669702,2.9828026340593135,1971.9210297386592,409.02743882779754,45.81453487781881,978.9298660225251
0.007885809262474801,2.9884197963117693,9933.990454819183,1010.328782449342,243.49926331137138,735.1985621985266
0.007987722409519537,0.9937757811608737,9747.485326630258,991.7681990560479,237.17578162298588,1855.5911887641632
0.010837974253878783,5.761273021273515,13774.97269399095,999.4148624650421,229.02185196064278,484.99631824802594
0.011487414362351801,1.85667738558112,10370.162114850003,3327.2117920218307,287.5325647857879,1548.0707773242148
0.009786888179358067,0.9976530773432722,7185.305550482807,1950.4527189929609,121.28924785144022,4232.676779273512
0.015105658518352634,1.6571521627032488,5058.523885807403,2101.950652043985,263.7795837495049,508.0383689616839
0.00812922094719048,1.5724734296618708,9757.453701551873,2217.2407569555216,124.48553667635753,2809.080485916884
0.009928039615305456,2.4866052109395658,5139.045628543495,1177.980078627406,94.06861347108388,1995.8458750280813
0.008116736373087078,5.911701689536687,13696.56605504306,2019.2950719958865,153.96846401490103,799.3231054306463
0.013057881021779114,1.5068457075886756,3226.5884783447336,293.40322950826777,29.685024063233815,1501.962855298834
0.009916624211900123,0.9637463433515641,3071.6197120284114,397.90397154149565,62.378479942662544,2156.7241627046324
0.008057631265844493,1.0116538365326568,9870.882088942359,2049.463496044916,301.7947287871054,1761.584296437168
0.010921994527661271,6.078818378739354,14711.33396381151,2209.6449050105653,271.9436258812692,678.9632569438415
0.008011608833155034,10.947139982802401,6683.385332801805,1015.3360311632017,180.1316504842823,316.8673224017799
0.007780839884783494,3.035090191422414,17043.250733057135,1953.9710420520848,320.0304019423958,701.0291884808217
0.01008165884330628,0.9957516206860342,3208.415011698362,361.6118068370261,55.683426963333496,1983.5668893512589
0.009956315836793753,1.9679771298171165,15518.341155568594,673.3161106217998,194.95704639888982,942.1387362016019
0.008014529791431253,2.9823555727703592,13669.753132839563,3293.002125606902,282.7126301755433,1169.2079357297703
0.00992180072806731,0.6042871183535854,1056.562401918973,246.2384510768009,40.747948168762115,1998.3978430822087
0.010081339139733622,3.0209773376597937,14028.372901162928,985.525870317746,230.00470108028753,775.9274518658162
0.010997649592787397,5.9946707635587595,12621.646512051831,1030.780489553186,138.5100003499707,648.2976725804021
0.015175173849739909,3.2116417273195106,6380.030449946972,1537.3100650780177,217.32341875265178,1480.0730287386298
0.007830875295108177,4.99100188044844,12817.670723543877,1601.6363769505122,254.1835041021858,519.839257233221
0.007953530717962787,1.4028198473453803,300.120155616156,58.98810424200493,25.761802545964752,176.5907830984419
0.007963884222871287,2.005588082589762,9981.53967894729,2809.040365799524,239.01716377873765,1726.9532022754363
0.008138036846453645,1.9892244881611922,6955.186918104349,3019.6669104763846,188.07388259217893,2561.9684533232635
0.008104105181800866,5.941985188345639,9744.33113670444,3967.314608731742,252.56578738532843,1047.5011740195232
0.005872076038360675,2.4270064646725897,6683.19446681463,2221.721641521627,269.07768193182807,1072.8673045337514
0.010742211733651696,2.980660960408147,5723.798128842278,1021.1690577888951,218.97124553652918,1173.3193871072037
0.008212016719698264,5.3303822290849086,17595.104339530193,2238.5124481291678,299.631710484933,580.8606893341774
0.008055771027346108,1.6418630339196776,15798.849190447067,2902.0010654155503,235.17510297964472,2369.7487530338954
0.00793821571591345,0.4037730731634966,3037.5103912859136,4906.2761789179085,100.97649651636009,9714.09360835026
0.007900096444403584,0.9863695015835604,9572.725721963927,1982.5982217579951,83.97056019722392,4392.980758122827
0.010771480338866893,5.965710436409415,17639.481986602157,2183.1691536889784,251.95947277819127,877.8849704288625
0.008032758081144366,1.5565908579118897,9721.971226026713,3120.664509612337,253.06059518695727,1964.7034321785889
0.008030407630620127,2.985327325664923,6842.8833934707545,759.0618577023207,184.71701155617413,916.659890861431
0.007811607872957089,3.024647092387588,13766.216194062521,1047.0020580637254,245.57852616509152,654.8057728387562
0.012927948839459271,0.961862609567143,1969.9981110910785,773.1848208013869,127.48698045960391,3502.0287034405746
0.009406268637377903,2.0115878260363633,7056.843251018751,2013.533044687708,280.53693150989,1651.0746937023982
0.010012860646323089,0.9875927256455561,16106.081531689675,369.0827012338259,100.04548176258352,1420.8228550594706
0.005872213912455822,0.985562802422575,5936.701129177265,3291.704091608854,99.4931822063637,4519.827444681463
0.007997936940181822,2.53119828405288,7816.931538304669,1556.6338053434536,220.11778954354617,1298.235514021967
0.014825485645884,5.933997559631162,11751.413218656906,785.6474577927075,280.7483497786657,401.0662329196921
0.007992266191857058,1.5475244323498474,7798.413203756096,2195.244378198994,232.92049939277592,2130.0130523609273
0.010019715057504607,0.9926721062011955,9966.872545316024,1026.7438587930608,114.21220234997982,3145.1201799300447
0.010732840481133476,6.063823349960914,11836.261896198026,2010.5144908270372,256.9233601671753,661.9272203174105
0.005903832473319697,0.2981951455781919,101.45455708863166,55.36330071532436,11.352441300844074,644.5631165099384
0.007894396957354846,5.973448568606729,14908.997688648276,1995.3509911327542,97.14465558298755,927.1217394935159
0.007944109173500108,1.9859095303720693,7882.825556764582,1438.7920783763393,239.25137221774742,1455.3007743954636
0.008138483142704126,2.9893047025555495,3004.3095469282707,1974.3356140283765,227.42407006258392,1206.5435742246011
0.010069684042071534,0.9881688342087855,2896.0045776064026,707.0636294016446,103.62408675216568,2966.5895645664755
0.010051613702638199,0.9817214738759928,1716.137234226107,282.5919675068661,55.08540985429416,1500.5815629315414
0.015076491280026525,3.9223854208958207,4993.597962418916,1080.769063539532,247.38584810281623,1097.0469137246548
0.012945426795178721,1.5270833278088707,2972.324455813496,1242.3724322861717,48.96909555673487,3659.027696596927
0.007963292393189544,6.029030980718303,13802.080509850884,2013.1229622184076,102.16729867153757,922.6260728932339
0.008009039196067954,2.9569330582186573,9756.37665550938,512.1349974739954,136.25190288109138,667.5663941831909
0.008026558131050143,1.5981681952949098,107.22871162100641,99.16916307373454,69.96241914473137,248.8717531261674
0.010801575011789011,1.9920938865679987,6843.575085444593,2718.6060484108834,262.42346075925775,1998.798228121914
0.007679757073408897,7.0265571251006245,17352.571866700433,1933.3562605290754,157.0027718286647,700.7898743783559
0.004786018363292069,1.7079749745821249,13608.49197226878,2685.949632407128,275.3030623372192,1187.613996729199
0.010733656405675668,6.0784487770418,8044.117564684326,1539.3517275886184,220.7403599703728,755.8239015870124
0.00995073556790084,0.9867170991659759,15783.19139693426,907.8403865054594,186.53382464496053,2016.5374009109569
0.009848074631130051,2.014288101902263,12135.821711234741,297.0215505766715,110.00587934000072,758.1217551783412
0.008251026891455312,2.9899890523287005,14125.810379911354,248.23824561614686,239.61872018567536,266.44484090779565
0.009750370675915627,2.0601852768543982,935.0448943866564,335.9205268162207,124.08238007696383,759.2297372726241
0.008043596097235239,0.999214817354889,17597.48836766317,3990.200985290913,139.82786881576106,6431.482708272484
0.007937424081801103,3.0298949185801805,9937.80097112069,1994.3369960085413,208.37220383434573,1301.5500628516118
0.008006652943848865,1.5915255841616063,12812.330154579942,2222.8130757783265,167.57411508928587,2455.7018157820125
0.008188446491172839,5.399194723119073,11778.225101905997,1008.0397639816257,291.5065180926222,277.27525977266265
0.005783510400221996,3.073540920976979,13424.875093252012,5105.823420396228,239.07751142486097,1736.8826176380517
0.008087709595788457,5.0143327269138,5062.283859096422,1980.5437245532537,167.60112689423553,1052.6409529747054
0.00793632766602214,0.7819099017439194,9738.328402383499,1579.2036739594437,126.05109693581238,3839.514707488227
0.009958807229150142,1.2368215714765496,2382.216095268824,496.361452940929,78.4606113854154,2006.64804784557
0.007973192774821922,1.9726853399468418,5854.565772077475,986.6447072424686,60.5084954391045,2005.4225776483663
0.00798055117282334,2.995955093139885,17453.399130496182,3303.30993871764,322.84816437193217,1104.4314631246937
0.005857170839694529,6.0559731880736045,15577.317353640474,1509.6464576796193,317.8385690996428,221.83641928317087
0.008063369396847077,3.029992090765711,9939.41010688168,779.7793057402924,212.92273665147914,752.6069563876241
0.007949439697051423,0.7886987839075758,7931.040648349202,2248.102745992509,226.42205857324345,3088.745043162375
0.009731283206604602,3.0994444244928436,1020.4682084561272,774.198422570343,137.45443821374784,910.834445980867
0.005121702851765066,2.6436050413896517,9774.634024010562,2976.642748641319,243.08438930642043,1164.8498032991965
0.007895795485383827,0.24683527313542233,11711.598148030314,2010.042075154254,137.76105191070394,7309.103240787713
0.005992608489459381,0.7997153947328487,14795.274807245076,2207.6418969557785,226.3509250521984,2495.347379597472
0.009465456116034821,1.856570034775653,15150.72861121125,663.6914348093479,310.8163765770265,555.8208992359616
0.009995509527488957,1.5118935426702744,2167.7968525336737,707.7801719126227,101.01562609100561,1976.5718572062567
0.007580400659227214,3.8220322317226305,17683.438269803304,5976.900507754943,253.51062080121747,2050.6654758824534
0.01035328645717129,1.7616565347692115,13907.29602547624,1765.824004071318,316.89338333793575,986.3048926096492
0.00802357974018986,3.6788257142059164,18146.725941027322,996.246349840234,258.22859411508153,488.70142835879267
0.010182538928216675,3.0090094371826344,15513.655803488879,4974.76354795769,322.38158136091886,1679.8871273926375
0.010279801671493002,2.4373246228246925,7015.6234249516065,6884.586688930012,239.17058020617205,2489.6589535940047
0.008098517288139326,0.7956275163531427,12734.921304702577,984.7838571645634,148.67270231582552,2394.722841300032
0.009973984963338192,1.7179794696774324,2662.609203387465,147.32226904835574,43.22555156424873,515.5150952600097
0.015057903311819191,2.268170795431956,4998.00426962943,2238.5075240865094,215.07727850109202,2305.500719009275
0.00807029990215769,0.39438002676098777,2478.073515269283,4776.574755976136,92.25392606304112,9158.329055104556
0.012891683824699782,1.988068852177132,1773.844768816859,1003.0620159048428,50.37133298128063,2548.15766287332
0.008330692959450525,0.595210305117531,7850.244895962633,1638.8359338005232,77.7348302974903,5939.21590891714
0.008101131206487349,5.403500333565477,17484.886266313977,1498.4274993736294,295.2136901347178,388.9291525973564
0.009958517099343728,5.0239159321711,16095.58517384538,3616.242039528946,327.8507859669862,817.03157409373
0.007724335524228077,2.970658787758809,17750.5256951177,1032.8050674476347,80.78949313307467,1045.826547841385
0.0110579362651355,6.07389767403672,17678.130579317636,1534.7710582328386,292.0784015761836,488.0588250444265
0.00988505534134604,1.5055699202408666,2384.554036435041,264.96540971940345,50.901694854509145,1008.3839139905406
0.010305024076285708,4.839776719018874,6931.09927675257,1215.2625912401,273.5426451139423,646.3470828969594
0.007970095271480473,2.9648208340598274,18136.058764794936,2973.0163858296683,256.95352775283504,1532.4349307095133
0.005743815835294183,0.6264742763207996,3449.4322737595726,5166.103830321699,94.3629045320415,7238.66065762659
0.00790706986260395,2.9896250865357272,14676.603346324067,1989.5039201939935,198.17266148270795,1146.8071534187002
0.010249397533161833,3.631007784097196,6904.8003311394195,4200.9923874239275,166.13898813765823,2287.2889293585163
0.010358672157339857,3.607993212621933,6945.531214681204,2828.4120060088717,130.62815323544524,2118.802893977238
0.009974226932011885,3.0579906378450175,13595.494408356704,3720.126036276944,319.30231806693297,1209.9552651170463
0.008076162855374632,1.5797235850967324,7777.922559946794,3212.309520525468,227.51998243254778,2408.272170243779
0.009905750868742888,1.2420659115626274,1801.6811602363289,352.3421891243296,58.16171894273868,1542.5881499728112
0.006050211567049329,0.7865955044187424,14491.898581854139,3221.771308774043,311.30335962654976,1900.2603594297047
0.013218236194270715,0.963454545919537,2544.437783915194,1017.6398579562834,142.9581272579616,3984.886892785571
0.007760552870841285,2.089226008012067,2666.808479833916,493.20891231734726,109.87856161099856,946.9717595168959
0.007966942705065998,3.01512923615409,13820.48476103228,1960.6433869042708,157.2837024613224,1395.6742744101532
0.008056737621200825,0.23821962328186133,517.3807518709444,3775.3819549713116,75.46774644337705,7652.231500115442
0.008142732193096695,3.696234499001468,9954.2500331714,5015.391055976135,210.380457256529,1813.0744493125678
0.00796257434823358,0.9933261985493186,6878.683944969958,492.70920062443275,144.05977296959418,1778.3557841528695
0.008068806350881686,4.9909760170048205,4906.9006897198,4041.6875994308366,160.95793067695647,1636.187273213562
0.008064478215362582,2.489047584382075,14616.289726600151,2202.636516061092,274.6973549887651,1072.7246159734361
0.007865333444257902,1.0055286483459194,9733.158379290433,1980.5522604692915,210.00522458189866,2619.055542891352
0.005924115754031785,0.7951047967051833,7872.376126798897,5008.53729540938,268.90745781915626,2567.3192228163293
0.007917100979324713,6.073003340321574,13847.798460456863,2031.4722449556095,66.4736428345135,955.9255011434796
0.005708044917782038,2.9689357906033402,19453.647626267106,1486.272713232896,197.5930137805419,765.8699912305271
0.008089275717273609,3.03465295244856,17830.22949249486,3945.0409551201938,269.6152657106415,1789.0886053551142
0.009563650600534946,1.8356040334710846,13689.657462688901,678.1226784152807,308.6695044784307,596.1086322741756
0.008105684924849692,0.3969221106568426,180.50558064097442,4799.176598074716,32.7110244989154,7122.203753160915
0.0039056039329620953,2.081607387814363,2104.80110115086,709.1641811983183,57.63593007485092,775.7072875961596
0.007798594695127655,2.9729770620084195,6955.762656034499,1963.9047583380398,273.14509380132625,1047.8513786227954
0.005780597088364517,4.0186836755443585,14627.50301376422,3383.33361548227,199.33192997668417,1174.4337927350584
0.014872378511927162,5.411074882369615,6932.045392034654,1325.0737462490802,201.38403714342581,1138.8834893874289
0.005805034169673109,4.041276401580214,13924.281564635201,3309.998853777549,56.21134990815402,1750.556992619694
0.00583094056402718,5.969990791084057,13802.988597716,5003.54865068513,156.56497154760618,1261.3562939684389
0.013479731510064189,3.654392133846172,1729.3383157373341,2061.0955122833693,184.6839880815814,1387.3396212652485
0.01019681855193225,2.5176399365647804,2683.867392739027,314.30096457305945,53.705232796607795,751.2438636574396
0.009239184058109858,2.4327670409609317,113.90012677209162,92.22595519370665,61.694260463099724,201.14165126483664
0.012676185316714739,0.9809969871373735,2003.6526127713705,1114.1505334699116,144.17401560357956,3966.14272792196
0.015432318257096131,1.6113396625158607,5005.728406384432,2210.2638045547556,264.89765741083164,563.0765566754665
0.007979031251463738,2.434392049289909,14797.8091649872,2197.5304088841685,255.19495220288204,1233.7339038136054
0.010741339245240348,4.066890082142949,13781.956479252234,1496.651571219713,219.2272596110819,846.5318522989892
0.010116819808479059,4.935621982226552,13784.392930325055,329.93396406542763,313.9962348407788,167.7659224672044
0.010020023771859373,2.2780021137267057,2801.0450278635058,406.54733613566043,65.56019891557193,1000.9546316945869
0.005724868432427176,1.9959999454856252,17740.778214599857,1494.820697567424,239.19259417983085,931.0611417030774
0.010129278049434748,1.506140637528721,6965.167580882915,666.7644160986576,76.42606483016104,2048.891588259883
0.008149422221642208,0.7940436666012521,7716.930722626074,956.8666776867526,204.2416670521642,2579.225366994151
0.010158798010961744,5.034125693947459,16016.903832780583,1608.7012541335505,318.8812625822744,399.9907016884202
0.005810272782719738,3.013020154384703,11840.907191534327,3344.2732710109312,135.09220651783838,1668.7253707070631
0.013276884553355945,2.985713395535195,1622.1105392236518,440.91824099234213,43.637836421687524,966.5910125174051
0.007858464359293193,0.9905116623057263,13986.578785578684,1036.5166025960061,139.44841880195855,2099.9839360671144
0.00802096968917653,2.476445733639693,9711.146874315875,2203.0279690240704,260.76710690115954,1239.1902424867078
0.008022624291637317,1.586183857937666,17742.75126074702,1000.1867006164898,173.51089031889668,1254.0102125860983
0.009859259845190297,1.2247030615399304,2763.5809647458373,337.0349392497401,56.26058468118324,1535.6812881303854
0.010649723767850434,2.979781427335505,5861.931955270136,1499.500705164295,243.93836411966174,1342.717433585076
0.008009796990424922,3.033581969310936,9684.278566738409,1961.3845959147995,57.901019504849124,1878.792835897382
0.008042297035478556,6.042176245139408,9984.954291344939,1966.4018150042857,160.6837408520844,821.8250638246918
0.007846954517967745,0.24738627676696542,14819.974842024714,1010.4766524810291,241.98462277799757,3373.1384823654344
0.008107224089411936,2.960433488206097,9791.164329591656,1002.608916273042,211.49021713370675,851.3697387808511
0.009878531904267157,1.9667675372273137,11936.664521100103,643.326487735271,101.55985091998922,1289.0053137272082
0.010000087927556012,1.0027045446010854,9872.862796783977,1214.9744323514803,121.24357230321357,3576.909541708224
0.010371631859603369,3.7820130876061238,19494.870478485474,2271.8907158506786,267.2499738544189,1097.4467272791696
0.010128178392732634,1.9934934429810256,13847.941504928913,689.3253738199242,104.2085934703313,1275.2744264281635
0.005796585039242855,3.9541339643855213,13834.581718188729,3362.775716495884,220.01186920614435,1074.7294795438604
0.007679077055729883,6.984333822433653,17721.355462397743,1495.3968148057218,118.31535364210289,625.9003969460214
0.005774359621161126,1.0050446408191265,5930.655683109166,3353.2821255849294,161.36136365043265,3708.0716728860257
0.007984799418687058,3.0241651785648727,13591.358445745298,1459.5045417223987,261.2523480374537,735.1732931503667
0.009856244064856938,1.9864368704607915,1673.378876380352,716.1310149890718,89.53691911667316,1488.0975423370442
0.010469766493195034,3.796281478444959,14698.06911486117,1375.8614369883235,147.20672195099039,1077.482602847092
0.007926419228042849,0.7974591813450305,12981.152819897889,984.1999724022378,220.21651284023042,1876.1110897323642
0.008049360111988785,5.408812338690628,19722.419456167743,2322.3765403026005,262.84275923996375,766.6150660977466
0.010912765637542407,3.009544038593947,6847.1774775376525,1488.5774727778712,281.7529037012374,1086.3566242616453
0.00588399758850728,3.0192729726633525,17839.873192806517,3325.4973995137866,55.24664098134228,2411.9836885207533
0.006018663521858555,1.009374794532278,4001.7624117632377,1521.7876509263922,56.128454910538956,4007.1474903658177
0.0059367989050466054,0.4023176872367605,7739.983019588106,3393.5161786751996,198.86581347326424,5527.886549865725
0.007958107889947228,0.4972506028910462,11787.029047070839,3322.874930794217,273.1587550548411,3693.9076480589497
0.008097710344486997,2.946291983970955,13814.676544245598,1002.3139644596291,200.38179558426367,734.3114964580469
0.007735563344940644,1.5811686428733691,2951.4787143824083,1007.802715218338,174.3669981600579,1885.8774419577721
0.003822186798498089,0.7944491305337464,7772.478533929857,7374.359836442207,181.0047527133257,5368.793488065099
0.012845461584335057,1.9334326347771698,5137.429295578939,1892.2094147293858,255.52376486380965,2242.7972803380253
0.00922588825841297,1.2129271245438296,136.89749797161411,162.7120093356735,26.29358939675249,699.958049325994
0.010053055777595308,0.5923142802327593,1248.8057786504799,634.5393951881945,70.02716369259478,3942.1044678410817
0.010013158335908625,2.406962943092192,6782.8233601035,6815.702059614118,213.88081523088968,2890.552580957926
0.005730707474915671,5.073092568476482,19819.720274136456,3321.8657181538383,258.8160651572064,873.7264499939411
0.005910955351340195,1.0031244498417056,6798.477158692175,1500.4230494195872,199.4511079458502,2502.265262294037
0.007897052831201823,5.906325348089021,14899.377177659204,1487.460177784883,329.86076655473204,246.51910209320178
0.013879249303654626,1.542836511678612,12417.14512993335,1631.0542145455902,310.8287718932849,1199.3541754928626
0.007985469856984756,5.967906276953164,9786.546325749518,995.8262929716782,254.0825759478092,341.48851893244296
0.007894965724584492,5.996050720638491,9673.399022977701,4052.7867969137974,240.39658515193435,1034.0227936863212
0.007891413087069478,0.99005568875902,13701.661661504048,1070.7129746146243,157.3976516844231,2097.4540775355395
0.007799223712633667,2.59900430878955,14813.991870687165,3466.8239823030876,265.93330430706453,1546.8481820211307
0.010696411570829666,5.0609079968534765,7798.000898038117,999.3456554403037,201.12164945688022,758.5282074683431
0.007972565228930138,2.986821861203429,7205.782395243375,2008.0230709238374,227.74653962734416,1238.1559711256068
0.005894877077777769,0.9973773066108503,13551.719052287566,1489.3938882778446,239.67174714322965,1589.627512787625
0.010891872385585331,6.114059124301093,17422.60724757551,996.3891285168395,299.12241678509383,305.66421338469877
0.01013073929329304,4.989438124371527,17844.522105269047,1189.2702504207853,339.7377320617183,301.5047189398876
0.007900103871959755,1.0035318422180193,17869.94822899817,494.3549711604411,157.82241209368425,1162.301688198581
0.008142406527310653,5.027781706084704,17985.168317546562,2681.2874300801827,303.55748222856755,603.1805838146844
0.007613388649669593,1.0110430665845331,9882.153433470778,2000.1211797965445,128.5020684866474,3534.2651077066
0.005813784696343509,1.003843202142265,14722.398807258807,1527.8263619672512,119.51695481394529,2401.7026150599795
0.003842934717918224,1.54558986572682,9995.00674845107,3995.2704534703057,281.38559066711105,1376.829917565424
0.01058933523105083,5.979227163795277,11793.167513469763,998.765644067537,294.1130591480554,293.0828472853849
0.012618952681969128,1.9379710856129362,6994.222520922038,3838.930831131659,224.8402364764265,2573.771138415309
0.014894011371676112,4.011904260039507,5001.95079779355,3932.538473580335,232.94917668689115,2015.4824639642186
0.007931179742001226,5.912273286707007,14880.337997826256,2965.57136316812,115.37876855089264,1244.4633310308627
0.010071980094945669,1.0046489462780899,15673.824359202274,1110.6769958844766,123.42970520421554,2902.1266297231728
0.007953708280085181,0.8016383266437178,4868.904952717548,949.2844237963958,251.52305530483028,2753.3215895303333
0.00820313266438191,5.3580536637315905,11554.639998231656,1017.8333300495765,95.61152275479448,653.3495355574419
0.009873189857566488,2.0999213613030556,1790.5299897237612,291.8461925391471,158.5841040760205,726.9559335470082
0.0058775661839721,4.0390011673265995,11696.910400836114,4935.002214235278,320.487975924991,860.7898788879384
0.00999270096252204,2.9408308205664784,17991.215523030343,591.866797631434,340.27570305047107,310.3326792180258
0.008177288636384525,2.9846626763898914,9981.615944805035,5108.013532139525,303.59401174503336,1480.0346446640694
0.008020544952653407,1.842797103000683,2927.546671973795,2001.5649136905765,132.13380915413353,2561.788113468122
0.009982814771940275,1.4992894919768411,3045.5273490585337,1526.1951413751756,139.2981706743534,3007.4344896355115
0.008035071407158091,1.5760267227437275,12665.442532499812,2219.3931507472844,252.3992727797543,1632.0429290386924
0.0080458956598861,3.51217181302061,4034.873412513141,1993.5800033483974,178.55006499521446,1345.0222478489418
0.012711081264735082,3.6113293858134945,6921.160403737396,2607.5497988816132,230.74560775434068,1686.2832919390498
0.007766370054692658,3.0216965679629832,9832.93773492459,4057.852063843064,173.5745749957152,2052.699534083316
0.008005593423648193,1.5636362783535067,9930.571235217481,2222.2141468528353,193.8198714790827,2217.51215540109
0.0056673130416101825,1.9910326288246338,5873.722152723727,1510.39661543093,121.86554140125195,1787.0060557213906
0.009951936474190582,2.0126507848560995,16140.88771366987,2248.3616593443767,329.34249327034615,971.1164741168031
0.010099702655325045,1.0083605560176914,9000.100055562072,783.7507944204091,140.35637206200465,2442.107868846406
0.012006443646349764,1.4315466238270864,297.9429283150803,299.8406342089024,27.17480955637592,1208.6804408978862
0.01301072261463607,2.234038792277745,1216.3428343359997,323.36605225931237,30.79225784102107,1010.3901707916242
0.00597030383195576,0.8055379359130637,691.2804011867875,199.61822770797068,80.33514710334761,717.3639900193448
0.007963028411858232,2.551419687945119,7933.032660563162,1591.976323672242,178.9713486090465,1540.4808431944111
0.01012747763769392,4.9833762093854235,17989.485596376453,1549.0253044476474,335.1109249421358,387.81784393356645
0.01081335542379615,3.027323158902731,9737.617972474936,2769.1294105742286,235.87602519555585,1520.4886464016643
0.009877119843724308,4.943584366663889,9888.993007268495,6613.867641224815,211.33737849148324,2048.2891601927013
0.00806773117235171,3.0008970942235837,15914.222316645419,1012.236955083793,251.05004585530423,650.0215644168352
0.010614854644627551,3.9979936558962303,13647.879103011719,2751.74447299701,300.1926566026306,836.0711068115222
0.010110169491599165,0.9950650558601587,9592.87258761416,1507.1367151050015,115.68905063656548,3867.941833091092
0.009788003754820819,2.9952104290658172,18140.567770137266,682.2268235240302,334.8513959077503,347.7969021890434
0.007853825076854002,5.9515216014083645,18054.215030525018,2495.1052765870613,350.6249567844034,402.4929749234746
0.00811104651968847,3.987270420748201,13834.140799616267,2513.5341535588473,324.5140374314494,517.5027020364679
0.005873481116318868,6.018536134317928,9926.694077070548,3347.1528426715463,300.01047695130467,484.6504485305144
0.010703418923644547,4.018398218283447,9933.880731960062,1008.0377328498033,220.0907494945858,764.5537359448084
0.008021360982432947,1.9511292517864627,7093.021861988679,762.0774855691963,273.5894837322446,1015.9464049494904
0.009888808258560478,1.9890992851897793,11916.844502299891,513.396309748648,101.33564471535617,1110.8550370619007
0.00802911622688936,1.5925323537157328,9822.768989545848,2660.1182933268215,145.7502433036382,2907.2754116673314
0.003867556770368761,0.8131151380037559,12748.302305751875,5087.877602860572,276.70509383266074,2484.838206635056
0.01313415883970181,3.028844198669828,1900.784397577595,413.9976898423268,47.882707695377604,961.7515237153448
0.00570607996949867,0.9984700123735658,13970.918105274755,5113.014204354205,235.78106182239097,3963.085022500823
0.010000523657714476,2.037680344272479,15755.557268249508,2194.618161835287,142.3863826150245,2594.8323049879364
0.008592839035560683,0.5956205264806245,7731.977469310107,1664.5454248672675,69.12471343477901,6004.722104843194
0.007946962886036765,1.63818316325006,15633.012266395725,2811.707160791552,275.1152347363,1760.4909116011793
0.010718003736993517,2.981784207908871,5947.024017663085,501.4301726197018,260.1232878858016,676.644232671882
0.010110411199775052,1.9841682922651833,13850.561011362324,1193.854194415292,112.06458017864928,1790.9489313554977
0.005751196258065283,0.6242558321580415,6866.269483847227,5287.728166788045,101.31155191995904,7914.349992014481
0.008147401036608345,1.6727874260223086,7908.767035602872,1738.449005080851,149.10816141274194,2312.2760373351553
0.0040126912538265575,1.4956593139305205,5157.256783754131,2674.239342565019,68.13500040799413,2700.5700519859474
0.009966572035612756,1.9744271392361608,17450.305886466413,401.6791102185716,100.25645821060054,762.5729752271775
0.009990881421583612,3.029171351548945,10049.87041474623,5895.07393272269,218.15649722779204,2759.104934376954
0.00791957403130091,1.5598701887506332,4848.991423851985,989.7165392258657,219.61885578288195,1753.9993320135932
0.007964411108950534,5.986864106759187,9858.424310995824,499.8449982213574,97.65326947087387,358.1312624070956
0.010159419552992094,1.9729461558539232,11570.150810347306,1911.200325255155,125.9546784320944,2467.7985420558166
0.005980181875150367,5.056178980353333,9764.747228949476,1504.7507407975422,197.63784462436448,500.0391894049429
0.007914744130295992,2.971272951576085,9700.791843806424,2016.518672815756,173.9065591739312,1446.0914343929242
0.010124576072881033,4.9938996244978755,15902.728127007858,460.9040154375046,248.85351220496935,269.56192143871647
0.0039573968843447235,1.0060245780456776,2965.885409121964,1957.4335884562322,68.47194803321506,3245.1410307695032
0.008202339055499466,0.2444897381917473,1011.1345817161387,2127.7765486406524,59.4044132216544,8590.473773039535
0.008041254158685335,3.4766158477085827,2926.934825565433,1011.1130374733176,147.3183777988639,941.800496577106
0.0058851778107153595,1.0170089642048685,14684.58428564541,5083.692491088091,175.80952802911858,5491.018225261254
0.010069947146558558,0.5010455168029618,310.34335324827396,147.06693280234563,53.467078585179046,1319.187158776226
0.01020682989853916,3.735634814038249,7005.463521613947,5690.723000579106,227.44551010773867,2251.8822298628347
0.009959451820583234,1.9916793851191998,13575.534529199576,965.7664724371077,114.13891884418844,1559.8727379510635
0.005893074678280011,4.763658948235184,6898.158521858942,3000.5848336269037,198.51369760828516,916.1459955462948
0.0060815147052262625,0.9949809480510815,5139.512410497587,4390.342603415048,92.98611926639575,5264.3427035403765
0.00792221134550597,2.419986433058803,14714.340997279043,2229.716483455214,234.10104415685134,1363.0401176319137
0.008159211803626127,1.0007932735387872,17781.804767830883,501.16406552166114,160.71892187603075,1142.343329766914
0.006059989754472689,3.9871705914207514,7024.8976475581,2223.8594279736126,180.65900473284023,914.6359834619838
0.007989667968885488,3.49055385377897,12852.095843733236,985.8876641276979,193.17115204070203,696.390613842855
0.007901419707675269,2.248713560331594,14639.481896349997,4049.156118567174,337.75457074336396,1203.0730023383378
0.003962767821564898,0.49472790861676275,6978.309781150605,4486.270212978552,136.76476065809112,5663.605357577675
0.010175372683141368,2.9506305269788635,11605.169732024713,4472.203468427063,301.20867130149816,1318.3176762160497
0.013608665807220158,3.628426498915523,13891.075552884777,1995.6381617066309,310.3683153610469,765.8710140191412
0.008069003416040315,2.950194277728457,6799.789100605575,498.1248880686535,161.6011337094472,666.3304227287286
0.010084527311363405,1.0187028777736893,13878.775854439113,437.80033411248536,104.98305618184425,1694.3652429517417
0.010006539056578527,0.34905528503703426,1079.7366843059156,1468.6553489985663,19.045709235582752,6045.4152555153605
0.009837251215106476,2.994523905818993,12042.210425404106,429.6667390312343,223.12288382000753,485.7085322645529
0.003958531242940802,2.075114934800755,2598.327625411739,668.7521832044224,57.541023036616565,752.8372693459028
0.00949599598151021,1.832121256933026,15244.86731638794,663.0627158466501,206.55324805593023,943.2287861414726
0.013108450691923556,0.9598534120316489,1646.2544089351852,801.6874983438964,122.76188422625178,3429.5170678713234
0.009930123837972305,4.894247230687639,17626.58750822033,1213.5879194564866,258.119355105911,502.83572235664445
0.00800309201793067,0.9010769884411624,11762.59026563016,1226.5369903235405,259.4074879491887,1785.14095794603
0.0099968938235635,0.9909659404550794,2697.6941651016978,368.11850690526984,61.364508966803385,2001.6853937771525
0.008118493657330856,1.6628740967299238,17621.89823855351,4181.2805334176355,310.8046800291537,2380.2405759585517
0.008128727015709708,0.392541206694164,2514.2605779384126,4855.953023746179,34.540479909683654,11504.13160195109
0.007934020445248074,1.5721986326778743,14689.329022409354,1591.8633251946194,296.8006864110339,1054.0513479878246
0.010991240290719526,1.9869076006303639,5941.219023795713,1087.265303892964,160.3646380816174,2114.8182044513746
0.0066877202864368355,1.88399045306079,9789.660577511648,3314.3042111071636,251.71837502502947,1718.6390417794591
0.007639984132422658,0.2517151973833383,11924.468521789902,1499.2284635019018,159.61122605259814,6195.529549646012
0.009583863798066163,1.8277952794947387,2733.7341305413865,501.86490550481,90.6132523840597,1337.1917913382317
0.0077281518456575864,6.025653247933558,13950.349513465026,1964.7916099614279,311.00396171927184,361.271959897304
0.008079571043334389,0.3998016135522703,1252.778064248086,4796.3487285525125,49.72438501736462,9296.1891464947
0.01088849281791321,0.9984168577327236,11602.219418301534,1505.4129642119292,264.4351152132601,1970.8894327161681
0.009902119374573082,0.5998090271045367,2951.3441989245107,510.43508335726193,66.77282855750235,3973.737534528153
0.005415793043886613,2.5319998584537586,9589.93701317101,4332.560774588239,285.1820810867091,1226.8959726780868
0.012794241260636925,0.9801029078687776,2268.161443369039,750.5063088645663,126.46853996904865,3459.108148507069
0.005793186063544632,2.9724821160190835,17454.63506142102,1511.594977922523,321.8988509867725,418.59091372482044
0.0077907906197508345,6.018341842199206,6868.678650526096,1035.0708547844035,258.1653041306034,457.282948607324
0.006018273208245947,0.7951943948934388,14856.711688395852,3190.024837400804,334.6672066573189,1410.3234607638653
0.013042406628755044,2.257930412370963,3201.9278243225435,710.5393002031894,50.515083107034066,2009.5004830117114
0.009858556841989406,1.0477218591049502,1831.0828097631195,213.60915148202577,116.64863942111029,1013.8828077542462
0.010884829116856327,3.0215632886752153,5929.460704555593,978.2849576344947,244.11723785307373,1115.415656495977
0.00793021356756417,0.9995577445239813,6979.032909841113,501.11895359592256,152.23085691312252,1845.0944035918776
0.014109846824538188,0.9849033873485166,8695.441904952495,2713.8253362303753,267.084162063931,2670.1423301312107
0.0038101727450242876,1.5286085314155617,9653.019242693874,3899.34186895469,225.72402096902835,1784.6824105029298
0.012899076308287969,0.962939276044976,1750.7547529846595,783.268116415156,122.37696801702349,3436.8311694041467
0.007793210692552724,3.0117352967840545,11746.906141243067,2789.5875555976168,261.44538492637963,1074.8889044524692
0.010225835776181788,1.1335514169211014,264.6552415060783,200.79055757684583,27.37491213384129,846.5029336087753
0.013406366940201003,3.6873396314925877,17862.744415633966,2043.654416327401,314.1823168047858,1052.062098702266
0.010059924769592601,0.6029792821088688,973.9799423661836,511.409312682978,54.967473103741945,3368.359180563981
0.011131046026908394,6.100051440201274,17669.053401716887,1570.6022362919755,229.0616953081202,684.627758472421
0.007778957237119425,3.0166275819152255,9537.754781260608,1987.3250024106603,229.28966690438747,1140.3509252371018
0.005829084723724589,0.9827728328952082,14806.707120885352,1488.5384542643365,278.8733612157363,1330.2917582204373
0.00805242352686724,1.5516402781743681,12500.364696607116,2205.9465143185794,310.8811027461344,989.6637827001412
0.010874821099390633,6.093429739237157,11595.911527062291,500.7190942454259,276.5441135574125,257.1762979439123
0.005872779591323319,4.050158849267946,13575.692402317763,5002.135511834555,77.38633902063997,2372.503365047465
0.006085985308767009,0.7846892307086744,9769.573230341073,4026.955389180821,257.5112427411978,2759.0479198506778
0.008077160475625553,0.9900338607268069,9760.516292057779,512.3638055158642,115.7664910538938,1701.1066219815482
0.013130320242494923,2.424137998330846,2761.1265356870554,824.5597038497392,50.12357267365609,2032.5873803653374
0.008031832956810682,1.0151675269599063,6801.628786705764,1965.8402662313345,255.46692112053265,2462.3705057510338
0.007969758878038498,0.7906297684258844,12868.675055886773,975.7008732271387,158.9925533081301,2307.0500437844316
0.005923224326597871,0.6808331233197952,101.34424964849482,284.8625546465754,29.71207864027169,1214.2778866268334
0.00592851514693697,4.000415664850577,19610.711686841416,5000.493931039581,238.9961770976434,1633.0613219655104
0.007913471428980213,3.1350333659364953,2001.9753421353457,249.37218209394024,123.37360766488423,343.7666989578124
0.007956276147537767,3.463794685738786,14651.42702052807,1013.8505722484268,187.67448238416134,656.7418236012734
0.006113994676422858,0.5070335414305052,405.1190163143705,153.67864717120793,28.151944351513826,893.5303729345318
0.007962541478235394,0.7847575052884055,7784.970061959518,980.2730959690994,266.494838030569,2216.095839265564
0.009910480330510701,4.995024452833423,9744.517868616245,2158.9837231210317,286.4306954995115,643.2324964453821
0.005803316398567173,1.0028784443210081,14755.791822362102,1514.7516465346162,295.2633294670697,1104.9037125359243
0.008092894122898967,1.5402564129822383,9680.332963924517,2713.9843335218793,128.29627057234887,3150.650780622565
0.010070661342175984,1.7650520839717512,1962.0268126154856,1699.095961272853,138.61572907189634,2468.935794203529
0.005889032663687038,1.0072441088561095,7852.18543420527,1507.0729025024805,277.5671014118579,1768.5394323122916
0.002392211095603354,0.5001509201560027,3100.699387351735,1105.1435204560057,51.48318088792459,2838.369663617706
0.007933215065918528,1.5633768625003348,14879.280911114247,3144.212215051027,219.18640491486005,2683.582514564895
0.008067867072766367,3.011744291822366,10068.53726317293,508.26447973047755,210.47901970992743,565.1975592616193
0.007682622967624079,6.049560864527958,7085.066489090346,3992.3328280230894,157.0142677757924,1396.5608891757288
0.010743858374956715,5.055610827688847,7085.242007417147,1011.1125684089751,258.78800918462593,638.0802244205129
0.008166600392868918,1.0112291465501433,17522.965768063714,3989.1456412917687,224.70093268872967,4803.739802588088
0.007999916870842491,3.4979631996392198,3022.7378066687393,997.4560427620069,169.76064249947493,886.052844385841
0.009916055870699816,2.4616248114890795,2622.082660498509,216.10831556643876,45.484336836731586,526.0884969266822
0.007963720767784965,6.111947126609345,18064.790257621094,1512.2954636964448,346.99517854260733,218.9938804573027
0.005698564572692566,4.018279029921396,13984.596310336314,5009.532987427679,338.30383773932897,839.8089214834357
0.007970238849715757,0.7850263482921329,14554.729405594866,4048.322174190212,270.82119378066045,3811.717199227741
0.01059839873661951,3.964974065642513,7875.451522819397,1004.4283021372794,217.79615936350845,852.3794370209279
0.010811252351394478,3.0006649875935767,9788.022217905345,500.88348514510113,264.6234534641425,615.5536582140503
0.015378398705937001,3.193185747786249,6411.418546719473,3804.420555656721,236.59308059149296,1851.2995934061485
0.015168459643184355,4.0098642312225605,5049.489852059769,3834.6421416475237,212.65265218173454,2092.3458187450356
0.015143663241119312,5.975423521920025,11858.821560662149,515.071379476513,177.63437702616912,504.85001601028614
0.007963574368183745,3.518441460181111,14726.252606057296,989.4831619061013,332.7128968744047,333.875414626286
0.008059116031950003,0.9872783181414384,6754.518189453611,2005.3210790690798,120.28092283618838,3593.8720098941276
0.007997364127270258,3.647564044335472,14068.394703830789,749.2298169919718,329.3332668323833,255.69282046135712
0.005748353629770898,2.9481927586482954,11711.11574035678,1462.3069748928694,155.92797370294022,903.2686729259233
0.006036664080184908,4.734247708278885,6876.884386801437,2233.87775807125,248.4265520362869,637.0827318746493
0.006076069478937345,0.7880362960936934,7965.000160594053,2225.219173962201,286.09710195377954,2202.5227085292513
0.011048922524886087,2.9781297442049754,17708.247635143878,1512.0022783824472,319.49295554938556,664.7146132541492
0.010827789844908894,2.0019102599410115,13805.368192749118,506.1236902654286,280.1431633322155,626.7008714207332
0.013035539816315066,1.5132956911996112,1787.7902449757244,853.6911097262812,42.638728308192476,2970.3553110869357
0.006096366855826837,0.7828342882319942,9848.28082706317,3209.057601350319,174.66317030945635,4113.685437266278
0.014781385830992259,5.947295295305628,15687.80115377621,555.8328230827633,116.08393113103016,543.9103950324095
0.00803321395969857,11.085293610182653,17503.05717113666,996.7194354721673,217.9554502509407,220.38180088669358
0.005901750590587801,4.944643550287064,6908.1436512050095,3322.943298944342,120.65424650293643,1262.6139310757567
0.008120505770575189,0.24729788437970385,2484.3614892997434,2200.724410478454,58.79409104533891,9851.848859962074
0.009904074521570494,2.009008044894634,9860.320377332848,2766.6271598902636,223.835539728835,2143.5959919838406
0.010101175585118227,4.866970636451077,10149.919804295318,1009.9063618722613,284.4046041246842,438.6176635886001
0.010820568690018764,3.933967985888137,6751.934014172156,488.4821825822724,236.61043654034773,545.8221620679515
0.009874081728924138,2.007908765162781,13649.520084004833,2515.310419760058,125.45908519075455,3074.9263247063573
0.008124778489476386,1.0051754554514118,7098.184170614696,728.0616971707078,276.52403130267675,1861.1224096848541
0.007734249375734849,1.663165989052662,9754.753561466074,4628.86154268725,258.0865025676351,2268.3312818115996
0.008067107533070475,2.3994435781326064,12743.457690702988,2798.3490756883984,283.1972010223516,1092.270973848858
0.005705869753859896,2.003951853715019,6726.303530771141,4980.670070191387,122.7420298861597,3076.097497696957
0.01064087877592001,3.03976325295105,6888.4138822805635,990.7699481126735,221.30628667710764,1134.3142246098091
0.008169461841763622,2.970161671364301,9830.715053982101,2009.34719484045,211.50290362230277,1310.6192519415479
0.01014440917940638,2.080182610713244,595.1835715118394,221.99240334309155,99.5141352499907,578.7397631268842
0.00999721816318389,1.2332634010635457,628.276000724008,491.4570866949537,60.1435624401838,1521.63507919769
0.008074394589199107,2.971335466259762,17667.881938238825,2001.207500573662,240.85196313144164,1116.9102243735222
0.010777871271099748,0.9813552433568715,6838.99850785531,1519.1447377655788,119.38712026911767,3781.7481557427823
0.010120880524654426,3.0106344070199786,11930.79388201826,524.8271823747788,302.21810260939816,410.450583177252
0.005937392817553047,5.025570186073832,19402.722622994726,1474.5076065301614,257.2112649479583,396.36477159736205
0.009252625179425116,3.0698838139731395,113.3362729963044,92.72888414821416,65.42189380205369,155.51503741647457
0.005774041864432564,2.9657652960988163,11775.371383300471,3323.733854518585,279.1536298189697,906.3528105622522
0.011298411729138738,1.8230531580946019,6875.441168783544,680.6972792580482,268.3690936516498,1300.09426681523
0.007769520358961686,2.0350308219550715,2866.3563726752013,468.7685378895592,99.54693284175633,975.7799525017352
0.008178555552382316,1.972513488610374,18043.335647155716,1253.7221891948848,349.29884259221,479.52083231696804
0.009972577192777898,1.9598129573425398,11919.939775964598,1265.942302716454,118.83288079272856,1935.468197707082
0.009918217511578549,4.915280200706976,15691.673138028893,621.2302882377439,248.07545074166177,349.0189698272442
0.009993690068930645,1.0096560102588827,15687.176143865123,1645.8028972595555,125.51931375432993,3643.773964255801
0.005827252138426014,2.003171896437103,6856.6338301788655,1491.6537165839045,139.76399986495937,1616.5204953653104
0.012651305883781714,3.660931788743338,7003.686843888022,2584.702430210125,269.0863113727847,1418.1074692319298
0.009307620516137505,3.0479291565866142,7065.094941941891,960.5951295346644,240.0258727925479,936.8137238083706
0.010701891443931319,2.981097487946426,15126.37620994989,497.78333263873986,318.5798104164007,329.4591141036695
0.010089623998814566,4.984283070450475,15538.190981903936,4909.661140384483,248.14849158852513,1814.5436297280055
0.009877505710570307,4.890273436280725,7151.025896441555,2478.6822336501855,186.36596392476255,1304.5376927118455
0.0038762695119410294,1.5221334872412282,7050.518512907977,2640.715343487745,65.57579007694024,2639.2117490414057
0.010124625781499925,1.0190248225342629,823.5831694446732,1065.2790370889134,117.30455382504721,3045.2655540512133
0.008052713852907996,3.517830522524508,7918.3628983221115,1996.7689891884795,68.67717003650692,1787.0291937029297
0.01213469038294656,1.790280019820067,296.5267857560477,296.831688123848,72.42979815572204,906.0385394845143
0.008158906238834359,5.445522624838912,9837.415022133735,1988.5301052360674,237.8983769534796,692.6605647850845
0.010027877839557074,0.34470111397119546,1955.284325757397,1924.5133325964496,18.930197364819975,8116.096711161389
0.007819277672338795,3.1012527314095966,1025.982792106929,584.6643847201999,125.060634330429,581.6047048342848
0.005669371733900555,1.362183342038361,6990.15277734289,1003.4425998239673,249.94640558568145,1545.4224703211496
0.009980796956607009,2.949137884121175,17819.47777685227,1512.9494548180578,257.3083655918114,955.3385325740514
0.011204937003095229,1.8495335952940508,13917.3624073052,683.2529887110048,250.27069635977628,860.9157805816086
0.009927437331487958,2.0915742795350316,2986.40925917299,217.42640363288567,128.26737816854052,534.6306934705461
0.008112051211712946,2.023114169053338,10130.484603850124,6015.959305120534,211.55373098438736,3404.3185257722666
0.0060574413231425425,0.7885194636133543,14631.628767811631,4058.6704755618725,289.6957616863,2712.8754990514376
0.009854595994619712,2.006965149363954,13783.48931906227,2117.1312565896387,122.09941043553943,2709.697294906253
0.012693806613918288,1.9734338184090232,10334.84458433203,1950.5645323516644,219.7993010935565,2057.2618798961303
0.014998290162755275,4.8958789241067056,4062.5340292174005,204.64034997049902,243.05258894831064,266.46073148241493
0.010038986319819835,2.9604384071857406,17460.39537611886,6933.961519383304,258.66479204845643,3430.328877223235
0.010039304950073904,4.908266583046425,9837.445376252143,488.19989965116173,286.67794734353356,343.0002601468065
0.007883685387936946,5.97990380844141,14875.654613720668,990.7284868401283,223.33934408697095,381.54283474508645
0.007730650762742212,6.055725602525705,9920.485955295728,1006.5484927970198,226.27204703294623,376.6103183617077
0.010161746761855734,2.008042404051929,15838.741474375065,3566.3605629128215,336.8174832458823,1401.3330384201224
0.007949899535005267,3.0142839360981175,15890.922618582488,3019.8572826922473,245.87319252709213,1502.018052316263
0.0039205707104357414,2.0931777594651746,2171.2926535673137,1842.3079698834604,59.44630547632084,1469.6599074693597
0.007763603905681376,1.6603707466679558,17674.885247210135,944.3541386526772,208.07409147437798,986.3177701631496
0.010074500845804761,5.0117779750869955,2956.2016707071007,4521.276737320475,138.2204739809774,2174.9200781010195
0.007476182891868103,3.8250829896995464,9837.605954663166,2480.765605232431,286.90937955497714,701.2157394628725
0.0040546912653897284,0.5083488300301445,5839.39789898173,4472.3791491226575,119.71540427948445,5806.539165102052
0.010335284101020994,2.4543958940198567,6850.524835677078,4211.878271308567,193.68067656087325,2588.2262756821383
0.008045954862139158,6.145113794445663,13671.762563841912,1010.2453790499429,212.2999420159551,374.3343903174999
0.005960062909982406,0.7778784521800898,9631.598507092076,2210.828611956262,178.49005790540767,3173.701912906472
0.005829043861870696,1.9892559557172547,13854.192460248294,3414.3828884367454,36.21038500152658,3349.7548726669174
0.009947575190791338,3.0004074269506074,17562.514809228906,5788.991394285583,336.65169238553557,1907.783887725347
0.006026441136372319,0.7782774192372776,12627.407417527864,2672.6493758004863,273.84076607695715,2256.5461126694263
0.012809624877315953,1.9673462916763804,5173.8543420480155,5494.250985118771,250.36848005787337,2731.9777258765735
0.007758713345357833,3.0176598405305275,9820.246307675505,1986.180502894524,147.0148940026403,1599.399612418961
0.005812190271575767,5.99224025876255,17411.84224729225,3386.172164469338,244.44060507753366,741.5776671930744
0.010636889387496221,1.7892108778943314,13742.515596376632,679.2776860311993,307.2846822584798,684.4723708007809
0.007886113449170689,3.0181802325911335,6870.542741688126,2017.5393872845414,204.63216695841317,1344.877351063629
0.00800259415109419,3.0023337055659876,17681.26208606753,501.4645190284811,278.7718883132571,325.3521203843102
0.005840041751919096,3.989962980847101,6823.831332743085,1508.0156826651314,97.18592538843662,976.477193407526
0.005881554405174114,4.016794859689064,5822.06556337256,1510.0614437055874,180.45606730933528,816.006933044857
0.011159542196242055,0.9996384984929975,5887.646778580478,959.3447722365974,138.02515288079303,3249.5598536347866
0.010065568791295821,4.956104556668092,19811.39120810664,2594.0084416878944,340.10200692592883,602.3107920824408
0.0077988807162303305,2.9112108340668397,14542.887295347839,2018.449184883262,259.8801428433746,868.8896410289918
0.010032483689688097,2.514455451220898,3206.210454320525,451.39169993331564,73.85927878036588,1010.5846216344119
0.011128130565008446,0.998838487633681,7972.362570454016,980.0137320972218,138.20800058936666,2794.893045084946
0.005800537800781819,4.9170020980891405,13793.913649201386,1487.1671592007958,157.16056779413515,590.0628000952198
0.007987310783116245,0.9946885849365792,3009.895999399729,807.8997664194794,56.09404220359444,2996.9622441368374
0.006149611054805362,0.9002993482241815,6886.51710558087,2031.0810574488494,209.97909437183503,2608.4498270178965
0.005786418970827329,3.978961836464951,6836.556421933913,1509.0146089170019,175.54325455728076,802.2636964105099
0.007946967526330175,0.989562714549949,9691.03740012439,3954.676301803778,202.69075005038044,3962.834877522582
0.007772304650190096,2.9339675710613666,9435.692963571215,4064.314866782785,216.49805589337174,1736.252170779108
0.005758530130350038,3.0412437207850993,17629.963440931097,1500.152088090092,118.4056754196928,996.7459662152407
0.008266590527752915,5.346602761912507,17535.719040147447,2289.3469329088493,282.0559616632828,675.4866889939883
0.00801026423268644,1.7172755785175842,10122.725488772237,2549.2616565155645,288.5121647959708,1437.427023096169
0.007676711782351175,2.622062644989062,14889.276124969316,3007.157938659536,296.49266670792935,1095.6023047660462
0.005766527036624867,1.0082490789852496,7900.446452830247,3365.3541536860375,276.45682628509593,2158.1586094109184
0.008116471262016214,14.982096177426275,17419.609093120118,1987.175336147318,314.17235501180056,195.17425282913328
0.008082393091377283,3.0398488842143214,9925.914902196617,4025.4143343068417,237.29513524282507,1622.8706330746343
0.0059261621770244285,4.97414811363677,13323.100150165565,1496.3676835381602,237.22004857590346,421.8940398475423
0.007948903953748518,1.5663750416094777,12756.789570721663,2223.255950750508,149.8989386642203,2589.969267798563
0.007825846153064631,2.0435475112376156,2567.028882249928,487.84182459640874,100.42042402681227,989.6286982159642
0.010837401711151601,3.0440109384890675,11840.25057713308,980.6286709131779,300.9821771572856,587.3572432568442
0.008152845170163256,11.003081937754477,6856.928605075891,1546.1595768425352,201.4774257927969,402.3864233761417
0.00789672413939695,2.4697303938183173,12537.036905685116,3942.248073925486,312.7700025230691,1117.9437262703846
0.005744586536656723,2.002562276567507,5897.850904207514,3392.0943799347356,178.39668223680513,2365.913759180834
0.009996822639240833,5.048016472177357,12028.63113964185,549.9204970668462,301.47606783747085,248.1900753923639
0.0077278070073532445,2.0829657846314302,3980.56149807336,331.9493142366199,95.00502791915507,699.0866115216274
0.008166377417255509,1.5765668914611988,12551.385201406514,3226.157099931559,315.29021400240316,1277.0855616433123
0.009958304874818422,2.010857939549978,18174.946031470965,405.0774550003416,103.74275712593706,778.967756253848
0.008018798541391701,1.0003538343870961,13754.537816171869,499.7978806666072,228.71961588206725,1023.3655706939751
0.007856650587206,14.91518312122184,13881.467909134088,1988.6844305350319,261.24120499156436,217.043927010469
0.008051066299625483,2.20887181216966,17652.474216948656,1619.304787785953,229.9318141141783,1243.8861390614243
0.007906714294591506,1.5686569183319519,7846.265452141889,1599.0297305003219,203.4465436726562,2063.3409714213703
0.006075887197391203,0.7852572938582884,9865.060125045915,3185.9487835250643,209.89924709160584,3385.976859478167
0.013256050121128876,2.266835929806106,3505.960136462041,483.69737146374626,39.400422357175756,1462.3512084470642
0.00774125629575148,2.61002447345148,11690.595334203204,1246.4513248912974,278.8314941199708,716.7186607891389
0.008074371407437692,1.5840254241572003,14514.385829511833,2692.2699436274106,329.6622821720622,1039.0431831876379
0.005980352854649769,0.7974568459637457,9628.29314130788,1632.005777598458,218.73461751299948,2486.0908697932364
0.0080351069021087,3.4676080966240215,14689.430487961758,1992.7944589624087,316.20029992867836,531.8630629948851
0.012867563035940962,1.889112270054793,10258.66610777851,2643.4593699982356,279.06274351467187,1564.5372847493397
0.008162391156261318,3.736370226044886,10305.378105323256,1251.9915540476077,303.0122767803688,503.00017933024105
0.005137613481624342,2.6073826692666064,17665.68217014384,3501.2850272876094,288.1154175573523,1164.9261573541794
0.010048665072779297,2.005226846038755,9727.333875873579,1979.8320471083837,142.96333257934089,2393.649316681201
0.007968193001089016,1.5643394205858994,14741.824567992942,2693.164958576884,209.05091297992192,2460.5249589379346
0.010170865374189144,3.041579521769893,5067.400330020435,302.50278142328455,110.79151744343065,560.8841017079791
0.008020724532197768,4.905800049319339,9777.979350923775,3237.9403034375014,292.46231584792207,700.1696781506945
0.007972177949602921,1.593797875179127,17623.60064914321,4078.1871732594245,303.1746777061705,2247.8015183529737
0.00801970961834436,0.9900555511740168,13718.371499970164,1975.935744695391,210.36239853009062,2736.5998411391656
0.009913953923776244,3.028244249759136,11850.689701047704,483.0587360422673,301.40214820745194,397.3063004026009
0.007762320343397806,5.943101669672118,6933.983185880228,1957.194036402544,124.00698163489827,898.9404092213905
0.010151514501894051,1.9626593066279412,13618.233392736258,3399.2915223055647,321.61884369463746,1298.7924420592517
0.010652096936581664,1.8071418029680457,13741.404481263626,1367.3956809383703,311.362819078273,805.1044829047083
0.007902045170310457,5.922900663493421,17898.634494652182,3945.917258895065,306.46565704844863,875.9976731946957
0.01085840126775113,3.0121850421179284,13186.015898100997,1493.427062449878,282.1311479964422,858.1531188310943
0.009823814704108449,0.6023776533054662,910.3880336295106,663.8078204279915,72.29724549661874,3765.7980826451944
0.010086364098812401,1.9944631325949838,15870.985196437923,268.5177485607099,127.96420161289751,602.1839165900508
0.005738227273069584,1.0062040271185504,15612.784856383869,1500.7547686197524,325.00711010344895,954.8161305676784
0.007983177227844954,1.580153158067069,9873.6464023431,2190.3926403291325,281.1600615069674,1528.2824490954542
0.009954066146755442,1.0473812957448536,1496.0413607061403,210.2337733735171,141.29838167859893,998.3182207938114
0.010011729368095983,3.0226049809049607,17473.86714643372,432.093378889778,256.2009517726011,386.0233420804775
0.010933221306539634,5.945446351555887,9696.460078850081,1600.1609526307407,200.25652593459571,736.7276340243818
0.00787251931917393,3.032630583532137,9956.988389669208,1046.9258214451568,254.18233225146182,756.3206052869344
0.008121860638184247,3.449004991615171,14847.71828418912,1005.066450139055,232.69249788001125,579.590869650809
0.00824600839360286,5.934639671931094,14514.785453584294,2747.2575027099356,338.4144860366337,382.2291406461783
0.007908218640240206,0.25071686947384353,14757.593451356142,1985.1530828277653,198.06898650089283,5928.207112239377
0.00766286922305549,5.985463750057852,6769.100768800694,1973.9875103111292,193.71766665108623,736.8522290470697
0.009967603526809673,4.966207630077314,13482.351086558876,406.85000615169594,231.77706853802647,267.6471281509792
0.007703345108922785,2.6124858392982437,11585.969989880872,1458.406919032602,104.84204679966518,1515.8096384500054
0.007961592296517914,1.9984799006811522,11804.50252813188,1508.2793102027676,178.2992627243957,1441.3913131185066
0.010066704627723199,1.257538336207933,3347.020423926309,1444.7628058555954,137.47647529010797,3324.459481368084
0.005733610595697957,2.018689216359755,17600.806799101832,1452.948762346382,95.02703052054108,1455.0932308802874
0.009909480772791385,2.000263860134305,15940.634442509801,1630.99882734333,148.25535550792443,2085.4527024213735
0.007929823649115252,2.024315593255327,7865.456948372079,2799.7213575645624,283.0419336891535,1562.3381290793684
0.00793827534179786,3.072437780905585,6817.261615575107,1979.5331917313677,58.716738514236724,2098.92625863393
0.00819632242726372,15.303741338736506,17787.433032003562,1995.40048857053,270.99123214289824,245.60672726340033
0.005887305648028386,3.966759830924349,7816.053292459077,1479.5104929369306,260.87760902685335,575.4523025154934
0.008060718700191885,5.296346703694617,15540.80085554611,1470.4320896858248,319.0394931088763,328.1179972629154
0.011674283893907414,2.033649248909258,7070.079954240653,4047.056301886296,266.65363757025335,2247.7712582548934
0.009855121864377724,0.980800631967306,8087.830269152149,288.8971963985693,114.56881846890305,1430.0494088927737
0.008025102360843068,14.811659353430572,17671.270148160795,1984.9710442319874,320.08675580942474,184.67914456146497
0.008022444448540717,0.39940438683211865,1996.622602320039,4716.154774192643,82.07622731009172,8971.406523611842
0.0092265932400574,2.3975417417590315,118.41881333979993,119.37379651142057,70.85056869931857,244.98336958804364
0.00790867765873444,2.229937706774923,9693.882497992343,4051.426890917045,281.66595511696386,1461.3881442455715
0.008020780093409247,3.9964810854461867,17747.28281690708,1507.3011303330077,263.0020934430846,611.4969961215562
0.012994385626169816,1.5122761045498374,1492.8773907038678,897.3103205297936,43.05790397148649,2991.9761355080886
0.008003111554741586,0.9879559981317857,13837.457860675886,3977.1459114624718,240.57719648025724,3885.931231702204
0.004683494756448811,0.31703206644886694,13441.023149361874,4672.914507790655,268.87668440594007,5241.103636630433
0.007627493203593564,1.5497091810122694,11690.911104780547,1502.0640041825875,242.49647565143576,1458.802791813094
0.0030170948504703076,0.5018424507731972,5244.5654199181,634.7234216181948,74.68788240422508,2156.355259460877
0.007845368748558419,0.24263488096064928,513.0714631063217,3809.601163977492,76.2339675169484,7534.28150196655
0.010041385557585223,1.9915631940671297,8037.9230390551065,849.4876556150056,130.41892308492038,1774.4277574519506
0.009935102627189565,1.9663119076610929,15713.71949553002,2219.4118774444964,151.38706962174786,2608.60150478386
0.008228231115381403,4.966539483334948,17641.373876918904,2522.145903042488,347.68521459859164,439.37986209853966
0.005724162751479158,2.007802020069492,9692.490033738868,2620.697408409869,280.76761235320095,1163.614756229023
0.007962716118585459,3.5045761742886876,14646.575280110035,994.9606640705939,287.6899445911493,425.9803330838442
0.010059272464244836,5.026754150227282,15750.937528701883,1401.2893441046072,326.1678494617217,372.8117654738264
0.015166069983577998,3.91129125195731,6470.861732860323,2215.471281978809,217.55943468505313,1478.70771631781
0.009963002263625039,1.0023091270089741,1748.5916770626643,829.4238295972757,112.2223878419346,3012.3014671604574
0.010076183674565472,0.6028575695598204,2626.055828642578,950.4610301498506,95.88067845535826,4863.702434002094
0.009146617174022702,3.6456416137698353,6789.482551008921,2706.7180325232216,236.34514220364034,1325.4998701363024
0.008003520502870688,0.7782764923141873,4912.3879931413,2255.8598898698087,238.63512784369937,3368.5707434989786
0.005841672706012192,3.99289202868599,9668.966224492422,3317.6407595758615,278.57975484427254,815.9425750954505
0.010492033740424607,5.964930031275212,7903.341838048758,1011.3654991972777,280.57893081558575,498.166127703337
0.003838742709507357,0.8050229477882,7991.620717235152,7433.333920780771,216.76248621515717,4186.096487888146
0.00799499361429556,2.984249144069793,9984.161911913003,1010.7605698774743,268.61004605790987,665.9450691728211
0.007996904493413325,0.7745316474981367,7891.80873483769,1595.4389024937389,197.67272542065922,3101.559861817609
0.005798981171763288,2.9873159516383074,9815.245447191588,4994.131918716463,120.37214926896665,2380.801835310634
0.00997878806886566,1.0450679949218817,1024.9344493044644,217.86992573654774,129.08528951652096,1030.524949986824
0.008041912506056998,6.02170338055543,12016.886033896868,4069.829957607122,222.02549658209247,1087.1741481756756
0.007957414904853324,1.9830268066973487,17481.7991166863,3374.511478787987,282.5264304017455,1845.4507813379896
0.005903897418942271,5.078934449933014,9812.65722431018,5014.591429284954,116.23304596021612,1604.1527277762714
0.009803343374054493,0.5982930206092038,5983.377611780304,4412.195517762181,194.82677836226893,5656.549276677805
0.005990969218499769,0.675740735467187,101.81425519022564,52.53649759198216,30.864645870637727,255.13103303056883
0.008023286975033812,0.7749522612029882,7657.607320867111,1627.6400908682667,96.79142939648995,4287.694666986694
0.00785689989379816,5.0154108029320605,14510.918305570425,3205.9974685150055,310.8660529419166,656.9282119897667
0.01327550891440031,3.5880628090030258,11968.147331776561,2044.467906563205,255.6711419939004,1118.7856513228824
0.00804648014135411,3.006429546442378,6907.09000768501,1991.4238372695736,221.0394746118041,1243.2802707774329
0.007926613149711697,1.593675140670454,17360.88481136607,4938.474680893344,336.1760762470516,1980.4034520227615
0.008079387447824007,4.020948298070521,15373.689378515577,992.4409294684617,276.35708065844386,408.90991098808485
0.008062297596693713,1.6323363973778369,14861.379579527113,3222.357625041242,272.6823834978605,2010.9638247260793
0.009674441212838648,3.00925812363615,6878.186526876388,2081.8458064141714,233.7689136863122,1434.154833063299
0.005795999925574233,3.0231375744694895,6944.474410647275,1469.690137900942,38.60444428779763,1420.901276606374
0.006128846825814224,0.7878015556557337,14896.159130413662,1594.997442322896,277.52603332630156,1615.440927630904
0.008013796227560472,0.4964164135676635,488.0090923686535,100.02669080424143,70.06813851534076,768.0400112775462
0.007700665283434045,6.00794118462366,10234.757581342981,2027.0361866256203,148.70275848696832,855.5936745642836
0.007799110375914866,5.963025402067398,9678.767800756936,1019.536250540592,243.8808793684206,368.7126957162949
0.009988159690646889,2.0042661360322462,11994.226178058962,610.4515149603997,179.9187530849285,1048.2858770812018
0.007944332859394818,3.010873473762367,9870.067446440496,2016.0718022317767,205.03123289828952,1273.6653958277955
0.00993607752782788,1.5014112611586925,1764.9635216615618,755.8957566388895,103.01549094439382,2024.193823977071
0.005808226425844638,5.023200104160332,17235.19553416099,3362.2429886239015,259.00739893131714,784.3935349932777
0.008022005575890542,6.070465884168705,9910.236493861594,506.0214224247992,260.2724561614071,228.90839530782458
0.007874489651611038,1.6873191385143749,9725.918682950034,3005.614346806135,270.60469986900586,1734.3328907679459
0.008199198835629556,5.256044524710908,11689.713702935696,1489.6702326775558,178.26731663923835,707.2594922960012
0.01008252162303891,2.0047525550941563,10087.51679780201,580.2454542220228,98.96104508191958,1282.6338754426379
0.007819075228331234,1.0119216141169882,9880.40887248453,3280.2816646237834,303.2053241329652,1758.2854200711263
0.00826224758781443,5.416244265691884,15669.036917896778,1542.6684405614933,306.7091479354802,356.43530834708866
0.007861717973495089,3.0016844560761875,17958.556167732906,1133.597613238249,249.17027351530209,638.5634628862256
0.013166885980963444,2.25645088886722,1736.6047502372014,517.6996498646748,38.50227520866697,1486.9648578994345
0.014416666348656189,1.514266459298742,12221.192924132818,1615.580453778016,280.44477412771124,1559.438396801451
0.009914214423354944,2.0047157734917853,9817.730136799328,698.0376280153426,96.68031940693636,1502.1018254545677
0.008043461059581376,2.4408396448913403,14598.327950152672,2644.3719073027364,278.1649073935223,1259.1534433941817
0.008055468944368576,3.438617447943107,14472.188938429263,1993.751253544906,212.06657557282102,1007.2251147001828
0.007860506214385207,5.951811342047659,9831.323731191349,3976.8109166058084,278.73239545234344,904.902653561628
0.010154913222189579,2.0012618710927232,904.853233528234,174.76460934409022,40.898764983106815,522.6925602379275
0.01517677433986474,5.847927392163922,9831.269628190981,1022.0354908208674,263.9616240435936,605.9943225134767
0.005689434937695349,3.0183714305499314,13750.772122663382,4999.373979507541,299.1427247249177,1288.0140580482246
0.010874671534103642,2.998641410596727,9782.691610643362,1511.5316198539108,280.81472578416344,935.9851227262278
0.010718851059391174,6.044171100864514,17627.7979502698,2750.8404068544914,339.12835681580236,540.6212388675472
0.009980914776337824,3.1175667709681343,689.3834525967591,691.4127516682923,118.90160857711305,794.45646973431
0.00999023939703172,2.0350476539901803,13692.692908516994,2612.9771194865693,219.4373144980514,2213.043470251518
0.013428332235264333,3.667139299074891,13840.848601084475,2027.2451988289827,287.5045275683905,927.3952199014105
0.005781435730598905,5.047727284691496,17828.798715788966,4974.779615183526,241.29857178051645,1313.8010277490694
0.009949269500685943,1.9727203954035202,14073.954070407526,997.3255858485096,118.35852769537378,1562.0560345092028
0.00574520955305228,2.9803174345774375,5883.721729072467,5094.93876895894,135.39004159998126,2491.6447605863355
0.012673971188823987,0.9245378757154404,6790.371686782882,5451.751187301125,249.52287824346993,3692.8089043262553
0.009941762320416702,1.0011505443322664,14328.103916407272,592.9311473170827,104.88308155047649,2044.7134960388587
0.006288677685388939,4.56088116232395,6800.8426036450655,3995.419749843772,263.247090570614,969.6238458074337
0.015117546576670245,3.195819419154759,4962.7719786826265,1537.880876756358,215.4478236476042,1718.0927126883391
0.010001179064893497,0.9654309696167831,681.6850009686445,325.41493208242224,49.15929797841173,1522.064259515299
0.007918749292977522,2.435950132401554,12735.376935721823,2474.02207697448,289.2087012148394,1004.888756581034
0.010677824069376195,6.10550284064993,17707.630845154843,2022.437389081317,321.6224997130487,520.6562134181597
0.0098831143369359,1.4921990304868131,4950.581047819832,275.9884306881115,89.2374642594404,1041.387351166137
0.007858678868276351,2.002295386819744,9879.881538586744,996.4291346759093,117.12821546479498,1476.4811092541795
0.007829125143491756,3.4856058399244327,9792.153883790652,2037.4643937912474,198.22698333414064,1186.8775699854402
0.00582294153520597,2.002487031725248,7795.033980408168,3506.602195851014,120.63179261566843,2550.658059941793
0.008082047026012132,2.9928568634310295,9830.346666363244,1981.3497017317509,135.8376642318113,1513.4985228632345
0.010041509799244917,1.2418709984420073,3072.1677055379605,1497.8759795914182,125.02776904159546,3516.003722774478
0.012646478106551265,2.783484631532353,6743.047434570086,1296.844091583803,281.0088003085015,1321.738983128509
0.01085129390641072,5.891636609652776,13897.047964790563,1006.5920843154644,315.1615171172293,282.39042826150376
0.010344372954404147,3.799081891088544,11870.748066501472,1410.5001203806405,64.14277099718257,1362.8970269003676
0.006112095061757733,0.7936734491060321,9673.449241301132,2248.410823015276,215.5459526407944,2695.6676286547277
0.0076907530007964756,0.2480266019696829,10006.080296416923,2998.861350443129,179.9227773634779,7712.157193128082
0.008073569587243765,3.529502072879632,14644.301152058459,1999.955706433338,203.6031428899603,1047.4001613953553
0.007592676589188752,2.636408331248335,12062.756883710117,2963.0979660786757,273.3239951136724,1108.3941381158013
0.015014197619904777,3.989126055294989,4961.46237015991,1572.790989616913,212.48705812266343,1419.4661141579595
0.007495024052410344,3.7655752426363205,17903.90451554478,4431.460524028734,194.5433164885756,2065.3094853796506
0.006241193721402086,0.8927459338430745,6840.244308469476,1894.0098494996687,190.46967293533686,3091.7136122681895
0.006055561322263845,0.6800277291316886,100.51981388148127,1133.1033446936267,32.53383105423181,2501.57843703248
0.00805047543888611,0.9883631485437075,13643.862945505163,2015.9906932253778,264.17929004077513,2022.7428896965002
0.00796169747104094,1.0149235357252748,6783.924249460131,2026.2720394422179,215.2768830522668,2927.312941646843
0.008143147203007675,4.956162570562124,3011.6006460641074,1255.4220780811145,220.20847538147294,606.9703250231553
0.007869015653533068,0.7502934130834497,2976.7691940323566,4072.3932554750236,208.9250277236589,4162.951593355918
0.00807654018395791,5.941364195782571,13760.665607158604,2505.8860296273165,237.4285564244673,708.8446401227843
0.011025675800688998,0.9903244328278176,9858.621664838569,966.3305962087237,161.7408723322019,2552.6301053458374
0.010000580649035577,1.9983442756305443,15878.263553606044,2667.062085615217,337.30937268614696,1121.2611967415417
0.009925640717882272,1.992840646695766,13859.558992726421,2632.768764983123,124.69799095889354,3253.9166774444193
0.00992668650847924,2.54879630343488,2701.9093360990832,1294.0159267758386,140.0879991809465,1768.1655197271405
0.00380481509173123,0.8062360630454806,7901.601587870598,5038.468619892512,255.57007123633346,2940.7469688974857
0.010523901387462956,3.7888021954901414,9652.234057850013,2441.0719154286744,300.95830868470586,754.2377808630516
0.007750320188964514,1.0209659499011534,13435.162978662813,503.628592967778,102.30878464267496,1421.2656781656722
0.007789153243517663,5.997898686554728,13704.455650343729,3971.134173370495,215.15625444234894,1207.6508323549967
0.01006575655148385,2.248570330586961,1646.6034036017247,429.29631418047865,69.22870119898512,1039.49022089506
0.009356456454341867,3.0510048824421934,6919.271039007357,2039.6540107246797,186.8215618065716,1696.6918644060731
0.006007762060090128,0.779180137433116,14815.428936165994,2181.27328459613,302.0588053271107,1607.0469333204517
0.008197685869457657,5.376968816092069,19600.556953336083,1492.5519230672646,116.78478139390143,844.2627775407711
0.013377407684687287,3.6755186971993736,3853.3211925211513,2004.8507862361662,226.58420117585914,1506.6143168485482
0.008048124122939846,2.0054533649680897,15862.05861431816,1987.8726430012296,318.0451362115649,913.4601121089757
0.007838940566224644,5.990609419646745,7203.627881571212,4029.5765183470144,253.41808961168,891.6102294694496
0.007987112881244146,5.989707581440303,17977.51670611164,749.358483966544,258.2531481309895,269.18117623465065
0.0073398700014586414,3.824310314508351,9613.465886722219,1474.8175959397317,100.58650140747437,1166.2832529712043
0.008033796074809666,1.751336264198229,10112.440894461852,2560.644353790503,249.73908435595314,1804.5594771087806
0.01014589720279828,2.9612233339172214,18143.86214387982,735.4499462030105,250.6933222147807,565.9654721076746
0.010792216402661703,5.952755633566123,11914.259887148337,1512.3088201124226,215.74470235825413,672.6406636661804
0.008090703894363433,0.7736414818215182,17963.69494401342,3162.8203294167615,315.6729637173481,2518.4413845367353
0.007947109409497988,1.5736937535069484,14826.252648068154,4976.191894833559,326.4781087034699,1765.256271458
0.008080468631581857,3.50066044518187,4040.0705246551793,1988.8654504128488,240.04279166680848,1047.897246665489
0.010885812485241488,1.01067869427723,11613.091635125238,1503.9105861389974,156.94330639902643,3126.4537778253357
0.007898884665619955,1.0100267811150965,9815.946369444642,498.4633202279634,272.76763810740044,1268.2687142497525
0.01001130692998575,1.9903038753105384,9879.86344414726,964.0211495216568,115.99901724218779,1779.463382699426
0.005915172320805241,4.028844332853253,11653.529065241606,5042.847729440087,216.77462711107566,1391.1000145658852
0.009082798774618636,2.971924384069467,18068.871044834934,2060.5072403123854,347.0843224299177,603.312742259345
0.00796525421868795,2.4447686044978862,9888.327658692895,1580.7347559128914,298.8411341736629,805.4834081518013
0.011388164612833027,2.024343481767068,7248.598582164865,4044.2308081801875,280.273850098201,2146.9187702032996
0.008103192880201752,3.9633002370881307,4975.498452149283,995.9603305493973,164.39376743329663,867.2760455400324
0.01505980075357303,4.040655756728706,4893.903371834317,3043.652975560049,210.33216387405227,1960.2122073514022
0.005860737315666337,2.002068226989145,11917.99876917532,3450.6368449188894,237.83770711592646,1556.112763076981
0.007952688691176098,3.015531891772515,14885.557955774175,1473.198591644537,138.17834573736425,1195.98940303256
0.010061354945792333,2.4839521399212625,2792.3362690183185,1766.2508216699234,150.63981694032466,1991.5883267503411
0.005028125169402603,2.604217792684815,14653.96785547664,3537.072208409526,330.4885956671336,675.7984258643318
0.01310102134582839,3.014912315245261,3256.0657055954443,373.75410251981697,45.8607141932012,941.4403301308428
0.009936739338942974,1.2618597064246606,2707.2991719583374,1014.1240114246721,118.0771408027829,2987.864978316291
0.012821668144556956,1.9281750376338627,10277.979130896649,2017.0401862103192,248.42850766030097,1798.5851706538283
0.007951527758397983,0.49515292308316,15653.217983219536,2019.96610623725,311.8233337626794,2240.5498546197173
0.011055703060803408,5.077362826592295,13433.70889671288,1007.8829502496184,281.2050641934934,433.3664444130942
0.009257272014993384,3.6391240064687627,6961.705398392892,2838.792966470458,214.92205353285337,1554.107150800951
0.01001166565813629,3.0572021611790396,13593.737167121599,1488.9921487343258,317.2339348310058,587.7283179431056
0.008132119992243732,10.863859303962599,9752.13645689641,1496.36941312575,283.3448108303391,219.7194995188968
0.009901952193088925,2.0968647226095602,3191.8618037110496,395.0259990093764,107.996489585115,1065.0530422777438
0.00947150122233939,3.0731893332717095,6862.550074300429,2070.83877319412,233.04059335347344,1485.3815132657387
0.00917683310294294,3.071606042634546,7093.1519239137615,4014.9019653852424,202.6000287015946,2171.2482675613837
0.010743155192211315,0.7684783889265135,8197.879858776225,1429.443594271043,139.71151203259532,4164.45104840162
0.009924886781862168,0.969737473526757,1463.1494086695525,395.23741858881743,55.65605443758422,1990.647996719623
0.009959218618080556,1.9852563112846295,11725.664239493191,1341.2076947148155,317.31759764850676,852.8673581736934
0.010093946321004079,4.931207051045262,9800.05311651402,4658.9311894809225,209.7361238696747,1549.9710711420908
0.010915900075338795,3.000058403019194,14766.426287205104,490.5707887199475,259.7964113686313,454.00783220120707
0.008227308728993778,2.5402888132340977,12576.124537704378,3938.6616098065006,309.3794555044851,1137.829920020164
0.006227353088733725,0.918310046677901,6788.448011736142,3846.6337635802656,160.09007591716215,4575.077079775862
0.014006206051446944,1.529911000002885,10988.389076239839,2699.4451338564727,299.81158550895293,1528.7672002109164
0.009973566393697904,4.916081373040136,11538.486038915942,1524.0483780796353,305.16535810462284,438.90043905107353
0.009523959435304484,1.7491093521924055,6838.685321608079,4234.264378495117,185.65645511343425,3191.354848962874
0.007813970736519738,1.0078144866979821,9870.785254411561,496.96470904147117,169.99371207176932,1424.1730449196652
0.008205281504673935,1.6453197294361628,5875.4224065533535,2213.7340859638675,257.51614045454284,1953.1623085112606
0.00994708219324141,4.98375303802666,19656.828417267792,1712.2483043219427,348.1850078386769,390.0224778525858
0.00807533479766644,3.671550537446463,13968.552372052905,513.9027034269506,235.87497977432116,362.2704833146944
0.007748050486297095,2.607217430022492,11820.750841474008,2010.7071649265454,312.47043792845534,746.9834069784558
0.009850975694819067,0.9997759075260237,13777.155448979265,1982.5066676092665,144.71992411822745,3887.2634738983256
0.008205778006198934,5.383090713534534,11876.355851843742,1973.014110107345,308.16762136896506,389.7007619276246
0.007869632927464643,1.5967216234900614,12745.651716411978,2631.292020029279,236.81946540659445,2036.647463410089
0.004723344991824891,0.32234611693418785,13597.117893851146,4323.930476894215,299.09773805690213,4052.5383544266438
0.008139110997204447,0.7820709593224113,12667.873104954217,1005.0681854417893,288.7448542701898,1389.9896754601903
0.009963962810607784,2.0461232275676338,2035.4808481987263,956.2432046057557,47.47271024000077,2065.3748147594624
0.007922784119033664,0.9987124501029369,17741.052382662067,1994.2648022538397,274.5731459223572,2191.407258609864
0.0058095362479808205,2.97529930372051,11878.882291843596,3291.501989329715,116.83824986741372,1783.5690713130882
0.009218393561420048,3.616255556560019,6965.43938601679,5514.5796961542,233.25898613054196,2089.8993482918904
0.008279348763851111,6.03981388536641,11864.605191906721,2819.0475875126835,271.519375009976,625.5320961014804
0.00572725399713372,0.9833273498391977,5804.488884062758,3326.8040275739972,219.74004800886814,3134.1743781745076
0.007979629999285644,3.0196527693085944,9890.433409790336,1991.883150830217,132.096432355779,1556.1640034209083
0.007871034227654394,3.017049653892442,9976.339361440494,1986.8388955287287,171.81290154909252,1448.673553201432
0.00981795071332549,1.2493976719066604,2832.1699632095247,705.7852826622076,104.87870096146598,2504.6929629534384
0.015176525744788569,6.140189167900986,17219.4828457406,1041.4758147886325,261.54739516720196,520.5899366835973
0.012912777274303035,1.9240882758475437,6746.263013966091,1924.0586086632147,205.33282043900783,2447.000760164635
0.007919651716305513,1.643273037976842,17655.894864471447,1978.5408492219874,316.89464338099174,1022.6451403261633
0.009865130175900266,0.9636418172055089,3086.41583762394,898.323529750326,110.81834711523686,3483.6935049404356
0.009999131790696517,1.9875045368891855,7065.940280925223,3255.3701607610515,170.6434077223443,2878.706438407447
0.007815307455980736,2.1106799950249995,1027.9881220733707,1087.194251953032,126.98880607496022,1220.417351926883
0.0100942739061605,4.946803188229535,17451.360189088624,433.3736246047446,255.6946639051256,255.42610893240527
0.007979793538005379,3.5923584684610312,2006.887892165199,500.99886349828944,112.55363002434738,597.1629280076529
0.010733029245776914,4.961949725723917,19251.38271432699,2043.9200537019199,324.3249615188031,640.471115678002
0.009465800577570675,3.051150036137772,7215.542925157197,4058.412761170736,245.7842016356844,1877.917298224089
0.009310971542931805,1.758112630369358,6862.063050079952,4073.3765283020257,276.03100683476526,2213.7502628780167
0.007546414771567222,2.6110914024652083,14724.60095426809,5435.064216777494,331.6414664621751,1540.883911663688
0.006032260171829925,0.785928937136519,14672.726991137912,1000.5283347184786,296.5456655902864,1077.4969601224707
0.008170437920448907,3.6975328137064083,16043.12977087653,5056.005485393447,338.2119295922653,1147.652218948195
0.011096819923213118,6.006173522057525,9836.805814231719,974.0226972819457,249.9747292967142,450.01293148776807
0.010093546112204444,3.057841949008059,16066.262959013686,815.2677271725486,317.11404325043014,408.0335818579217
0.01086006161008486,2.989103148963962,11675.397048264413,2763.9163356297618,239.19130472427318,1422.9502903756656
0.010967693778833701,5.981774012679324,14982.487147323529,2173.1608374910847,320.54702991905873,452.60519205014526
0.009269943288523066,5.591497761695224,6875.194450637335,2812.354229619703,232.2289311481752,1012.3310398151121
0.010783075948151316,3.010207962362622,9825.268497456655,494.775333941667,277.0194029282033,571.2789482386623
0.007953584422937905,5.979993747922834,15841.70091653888,2042.87207462732,335.2480636572945,296.7746674359429
0.0057263637852702715,0.6295991760029952,3428.268030908398,5322.747743027038,84.59711417658087,7307.097812405157
0.005947099614270411,0.4947185834431492,108.91972938320527,248.75500636066567,31.260058695945947,1148.9873115389423
0.009805996824745694,0.9968989089953809,2557.4183520566253,492.0476263123904,70.54346329609066,2513.0189022441828
0.010024578756365487,1.4988964469199748,6893.398955529217,474.50967077347786,85.3065603686147,1559.4674560002436
0.008088265989835551,3.6748352569417033,11918.84929600852,2018.305506202277,318.39807038187297,511.8406060423214
0.010010183887623892,1.994312547304474,15918.39522936234,264.68506156184253,163.4889095292027,542.9962290307394
0.010848972956807975,5.793522316758075,11720.806901207445,1522.7629324875493,285.8309101891222,433.6274887369498
0.009889489246331755,1.0258027285389455,2593.2025664569146,202.67096569510534,100.56864252113094,1022.8578782138969
0.013061721717294054,1.9811625905169041,3161.019381534995,408.6165840309886,34.27381988579853,1453.452968095628
0.00994336755032065,2.0203022222698097,13838.10894232777,668.0392211699307,100.72205789848266,1248.1150814099274
0.009894641930307346,2.0321310906860512,14091.02270936068,1660.350875879039,112.18824247964965,2373.990177434028
0.00747275107770813,3.841318459908414,9791.188245293044,3062.0922777126766,306.25039074280323,712.4464676123708
0.007923375229922052,3.000048507970649,17692.27432768661,1003.9216232707367,304.8726115630165,443.4940255815763
0.010050947357768814,5.016427406834303,10018.315706500744,1220.864068847354,209.43773621314403,692.2922673700233
0.005807796391380921,6.115964996692249,17397.947820063455,3416.0698546939198,241.19947350554568,762.9879309739872
0.010383563525445423,3.8774705722284897,17869.766985917897,3508.8788446372846,328.1656399201061,1040.004472118434
0.009903837087176858,2.282888587638189,2228.0579489816587,1488.8517350442776,139.9569153053622,2021.0725067949395
0.011004691712769356,2.0048913782703472,17471.396517367957,1008.2994642464349,260.69039563615667,887.8146804098218
0.009387817362558702,2.965050749507532,6961.992390778853,2069.6251804451636,225.34898827130922,1442.024668866604
0.009978813754912353,2.026734864522986,15430.775497441386,873.8623973378915,196.71527373714176,1106.7203399684727
0.007916314470707446,1.5735185455096155,9740.047695472422,3194.6858541279007,223.3517938645559,2328.7781022813933
0.010754000928785786,2.0195451088204313,17514.815148420537,1093.0234132343362,278.31538077321267,860.2757570862148
0.009949735038159194,2.246055062974505,2506.6860122458993,189.48854506849295,52.04112904852896,505.1171532338344
0.007987559902072451,1.9970373034666844,5084.644416838802,2012.792494555588,163.0593389761433,2447.5585315760163
0.00903582008246607,3.0156738553930853,11010.65948730507,4089.937408524101,206.48557692675257,1989.2749944566053
0.005764028190272913,3.002444676207248,15472.422066539995,5037.403183445419,157.71996853828367,2611.559990948876
0.01302641707200322,1.7171950884909462,3410.7139326258616,216.29297532446316,31.007090095884852,978.2931609617539
0.008077827506937182,3.4743298735151256,12576.031802791087,1001.3390371478647,248.1734113845857,586.9254896711499
0.009280037206625843,3.00839578437645,17911.35485510036,4269.308725213681,295.73459742405646,1831.92183319544
0.013442927712481411,3.6185380766051902,13222.200083521684,2056.2954051768784,284.80938743805115,927.8133958894597
0.003955519034419833,1.517337298309216,5090.6676788787545,3213.041516789595,70.12479465506561,3065.160500261731
0.010976573509257051,5.970880761331323,12784.25093340554,2108.0986386260643,296.7998448452302,524.7020787581524
0.00794394992679453,0.7836649649739522,14639.614063732273,2197.5816301209293,296.99211997367803,1951.2352585141125
0.006188041264518307,0.9038783243341405,10251.51324816499,5338.3993458118675,228.92279739613255,4569.903406345693
0.01103171313826306,1.0094224041223239,15583.22434431602,1503.6290884604855,177.82227720517875,3065.9129718458107
0.009950750276091627,1.004740612956006,10268.714210637543,1358.7725521421314,116.6898664089606,3604.7065753855486
0.007925199238765016,0.789971531480869,12664.450527981091,998.8441633671033,282.0320481178055,1450.5361787832378
0.007962309476468412,6.206781988128338,7787.419513614882,1589.3780820497816,252.05805182165417,552.000535658564
0.010074208973711286,4.97031536781435,11940.506965179171,814.0042911949246,303.180340282613,295.3902499265258
0.011052346029749744,5.967699133058145,17669.130752683574,2254.275573892463,311.4643669071186,615.0261288848436
0.008196738562356132,0.9958734632488412,13993.452588143877,1492.6305539859586,325.01152970875296,1124.9802168934955
0.008055805333692361,1.5684540023884497,17336.50639942515,4953.286331955602,319.08316845919256,2362.8841430042144
0.010684779044062252,4.001790150121796,14938.266976728088,2034.6088374110957,258.58736870560875,878.3745241833027
0.005831226518974598,1.0036521029138792,11698.707282040174,3334.0279974841806,157.6632651685628,3914.3647519377346
0.005810740563200034,3.977253208827988,13879.723032213822,3308.800962400866,295.1491619047449,691.1892465801895
0.010204459116463841,0.5921103658739975,1918.208323079372,429.6557170872866,50.70338290802534,3455.381776249529
0.007811226874653832,1.5723482105827347,14462.791193562744,1586.9454211075417,242.84737979047736,1419.6649189376058
0.01003091273659948,1.0038104590795118,717.0898403691771,190.42463237794408,39.43444954439714,981.2172083562309
0.00995532387405325,0.9914342899664159,12068.438982347592,586.1330357410707,100.96630070362811,2085.7286083736967
0.011036226612685753,3.038221378848131,10497.096733943414,6764.147058042679,286.3673458834909,2132.6925776845264
0.005724759004287272,2.0108069320125654,7788.288706219504,1480.162595959028,218.12208201140174,1250.9769531287332
0.0039017346512508423,1.034626706921553,3148.625078831284,726.5790882760782,43.34651402271214,1522.7568618438022
0.010077594620561877,1.7553001439492435,961.8986441550471,767.8858539955312,85.73882795049303,1501.7050336774048
0.007952540819436993,2.98812779037985,17520.958037402364,1477.6047436789381,282.9817321119582,705.4816569548443
0.011191533503056185,1.853349457940704,7080.969257213374,2040.8346423902321,232.29794050495838,2279.045544846603
0.010744382531880486,1.9972158561391564,17323.810028760723,1533.0117971004338,217.5762406463673,1564.1002440747386
0.007876464810384185,1.0003804812289472,7208.479077835119,567.3354598327278,65.87824574822378,2308.1415182482456
0.009425725126845055,1.867440679182057,13745.159616073812,2738.4792122576687,312.62611041398685,1116.6253687596516
0.01005301167504409,0.965078713638603,1585.8820016907057,281.55978307204106,46.132279188028164,1547.0515060123387
0.010350373701300477,1.7680319712950536,13737.31989477876,1752.5476294540426,300.3064991157307,1060.8724953479466
0.008051284930764261,1.0045626493325597,11662.337317344196,2803.2968654033853,281.7469913039333,2029.794145820132
0.009860980952808381,0.981770107487531,15691.6785987197,1210.6081677959037,199.63092903391475,2266.192816699154
0.006012137009410779,0.7975698370344958,920.5388073902864,149.11234877343574,27.78779847321087,631.3151198256611
0.008140206119130548,2.004648568573525,17903.229130243973,1522.9286454503433,349.6806437471047,577.9961005787743
0.010929197253132206,3.024165130306302,13726.514052740353,491.0477021719604,303.003915967662,372.14275656198305
0.010004089449001413,2.265113564834638,3406.3634928361316,1237.5936614207558,139.64904927211242,1970.9315384511756
0.007971626324354143,4.9845486542163755,12637.746051240169,3196.129641046771,305.7466253844323,590.2565532370093
0.008033557296531232,4.016499661772521,17701.90616028939,984.9815039994777,280.23446488772913,398.94206180948174
0.007944993010622669,2.9906134913733515,15003.039220370247,1510.4361821696925,283.07425610728086,671.9276925300666
0.010032991037548265,4.891650835422491,4958.373213447101,5435.084374062303,162.26410810574865,2473.0613698215057
0.008292430767629318,5.3572659061116,13579.231152775328,1520.091869796694,168.21624779631662,685.427127337648
0.013073261075687407,2.0051861908300186,2013.0180676469672,260.3219403056066,29.126933658598695,1015.1419173497666
0.011881775784560926,1.0054184227890035,728.3269464668474,127.65058486236869,26.686118249666357,823.8848358710819
0.010063053133284459,1.994996372173782,11991.156162925856,2477.776637580034,140.7719312111013,2927.118317637227
0.007776136318124744,1.0043645761181226,7217.8393897268315,961.6365102716879,73.61372169957292,3082.485473148174
0.008085101127335462,2.480636049073832,9927.389626933234,1606.2679803442552,147.83566406684332,1604.8756985554007
0.01002566824136875,2.991031545057925,17961.830438670753,1995.2548053657931,336.6556816277986,682.9828464518221
0.010034638794177582,0.34900927759651584,2098.464774938958,2683.3949285563594,54.093431748173536,8359.513251221319
0.010623299982216304,6.00925112336863,17568.202697315224,1546.4424834876734,276.28659778775835,541.0394791244556
0.010650608608963556,3.0290558616596615,15636.426421677079,2793.000844996667,273.10539254095323,1351.269618300932
0.010014565590068763,0.9977026147364056,3080.167494413868,707.3685624944727,107.80395883642268,2974.561639973891
0.010095070772140093,1.9740159633661165,20314.51849496477,657.1605208241067,180.26916059461763,834.2937263721091
0.010377421397466337,3.7718206350943633,19417.823505110842,2768.060063739286,352.8916913338495,701.5073963203804
0.007899879765565047,3.0134003288387787,13474.539524526737,1000.9304705961913,176.3009719673577,813.8001549876334
0.012877966729960222,1.7438191702364543,3037.293631885258,989.9795572770247,51.99057572393765,3007.6151008242928
0.013255990894800002,2.762434941505071,2585.492493767848,610.8350506402417,42.63523179122851,1497.7905265324223
0.009855709896727351,2.4732329666984225,6922.662133812758,788.2424585743802,121.18148290054079,1483.0960969900013
0.011097923165971578,6.002372265124152,9907.711274754549,932.7198783756394,224.81199183406588,503.77401533298337
0.005898433479140822,1.999462915056215,11781.337325872111,1493.845171992729,156.14925457414037,1326.7876783165393
0.010132390116652516,0.6065177996312892,1267.878492489882,593.7844730938644,68.56256920264386,3793.8899430085025
0.007959695401116096,5.05827051624156,17683.695912867748,3205.6243675044616,300.6619679806679,850.8529141351271
0.007901459583155789,2.972777144447666,6888.321556063471,499.6208373971419,235.89033045365565,546.8376266763311
0.007843990542630226,0.5069535125934369,7886.574284931816,2012.7311110487492,78.99902357622467,6613.004300863208
0.01034290246312317,3.836066716834803,11622.994927470738,2384.9152871042497,314.4616272659505,698.0807359021087
0.010004809632261377,1.254107852201528,3283.53767046943,98.67841384607063,37.44442533993062,499.9154561228314
0.00807139077694697,1.0115648918934699,13941.083400192223,502.4266005441425,178.879606476074,1219.0007906528224
0.009986343970670697,4.988336483106078,14017.390832039535,3388.9185906249136,236.26256785915243,1275.098932819553
0.00807807257015631,1.5975285930049958,14608.829479259508,4001.7493138965906,262.04034790154947,2601.5596584745713
0.007900455493783832,0.9981016032026164,6715.493325701009,498.99933212823373,180.41080476282963,1830.3809645320969
0.009986935633202035,2.5271375831149445,6892.277419380855,465.0976125546341,80.7428951685312,984.4342868931005
0.006210052957603702,0.9072885080669968,6853.546815004721,3750.9889065718958,160.19580564099076,4707.149395666701
0.009996303572441896,4.9686407365920955,17449.397332115117,1485.3592679256005,333.1662772682685,365.09129457566127
0.006047338264247727,0.7840928865143587,9910.42276134139,5078.153349820982,293.9939084563388,2286.530281703045
0.006013035097572273,0.7871574476434228,14757.56832769677,1611.2896913676188,297.14793379684863,1378.179670184611
0.005866092705771625,3.9194942160043946,11739.69420553059,1497.9133806644315,232.0604179759217,517.186348367706
0.010937779492889843,1.9960674352597592,5804.580075134141,1522.9948740607501,218.01443960066933,2085.1729331188762
0.008043384650644442,0.9979123652999202,17575.3342014183,2019.705603683235,223.12887414496058,2613.883794526096
0.008133458765794391,3.65510007393146,17998.327660928822,494.7534013561946,260.3819845828607,312.5111934241041
0.010759176453878349,3.0122409215377104,13732.329589930596,977.3422931693572,236.09563582059798,802.3984593346767
0.008054141436554394,1.5903574579719544,9927.351280676234,2707.736241349347,176.3510764931316,2634.9711109076675
0.01355551437188083,3.6849751906073767,6940.025572045091,2036.0211083497852,286.1605128488487,1218.3471097050224
0.007972137931831687,0.7626505426558106,7867.188611736366,2694.848172836367,232.43289734712647,3217.927346534667
0.007969425049108175,0.9945665866885731,17660.769760242398,495.61997918656783,310.2690579605903,645.7822867589423
0.010191701104028617,1.5347380361372476,1397.8954646034913,280.6251497774756,54.53576353577546,1034.8809192208878
0.007751143763343546,6.059548636104604,10142.345635804159,4041.9671397443267,179.67287381138303,1280.8883635179309
0.007854760394377703,2.0011429565574432,13586.854357409593,2809.6401751274507,97.59089452559381,3213.8217827403255
0.009965364137878524,2.1195255405290614,2079.3302814188837,419.5960044019631,121.59398991449221,1072.4661728840833
0.010153765181599834,2.0436057690154934,14162.521878785672,2245.7915540978756,123.7622438890153,2892.3981139901966
0.00996859400410598,5.046608884091415,13676.036233296512,538.4230994677587,233.90594012871784,333.729018502446
0.008058819159006358,5.0208618632769015,12639.498118296075,3258.453851955355,251.89089521840785,851.1685183252173
0.009893609007329905,1.5324522997982508,3268.6606803870227,664.0030600413801,101.38769852820892,2036.5764742155814
0.011006908315307031,2.010744168808542,17188.901535081517,2778.813657987135,252.0625192235933,2257.1782577649756
0.010055398008739837,2.9502878268378034,11910.710955608136,2326.1647568125436,223.91529295612025,1314.2958060027233
0.007909662210279037,6.042652908186019,7020.19763893425,1987.123705811285,184.49891722134203,777.1265800355752
0.006078459195333511,0.7778597095888566,12641.541784890556,3199.8488818971528,278.31503452934635,2133.9406943373388
0.012970329714885757,1.9387741511252479,6912.129034558248,1377.8751072799419,156.10700063254316,2404.270284939226
0.007963512953403234,0.999515565489745,6862.314277228247,504.952802295302,92.43346237561721,1881.4650785899767
0.005760568598388789,2.99311652610587,17804.889974786587,4955.623599593644,195.85546978310947,2399.5971464393424
0.009221518330311658,3.059214390881364,6968.361936133096,3985.7243469261775,270.44243193009544,1616.5279853757722
0.00603293921882779,0.9954983170136502,1117.2919651177963,1069.4093541984853,66.05452955817339,2568.0937158410325
0.006122470808812003,5.127740016197023,7069.121573624008,1370.0092741406306,245.66619139370755,530.707725766668
0.01012581851006206,1.995646235729645,1973.9281912531064,1187.2621934189854,121.24642966282995,2035.5560726240415
0.010092266236957418,1.9747843171000843,6485.38028254609,1199.6936202662214,161.95024033039837,1937.9773742983045
0.008015675445990637,3.006103177916864,9763.908028710024,2032.9351259575067,215.29207043389994,1245.2154745731482
0.012849604110021085,0.9483052130417309,2332.7375442245043,1090.9054361158678,147.99182911219813,3960.6394125887996
0.005934696440706398,4.00143845408083,6876.9208058985405,3314.6714720439845,59.041883195643585,1838.4457430612702
0.007751532321488446,6.06894960842836,7095.337018255209,1075.342083363126,222.3452099994213,526.2041732758655
0.009943910571283108,3.099043377042411,640.1047088800302,700.4465630850741,119.5654999644251,803.2024388874355
0.012521411902179796,0.914926642833602,7079.019631492399,1934.1726341374285,247.76773960877554,2804.290371661664
0.0058133553598427815,2.9575331113375283,9866.01844012905,3314.2564075134237,157.47993494207708,1585.5718036801102
0.008045345111404386,0.7887279267991372,14588.600269942588,1586.244571941154,292.7373750980066,1610.0706879071124
0.0090820773947195,1.8208732892280286,118.72562597123243,120.94181876794995,91.75101303113112,344.75073521291745
0.005818501955230893,5.048752202316161,13583.341730415565,5091.481615329954,196.25692628216171,1390.2789213808946
0.007954942351843887,0.9984518665755958,610.317756556358,99.52940204873936,52.38031235029907,438.31405812047086
0.010071334655611686,2.510582370809706,1687.637570525053,1577.326085369343,138.4459970565379,1753.8858179974084
0.0098713167892646,2.0182797440177946,14092.368278569344,1602.9072872126371,114.49303821778965,2213.6386482788043
0.0050992393059641665,2.6269211458975033,15106.411136234701,3522.886786799028,324.08827475184205,679.4404003573095
0.010220978820463697,0.9946169604794404,14045.47333525575,1798.1131079259324,210.686139096911,2842.436516223181
0.0057453479130824495,3.971166494480515,11855.400344082496,3204.1227012934064,261.2020517596205,864.2593075779333
0.008029864381317215,1.580272718224126,14675.28295696757,3171.0672640622233,313.9324112135649,1432.0341974151524
0.0078056271993064245,2.0323567717047695,13864.776778952892,1489.3195253633362,57.54606222075838,2055.4893745882255
0.013332098616666416,2.2566569434263593,2421.885506831294,759.5048852586834,49.484744593562425,2023.5611404509043
0.00794340870122621,14.910192058824896,13538.488467121779,2007.5068932072359,246.97672631133216,229.5720831224514
0.010781058991806973,4.0301090797095425,6961.4374790050015,2776.2929713722683,256.686516909733,1243.836856085432
0.00808352029502262,0.7705693362992212,7949.6836395274395,2219.981384411591,124.0345789012048,4544.75324153539
0.010040983990452512,4.979663222061554,13839.830783229778,928.6865140966601,314.14891035060623,290.8917551364734
0.010062480765954975,4.968827902157435,12033.896381013077,4028.561994927156,221.8795208260264,1389.8403387878711
0.00792336838366068,1.0074630210627709,6789.15625359026,3961.7661257087893,159.82546518516003,4470.704876985153
0.014118396354937508,1.5161754915864754,12528.384065879192,1621.2199533925034,307.69283847377073,1190.9296771828688
0.00833193139912393,1.0302206432624164,7912.880618565942,1654.0413074389603,246.4021137422046,2379.1039303393277
0.013281941149399021,2.275142162845568,2662.1962610059027,742.0592978664802,49.25385689135834,2002.5260031694015
0.004775989316433144,0.3170562461149491,13597.064334166871,3900.6936849278704,313.6518971030648,3324.211576901334
0.009997236041264887,1.4956402312696526,6984.770370642939,674.2410917396322,85.23232845822511,2032.1242913761203
0.008107107837794534,2.4380004704781584,17668.676367927044,2712.993834990887,259.3806563773822,1572.3355473858119
0.007951828015992908,3.0417972491674568,17781.26454633008,1973.9777869453956,213.3734908130654,1259.632355178186
0.007880229585594204,1.9936131033697064,11867.0463232875,2014.6213219131982,234.8925541208047,1355.3529717004412
0.008073223803592947,3.0816304201428437,17495.02333791646,990.7949921061645,323.8801296603125,369.70567952069337
0.01005159586648325,2.014044504414583,9916.396966935805,1138.5446778479804,121.0960683207972,1923.3157864771485
0.01088824131922599,6.010538543053206,17633.206984933546,1582.341091377398,320.49809925256966,389.7789566596282
0.010715649291351166,5.998749075652804,14599.065807623007,1018.7859103746067,279.39833118071937,359.83760522123106
0.009914567467303778,0.9762874043788056,7639.347030309297,445.9664556072435,125.2022602231739,1954.831285801296
0.008052308577270068,3.471809726923538,12963.008298192022,986.6952354038863,119.57924313387159,836.4822195298498
0.010315772792746713,3.860406451939847,14742.873449041806,1115.488565456253,94.9519020203951,1094.0434836969775
0.010081598640352745,1.750075386367763,3083.54416579421,1827.0312650881297,148.35957924287516,2885.0866124298745
0.008220873304644057,5.3604077961154735,19633.061263676183,1996.840372140884,220.87799631590514,823.577799406338
0.00769459108579392,5.923141703118375,13848.89679355277,3956.9503137789598,282.38265538603923,809.9748027101822
0.007920191683056537,0.9902354688909275,6882.764350826902,2007.640399191791,266.2508705889018,2504.801389646356
0.0055672679924221894,2.013154287057543,6984.922372285143,2039.4300931692305,250.94117407966127,1306.934354497411
0.006990632435146368,0.5649649255885534,10240.095832806792,2951.259882816073,300.98589322534934,2375.424555640945
0.008070797215775789,0.9990188873312595,6853.622826104695,2001.7201173307103,129.41007702839406,3616.8427803658396
0.007954047259701795,2.999641202366107,13599.03090207707,2018.035651183605,198.95163151520703,1162.5363288611638
0.007748675326049068,2.062501015408647,3287.0525419254986,472.5910714987528,103.99927591982086,960.5846075636452
0.01000884282975532,4.942268613019423,7044.1423915460055,1625.248922033331,178.18308670326334,1062.349198720588
0.012169263939150734,0.9602715424469711,298.8816265490876,404.4410411355564,123.1820937692806,1724.9428080687817
0.010155565335716488,1.99828611306469,13908.399917593617,1964.9240142843362,325.39543830218,850.6442211339289
0.015150849956498335,4.012383637564347,6466.804567775402,2185.1843269750157,216.939639155681,1498.3820124087376
0.007785651032970052,0.2520591266731062,15611.587693592162,1000.5358264855511,238.78321140821225,3460.748595571845
0.00819703439997659,1.9862612143044684,9942.640393548198,753.4757482284472,304.0614892281062,752.7251895766085
0.010074841701150328,4.949579184451683,13669.6041704333,731.5460072121662,313.8156286550774,251.26305620263696
0.005827220917273455,0.9972758280968159,13820.794663588376,3357.739122596371,78.12346449823175,5297.428805699324
0.005833702657345611,3.980125060727883,5963.83069570256,4978.521845611402,98.38280683141707,2231.713306648839
0.007949602055541405,0.7874473328501216,14615.261742659664,5102.101417375187,284.4598887502825,3825.633313558312
0.013049107224228793,2.7634318891670118,1075.0026113915565,811.5083325008526,43.59636194726642,1499.1780944772927
0.008209389900364168,5.408056732817284,17741.175151257252,2266.6526423022096,335.77346520713303,460.73524051744016
0.009386552132233553,1.822574094585851,5337.54651090995,2660.53091202289,202.64815790417052,2683.850142005329
0.00781299399009624,7.058014368093609,17710.815306948225,1930.7886156418601,322.16162340566314,321.87146077548806
0.008025461933214146,2.217677624434263,12956.648672406533,1625.4098679143458,282.264367507742,895.8106807878621
0.007952061693046412,4.048207148789481,17715.9925160968,1997.70245463135,262.3524767642227,825.5992819729832
0.009445156717649898,1.8169248421536073,14862.0510855311,2661.9623174209937,316.0975394715773,1214.3708803335116
0.008027877573505973,2.9884036895464083,9777.508169010513,1018.6877333758667,263.9144293635393,684.9333059660968
0.015052632393025378,5.932524951638175,14709.426379503213,1015.5393548513424,198.08200804298525,685.4404862764633
0.010554889481799133,0.9930974196544058,14668.21743596878,1527.8306819824886,259.8971392924577,1889.8447829086565
0.00810070190512541,3.653743067305817,3026.09639896353,1487.3295192557657,225.5105143097691,864.5070664760868
0.008194917394741761,3.6869502721032674,12114.375695845743,3076.5294351696384,226.60175081351056,1192.9632180621747
0.008002014871396708,5.885038226642034,13719.405795970895,503.4813752739353,272.809047057117,172.11132486745544
0.005803873286070676,4.023783303777137,19739.545166736214,3305.221410790756,158.95579235792871,1490.6454302051698
0.009991306944365463,4.95892815271891,11847.03647243616,2271.135004975076,219.80053415064563,917.1985127890209
0.012949817687171065,0.9467548350128505,1155.8679671019695,434.08918970921036,85.92140176385013,2440.5793848512353
0.011046847857700963,5.985972926421839,12835.63242735486,2145.9777511117713,280.7073942923998,583.497550239942
0.007959548792970682,10.990357873424546,17916.443922612354,1015.8366907095788,118.91581255411539,287.6450757155236
0.009907638024874403,2.973294639446223,9986.43614785685,639.9571510041127,205.2048804520285,773.4073597834199
0.005920834371832235,6.046820609255904,15557.235733968542,5031.293613510229,239.4072895844028,1121.0205298068743
0.0077541018199375564,0.24936523937197383,11828.357631214623,1991.9342737003328,242.94894624962606,4607.57501343794
0.007924580969824825,2.985390516373612,17693.47553000918,4051.215593416867,287.1738838612064,1622.1270790076105
0.006046496340913129,3.1597416949562493,6969.675155574956,2955.347206241275,275.94711818692053,918.3391499144516
0.006056313902042488,0.7986654853537654,9833.11484422217,1582.646721079937,254.50345021014533,2089.2962184895946
0.00794286728338789,2.9573887826233447,9837.244587826302,1984.130652392417,91.62571078983262,1684.8820617142414
0.01012334455505582,1.0060926335691591,9882.611840868316,852.8527045672793,123.78078872560671,2666.1466461412556
0.015179370509660882,4.070885496645201,5008.676251336661,2235.8513988043837,183.52352022104475,1894.5784427535955
0.007947872902963369,1.6374619731003734,15795.395953185323,2069.7605198315077,260.8564066433023,1620.9281095194901
0.005784915308536277,2.983925920389214,14623.939341795089,3312.767655861095,179.3299882847317,1564.7665913170113
0.012983528627627992,1.951974930661401,5110.568400563685,3804.054567616243,254.60475664798668,2620.8727931247254
0.007902423668816315,2.002959984526653,11854.603138228806,1981.5870998033172,178.9081765469934,1818.9059941546327
0.011444891015168053,1.7277659368484304,7044.268865941918,2037.3577319488522,211.45558100522328,2653.2374660532128
0.008068003706538643,1.9650235724509975,11895.266104974695,1490.3849336844191,98.27366703201871,1969.1984940841269
0.010062242355450291,0.9514660877917177,1543.528154116078,795.925523818449,75.00733766524058,3126.121353633847
0.009879855829806033,1.248841673458262,2753.301104946603,1557.2261730177377,127.01037401402961,3521.288304879195
0.009588492414769579,1.8124162540989954,13693.242521063088,1389.3731273225264,315.0745194252488,774.6333580367414
0.008036232178419903,4.969571143114106,12710.333487182008,3980.302511076135,307.4359613796152,814.3603655937313
0.009927554778000761,4.942350054477449,13473.820778040214,4579.92995841392,234.11917763643947,1648.8380030476671
0.003956479749463227,1.5038429797389097,7182.175880302144,1668.9312374737406,90.52340046250752,1996.129267454398
0.008029070562622196,11.008492860449774,9748.262549632916,1517.0253784414526,116.776738652426,415.1588486318222
0.009334476621670525,3.6245084440814748,6959.649218284255,4317.799230375427,188.72677001998494,2115.7441758857353
0.0060082881791543395,0.9941349709831782,529.7918470286047,151.1363342851303,69.36753649563197,481.88713229727455
0.012822519684148869,0.9360183672518192,6877.194740610486,1902.6239978922408,211.57954547424316,3259.037422255522
0.007902950319576657,2.973606340712047,13713.591903217623,1001.9703817549175,242.71839080219763,626.3855312306454
0.005861631238997936,2.993133126663477,15856.39251914039,3349.923221021367,178.97190524782621,1617.3498875889618
0.006216142124138551,5.56974946821542,6876.241957328268,3875.0654520548005,266.3225548275587,837.7271650420641
0.007654610586229745,2.0702801810223543,1368.6701695470722,589.0140377290418,119.76193562710752,961.9246678556347
0.010555942112218013,0.9804050535667512,13749.058126371287,983.9061484738423,294.50538546930454,1298.6941239919415
0.005970236996538883,0.7962836158264641,17608.59477220564,2665.9720825132504,330.3843287974385,1682.5225091431419
0.005605961141137539,1.3762138477097117,7038.687518856609,1016.6227214786154,159.57928564822961,1976.0405921181334
0.0124766717774528,1.8338586426403412,6985.868858589631,657.143858483705,196.0080081054819,1493.1744726432785
0.006204227070659235,2.767655090187756,6914.917030549561,3957.857007225317,273.44201692072204,1447.1017065828528
0.007915887953817946,1.5725557147213862,7846.28828645283,4041.97486276443,226.42462654738893,2585.0208262245987
0.009974266046659604,2.011914706021634,17676.954012805236,1772.4311214007585,147.55351259656157,2193.6189574467776
0.00806592642891892,14.791135926146248,13741.341126281672,2825.8936676089156,298.8595558417122,243.7259647109948
0.009956607796539773,0.6059131723837491,2319.4403732497444,505.3793693160444,66.96673626033673,3908.189768196551
0.009930428234395777,2.01159434983792,2049.307893158116,1241.9226488834631,35.18582202623552,2477.185994963667
0.01008233986763812,0.6030646722175477,2546.0658864401903,687.0779299733201,87.34042624299842,4413.1482809421095
0.010120530238284159,2.403362551619091,6896.820037655691,4201.532951411703,216.9610495193392,2372.940331842313
0.008059355613723168,4.992342725605977,11887.394578272299,504.55043703807036,302.9730618970739,212.67658753417533
0.003977783561409847,3.112630301440938,864.4412743413518,1245.9714473337544,61.130087508156166,664.0167731646369
0.010032805958365386,2.9503754136995597,13642.924499349196,548.2953024996941,313.838089688502,380.10465603804795
0.010823702349624147,4.924311550633558,17503.520079754733,1015.5723167643796,281.9642678323667,403.2476829071805
0.008060747203776468,4.957259473780213,16064.822226964761,757.1043601906551,341.3548374991047,198.03798694936526
0.00993391633130447,4.973108828041449,15652.123696671939,1339.560580702046,327.4448660295029,346.14056806909446
0.009724319502936856,2.555035235283672,8987.716267067173,1362.6716502028585,87.59515625654745,1985.8328345229131
0.013048120376402845,1.9839203458264858,1609.7556531414775,1043.1770559132278,49.32302044422137,2558.699211042396
0.007911020084189946,3.0329616237596713,14917.675860379633,3011.3177698873337,200.5346816138103,1669.0280667512977
0.009986876103559925,0.6074220536725813,217.66997145178507,136.9969130938418,44.275524826946025,998.710248778122
0.007961515775249008,1.8380764000381462,3002.3158045385853,4050.067465828793,173.12656154800513,3238.7331484545916
0.009912893275785718,1.9609258307526678,11826.39015962204,3152.6116229691593,221.95901466319194,2423.668709794067
0.00801848558751678,5.988332948389458,7831.584224760153,1611.1606266455303,207.18881703491834,634.8898428799604
0.012581461035145753,3.7331183511735286,6897.394135198319,2584.050252827671,251.57087388569425,1478.6588559764282
0.005470156708679837,2.4676302452543784,9388.956131444944,7202.6134298009,294.3409670369109,1856.865442695801
0.007707954690199602,2.0667298965339245,1669.1550446590397,522.8964585415556,114.74127715004985,974.6951047796929
0.007878822820114383,1.5988924877788921,14766.18851790491,3168.32908385303,222.58083340634127,2549.017446095613
0.007906986445675748,1.9914640322637742,7946.635454860896,983.0048042453105,242.18315361647925,1220.1890953573602
0.01070681945071554,4.019528856907049,13768.593727271525,1538.3305147091662,258.7902021729529,715.7090105944
0.012988305474763949,0.9668719033999703,2312.9522858783153,205.42560543841176,50.12350865816801,1454.7386592886112
0.003826607745834172,0.8278223150976177,12849.07019933024,7393.680379080049,280.6302731491732,3367.656381031893
0.008169287637823564,1.012557973556763,15725.633790312657,999.526253762321,321.45106244057234,895.1168084081037
0.010673182885179345,1.012475117519653,9742.766490099233,2013.3331714941235,160.84368400199764,3700.638265690864
0.010392976220201564,3.8142192435822366,14940.431425578552,1344.4846973595727,239.4573745300398,740.7597498607093
0.00762921045015115,2.0611090833828736,693.7377999324609,1064.250986090069,128.3794580841274,976.480506541488
0.00799683359836953,3.614207488890936,15993.351273941156,764.8025285500894,246.5996086730099,441.7519727904886
0.008125130878855866,4.99088889068771,12668.84024970549,1612.4042749034522,259.38307297715903,484.3932701876541
0.007791481245235173,5.985239294443557,17754.90607311976,1082.1841764564922,149.74326161282065,488.510199215303
0.008051204364929745,1.5818965243332226,12624.752033857076,3961.4171925774467,293.314253966507,1849.5676864708062
0.005988524943430691,0.7821876315690885,9708.385430568595,2702.700589896978,197.90294609484656,3247.127797527011
0.01519001365700873,4.004504883211931,4930.033758096344,1204.614315142438,189.0785423466626,1403.5766498734545
0.012760437902756156,0.9160370386108069,6939.149128757886,1431.9257251803915,239.00920745373426,2832.6846293755784
0.003834960576420562,0.8089860177418539,12685.440913354127,3999.6391665745286,261.79578813307893,2427.3704311571973
0.010079206696218776,2.5014382239918977,2094.4920039717977,486.79352604839045,77.05832861015243,1039.2621588483946
0.00814992819568392,2.9959821808727036,2949.5243485193487,1492.7997181633746,226.85611604745787,1068.826674763322
0.007954335227829536,1.5745191990488145,12692.566737105559,4059.919460415082,323.2225374082945,1381.632568856266
0.007975319947242706,0.5023236788970095,11734.719809670494,1500.5354980477582,256.6688777377857,2814.0037307141183
0.0058644682997701985,2.9416569908615626,15629.27405584202,5033.684945860776,243.4078246154552,1979.6454684367009
0.008126601117531962,0.39399370911135195,1984.8144975678902,4934.876284362851,29.016367376951425,11494.712044832797
0.008028407817942278,2.9884129564716386,6804.6691996005175,1995.9933711647627,150.82993068768886,1614.6853864082887
0.006146345378212189,0.8903506256435683,6973.403537019789,2675.534400966384,217.87433200528037,3291.834977759023
0.00788410672172334,1.6153386988102287,14538.049684794285,3856.0801854361903,306.4092648961784,1888.528486205521
0.007877620524105651,0.9933609656760347,7140.34562897589,634.4653990458679,65.96980506998734,2525.0682835148637
0.00979563300294106,2.0195085076633146,9823.706647565792,1603.3028530838374,140.84202515282928,2112.5900292219903
0.00389701968026931,2.070394900870292,1846.3487850217728,715.4150113191376,57.15669238502676,768.9794955153271
0.005834560660518352,6.050013781748754,9788.251910775154,3365.582049938464,155.79745786508025,929.9086446505389
0.006072014164120894,0.7846185274004117,7943.671386108835,5057.4145450274855,220.18525522056274,3930.9039062831584
0.009949117210083016,2.0173964495880345,11966.662270884031,401.24884369615404,101.70490773514797,952.6790211792107
0.008149589041038994,5.947266019208216,15798.647092888958,2000.2224585676859,289.6124563966298,462.04012654404534
0.005821009946507651,2.9862297369783084,7985.525980850021,3304.428540446172,116.40854635986967,1935.7801986218085
0.007361868582869748,3.7875944607100624,9908.864874724373,6029.320303913344,304.6662268046695,1158.39435983672
0.009842691010458905,2.992024954483094,12158.725758019566,5036.42131685575,232.93496157497333,2440.939241541033
0.009426184799286964,3.0606192610753125,18117.289574560473,2066.628985091926,337.71106765249857,763.2159610660416
0.007802145621716034,1.0227884426811271,1040.5569498041034,405.9865798219794,100.06240411798711,1370.1677813354977
0.008116074835142569,0.7634095298330755,9874.14869920218,1609.2756873985143,139.11068518534515,3771.4887136771026
0.010763678353928012,1.9578309720936822,5719.744445232528,541.4896392818761,216.45630894507508,1206.6530195875298
0.007792952447615396,2.981992335418317,6869.618412812141,2004.089598927847,208.16624750028632,1398.1095013968154
0.005719323171203954,1.9910701208152324,6886.093151028097,1479.4638227659018,266.24668156657435,1136.15137190542
0.013108077290926562,1.4815343500545437,1516.237707756386,681.7478283177301,41.31203196447843,2583.9694633554122
0.005791244860281158,2.018989894542048,14716.654610370451,1502.3548424247128,158.0861557153665,1206.905841268667
0.006166912649121326,0.7828977181329467,12686.374527109865,2200.049050284642,308.6976959871011,1418.3774924928475
0.009909230299037067,1.493088388532241,6981.871214360389,454.9937843084993,91.05780214052871,1500.3079202334975
0.009444355039929972,1.7242986531529136,6775.302182391852,4178.313912734893,204.58569512292163,2821.738128925513
0.009999440462109124,0.6023848579591752,2263.82216954843,517.5876318390649,69.50069494836902,3905.163690741638
0.005809564337942608,3.025068025471887,6921.318741489886,1498.4125384383995,280.51771772815886,711.5530948365947
0.007845160776273221,2.016101594761916,9667.683314133876,1483.836906101948,95.6434462451652,1952.09670402678
0.007900203518049752,0.9964632991374561,9711.520003694888,1968.1113055547655,275.45318451406587,1928.7279367147319
0.008063738682340345,0.9882708895315685,6805.694919334028,996.8016670346431,122.2226855685425,2833.3375343308326
0.009854655528578891,2.243741185942056,2476.4141782427446,740.5218590172583,92.34691918391722,1493.4909102683448
0.009245472882054765,3.0532710781265826,11287.92901129133,1005.940007119417,234.9128823255292,773.218420895736
0.007877394657189837,1.5808036991560994,4898.793915774207,4029.6213300879867,233.5950529368684,2832.404773147048
0.008046588903980875,4.055230154199589,11535.936824298404,3310.1784346927743,300.8079361397243,795.0632716477317
0.008064956328044782,1.8005651609789743,2977.1056272007745,2020.7044173757638,208.22332341549094,1933.2573282647456
0.007990884858543094,0.9865380278535898,9894.209431476225,1009.0342516294318,118.18692916678053,2559.235232857165
0.0061303357431650345,0.902777559923596,6785.351274699941,2706.638428518761,213.13792381972826,3236.67805066639
0.010079109894731469,0.995932406718201,11833.868764810652,1416.0676639707324,134.1645818661029,3280.683634239001
0.0054868157605256675,2.4698438290081395,9692.7610660079,4688.409737892821,255.20219265491852,1537.7297534996626
0.00949169213930604,5.533665892586402,6937.767760780607,5509.694868666598,264.9580285872265,1312.637345925672
0.009853999190647438,0.973729074115892,2255.340870141931,1936.196274465252,130.1252046710231,4322.534009391982
0.010682025559362561,6.026564909930261,15627.513649113227,2818.556598129312,320.95641729058724,597.39562210097
0.007966365854180051,0.387878445561494,2483.1415615567034,4738.305632945754,112.18018612015949,8847.679173221004
0.008207235945335283,5.909601741876868,14355.94684336016,2696.8044882443132,277.5197339417867,667.4215294146811
0.008017040572602064,1.6322882481494456,15642.512174836835,2264.470541913397,331.62591227368677,873.2637794134912
0.010230004151077558,3.811723929717001,19844.38222202172,3012.60412859189,264.45369026270663,1369.6698011214357
0.00997405607795732,1.9823217597107787,17786.28205002079,542.1222003231387,162.77996706722112,818.4792332933732
0.006245671334500626,0.9157150106665981,6810.2167727677315,5341.402341380274,197.24480586929738,4587.643671211606
0.015135566195750759,6.054640600053104,14819.373396178024,1034.5702471905065,219.19321446140648,644.2670720746121
0.00805552329725617,2.46598652900121,9783.046761840662,3971.1384750917637,276.15604436956437,1454.6565220413565
0.009436595095026042,0.6268524550335068,127.41284011629644,160.0716658117524,71.0672377130504,939.3117489226786
0.010018447816598924,2.4759797676926976,6862.489664325584,536.7860658640558,156.97785238378725,1005.8394603345903
0.013006541923559318,2.2393187511334753,2833.25918258031,747.5691986519757,50.324234749102374,2020.3824550983243
0.005963157879749744,0.8993176795433423,107.63261898149854,100.83435867206221,28.052921966863575,330.09508705143367
0.007987130420355459,0.7774882301311035,4908.415491923092,2728.9429701563704,165.53150324036608,4452.3169854004245
0.007839092791870676,1.03817257255572,1297.0956367917727,385.66634902645256,96.23798700817586,1402.0083582449386
0.008162311450919798,1.605498185203165,14721.914064919425,3203.700856610362,230.26968494277273,2536.1957720746123
0.00927649676366697,1.2028687097835118,199.46187961360687,298.04599818096506,112.6485755460429,933.896260020883
0.009843947011940114,4.998912174876131,15986.79061585926,2598.0048466524167,322.2412621864487,614.8188879888288
0.005789752130009939,0.9854814625937575,13861.217794776487,1492.7141911808826,319.42592467921196,966.389108536487
0.009939479539326822,1.7179629281385418,1326.215405789965,677.2373291335209,82.64336418083305,1531.6642101462032
0.008005799925516524,1.9716476697971144,17808.700437840464,979.9455201391713,76.28398768895048,1400.4380710718985
0.007912019293725604,2.9928409714081368,9885.9233247552,2073.100826637653,176.83760463668807,1487.515666903465
0.008040802919746381,0.3920819117313347,1941.942728237456,4827.807176025942,133.49840290594668,7730.53407466027
0.0081421872418883,1.5716581598583663,7867.3853896355195,3255.4680440753723,261.7258468395822,2029.8118860696434
0.007998169601477883,1.5499728131506083,7732.974990674409,1010.6023301161497,200.384423026303,1724.9759242039117
0.008094079122453818,2.4786237611344304,2931.016187919238,991.0334796990304,147.87584511585774,1295.9038240200503
0.009892417237335685,2.507965695876831,2051.5629711942015,324.8734974479581,52.89813261844476,758.4049773143453
0.003891517094218892,1.4749790196646275,6981.460646978263,2557.265844460972,59.68078575500744,2614.281665485549
0.005738996775572986,0.989208894324888,13827.51165150429,1496.742572268246,276.1395006161802,1268.0383635833566
0.008122632270986379,1.0110041980424256,13875.489899247059,988.7936942494266,106.63646967441734,2348.622137165484
0.011010413963541698,0.9915261679527065,11678.682626481908,963.3933936832668,136.5675032006986,2673.578268651356
0.009827417079189691,1.0004922355609263,13966.20322850202,1053.618563380919,184.073744884064,2170.8261501312754
0.007950967373427709,1.5800064139005932,12718.295719181933,2727.6956108466557,304.22803613969853,1295.7086509783408
0.009937809364689763,2.030451457167584,15971.089713338315,499.3147073946177,132.0499254308825,870.6243103476363
0.014683653951244305,6.010576679527638,15557.260754523733,2091.2340798774712,305.2728060693592,687.9404767587929
0.008168747010466168,4.036878525840649,9666.0302908604,1995.3913034394425,260.0757912788336,733.4107194514042
0.007879382143897296,0.7820214331579732,4873.525251080918,3180.6539232656573,158.0810194653991,4628.569416677126
0.010074079124039285,3.0176466882537687,19637.371868058428,3018.8692755890443,347.45399720826913,986.9944874163472
0.007858043172092832,0.7866654077314984,17465.304979310964,2716.955255150451,287.30836236665147,2621.209324313512
0.0057414566153494535,1.9972572589055984,14797.248812810776,5027.166121115576,261.7640741017913,2225.0413834351752
0.009536647070172473,3.0423849097976787,6890.4441830759,4126.184836574167,254.9828028835145,1803.669404033118
0.007955812535404895,1.998553186246657,13097.145945409506,5017.092724583873,263.1972136974086,2373.0392678233948
0.007923268292008144,3.018066311052136,9925.398114318798,1048.7638312474455,177.43836503069252,971.0505448565812
0.009828398110009911,0.9630248902896256,2399.786914401849,2407.9715099546734,141.48209438572252,4619.736648714329
0.007819806911210137,3.132263717178946,650.4595529624394,291.1301279231786,122.01400355659288,365.33260192179614
0.008171789515368991,0.7803630391791603,14686.650945097208,1601.7680703801816,291.38386312167563,1620.3165927410691
0.007897714228340694,1.0016727364197404,13254.683422470174,584.5328593257228,195.53375473440425,1303.156341501698
0.007840631051381917,2.9997065063647073,14709.75074536826,1494.2958740566603,258.55336059121754,750.9666757593154
0.013314224527003938,3.590916591019907,17964.07692252392,2074.4978017307058,285.47023232363466,1199.605012796345
0.008052752586992368,6.113505304370268,11955.571106904043,1514.5352766401518,219.11860650782026,505.5485495313339
0.012948225129498921,1.7599977368545174,1680.5274510901768,879.7611028128622,45.91245317047252,2458.497630529761
0.009492051286516683,1.8606551400152307,11107.26087358354,2728.9973062990207,285.6168248672661,1286.7480818696174
0.008033046638004379,0.9835333720418512,17997.800661694142,1013.1718141406583,165.73627945530268,1756.688816778304
0.008171065344470773,4.9572416974545765,11975.469454071095,3997.2743907034196,315.18560408466954,754.2395626939667
0.009998420627248924,0.9549278521114527,1401.8177591319443,289.76483618925374,46.36087823988997,1540.4746920377736
0.0078533872737799,1.985628530919919,9773.008456001378,2804.507120768407,178.60860524080914,2239.0148562137456
0.005822016101700702,3.947187841379451,19439.977240995504,4940.503215543496,198.3132909946446,1880.9343413105114
0.009994185701683304,4.990533505150208,18262.746144283174,1997.8757532852526,336.10812374288275,492.1397157133995
0.010039606989832849,1.0087864485807099,2043.07077466398,612.0766992384399,52.35699580054167,2818.6081139511116
0.014880074807718295,6.092207921813016,9918.254046691627,1426.9721074613465,280.71902838353395,663.4645279054504
0.008085927888956708,2.988690720956373,11714.684668697071,1978.1631919669326,285.78620627557257,857.1959593240988
0.008086728954795862,2.9880281811119036,17297.978392175526,2810.4368657515365,280.461349910441,1281.972055884159
0.0061036037209187,0.7737761497636417,12781.40277376639,3125.622525529314,271.9051683352844,2453.979714706617
0.01112648754038518,6.11288851596019,12585.805496469418,2672.232731764378,271.4235873065974,748.2755860284627
0.0060182281034824965,1.0044121689419891,4080.2823226606924,814.6379734613209,53.56213951500438,2733.177529765121
0.008060605523432645,2.011139601555387,15879.851310124204,989.5499212490001,249.67679137599512,883.5803267300965
0.008113873757315596,1.004612730949239,17746.87627148405,2000.834270298159,86.7051245999924,3953.143040477177
0.011013329861497839,5.808672064232768,11761.833453194327,1490.1056913371654,288.64543659688127,416.8258005139871
0.008097005788099715,1.5634180695047906,17466.28117124396,4944.415344852873,282.97555842258805,3003.3738005848627
0.007791665622696665,1.0041798711860168,13756.871779978976,1994.6794856092251,297.105197340612,1543.8976933063384
0.008040710806432821,1.0060611454727857,17578.662077672394,4005.509366912159,200.74769828325418,5161.170686509522
0.00983599869998346,0.9776545834542788,1943.2659507309424,175.3760208591527,38.11236337811159,1097.8038692266991
0.010038191166309463,5.002524523827213,13879.298613635377,4222.771466910005,238.96558450176823,1518.2008536413728
0.007831312188729718,1.9857573722380206,7932.957867287854,1987.0918238875618,120.88243416630252,2384.8863860247434
0.006725876069022904,1.2179945046173215,5969.345343672848,3891.1075594768263,232.9885739370787,2877.8279025099764
0.009279070300248802,3.6143640620083635,6871.715454752212,2788.94032706806,214.51025782445095,1547.9327438530715
0.007374257635100003,3.771511996285523,17930.33624083238,4491.242965269371,315.64532505377736,1206.2221461701856
0.006147110756871922,0.7921473310799605,12769.711762915196,2746.543620448736,319.1496864293802,1396.766113959164
0.005936819535185695,0.7986331276960429,12584.218851270385,3122.5911909655333,240.94834140522,3036.2509608157666
0.00811457593550058,0.9874881051648452,13734.348741750036,499.25783010171955,156.3632297011302,1369.845761762221
0.008140146734874815,0.9929214746210373,9635.717538027435,1961.602309794612,239.9891133708647,2401.1121465907636
0.012621834181244114,1.9487934148072823,7005.937914321736,3867.4806578033545,203.86007136192507,2925.3247071220726
0.009851968877964742,1.999633307867061,14111.454884554496,1222.917146397277,116.34957442967988,1804.473731031227
0.015134164604611,4.027052342475036,4978.193562003453,2231.1795277679535,237.55018973900164,1578.8555927735483
0.009940056566253356,1.9884627543887474,6892.392842158289,1474.6711286555196,253.78192735116076,1683.0055724320796
0.007973595268446402,2.9576433046204706,17776.37249889671,4024.1370031963843,236.2470306742174,1863.3988701961769
0.00800655685715393,1.594656779239261,7800.372414925842,2687.820190679554,193.2514299392688,2552.0401479498
0.00600097941623539,1.018117103322197,2077.942710081771,1664.8794895519927,59.5412428952414,3786.3244282002693
0.00380879325049606,0.8032250581272843,7872.072124696481,5035.842513286359,255.52579013176717,2986.6997746585
0.00808567091226314,1.9958703949493897,9750.857151877335,1461.1692676414782,258.9357173764438,1205.0807016183542
0.009911778727697173,0.992536313459487,13902.355139579435,2020.4030870591569,194.090103067295,3299.1096788027257
0.009234124256104755,3.6158244145359304,6942.041017627309,4124.552882185415,231.7979260112788,1718.6259653313468
0.007859882230060232,2.965333829245252,13601.025078632014,3978.646704136443,232.86270879841373,1818.7828826884252
0.007980532543334556,3.4824607350004793,2937.4536340138166,2016.657422642882,140.61540206129348,1383.0740570470955
0.012947233075306082,0.9766106967134925,2824.4583383692366,382.526801774389,74.64400071489634,2436.1095047016997
0.01093348571403371,2.0285434517839174,13560.138970448226,549.0502173243225,283.6701310646482,660.8410944527335
0.008001639978192254,1.5633658916074946,4910.029826201128,1007.4879410260218,63.582535327292575,2458.5055580503763
0.00804557707997777,1.7702290925150412,301.4552684307849,100.88418432579485,65.0374010393883,239.51283306027156
0.007588618993319843,6.033256475766488,7109.685407515421,1987.7164093834256,89.58641521697182,1011.3266365663399
0.007931182782741873,0.9981764121305639,5190.298219697569,429.00410483112177,60.00218368185866,1937.1127375539072
0.007980727931805796,1.550797697358272,12752.318361957736,4008.865269803765,274.0803772634678,2237.7426290919316
0.007863686743137716,2.042161483310985,3494.691392029947,595.2710535284057,98.29015956491921,1143.4447412967068
0.007961129930703881,2.4288050353490696,14759.863576137206,2192.3627612970213,280.6059555625485,1003.8569948734487
0.00804513925117734,0.7840617826623709,7801.959703317817,984.871413664779,176.78806240041845,2667.6223385585286
0.008044566857835212,1.5770860855877948,2939.7557633276024,1012.3235589277617,84.5241299762126,2306.9725719078156
0.015135536993830056,3.9526560707399834,5047.93678641037,3138.036515690009,211.33477296807254,1988.322337704787
0.005720642222825984,2.9595332577391154,17766.417703589366,1486.842600403069,300.03517460867977,496.49096365106885
0.008119203268791215,1.5206158558177882,14660.587406094453,2200.7645243141264,215.36944721715358,1966.3292745143578
0.007915432594363692,2.011102020364044,11687.049679366044,2010.0744175707703,137.92697875831743,2098.8159709562483
0.008045203322164712,0.9967903237205827,9972.603868900169,2001.9152270287768,124.87002524720683,3498.2759085138778
0.008108923415440776,0.7888908854602807,9897.493810341532,1581.5970047626492,174.7903791554802,3231.2217859885177
0.010686683826243135,1.0034570376385985,13758.794637907218,1485.005200395745,299.4291974251561,1458.2875008264584
0.007886326653269018,3.009692464613915,9902.10413397448,3969.6922290954785,274.6699629014362,1196.0273183645324
0.005782115625924507,3.0568144566073343,15650.143024601073,3268.1815989942797,97.48997317929447,2100.783814192965
0.00816954006332393,5.348328408546248,17721.219489047173,1503.5025394533534,116.50058646412742,810.4572557799709
0.008083086049752974,0.9946654467816258,403.06658330756545,204.70730270192925,61.32955783332089,718.8007181415396
0.01079084907942196,3.0217442683882516,13881.393639495473,975.4948992826081,259.20256081515504,721.3764357732508
0.00802110709548763,0.9873403923442177,6886.603724553436,2046.360922449306,219.89630348289327,2970.335267411403
0.006150899303380208,0.7987811730497224,9632.396550425347,5033.026764380732,239.9085606781938,3646.556630248899
0.01052557830007865,3.8635092798678086,19844.574481318923,2741.8109431982234,307.9986508322391,1044.8761974006136
0.0058647372945084255,5.905826687570347,17843.565058373402,1510.6541553272903,177.060508687741,449.24601032702583
0.013215492927582069,3.573414623738821,17002.07413967544,2038.0365590776003,306.95351686219954,993.4855291898733
0.01250990543142529,1.9518578167857596,7091.625314139867,931.7509415676715,183.4759917465948,1924.0774889020563
0.008126963155297623,0.9972329476528274,9665.217799790511,990.2130780242243,288.07583155582813,1566.3164428065813
0.007787886214292409,1.0089092910192936,6972.48362050306,3998.571192072027,210.32859358006255,3368.7877628517954
0.010480018728442158,1.7480242339852996,13660.305766905178,1738.2325657300687,303.73783195642704,1066.0950888237721
0.008078389977620526,1.7235822149475857,10066.620384799415,2542.4946796038184,295.08114310675967,1339.111856272567
0.009895898372071549,0.9918424644881224,13960.311458521584,1234.9673682140992,202.84273320927034,2253.271436200722
0.003943460996611192,2.060574215614315,3288.7453352075186,943.2483807094462,59.71566656209091,997.2992764354134
0.003905349762444428,1.4940161220284234,7140.411958321301,5522.683908507272,67.24851237657695,3755.727656185339
0.008024003186856962,0.9928189635946351,9782.925016942336,1984.0517737786176,84.23243563884242,3952.6776427192635
0.008068251838289728,5.91742272783309,17812.06554724173,2006.6776470747354,112.10664099224331,951.8352378429282
0.010667547007216975,5.857027417185575,9857.791585761815,2046.1767625219527,299.2125565853689,549.785892589824
0.0126455377472395,1.9362699206051814,10497.741284976173,1410.0343417030647,262.7575124744039,1535.4884351922003
0.00990659179415266,1.0159194441151926,8088.811749582277,2264.010188103369,100.62531213432787,4997.176028590453
0.005744353439433532,1.9957287488259554,15732.220406146525,3395.7942668856504,342.948756740296,869.594340805984
0.008080511153271427,2.0018936359011112,1975.7124708067975,2021.016705234831,112.10836074770609,2575.429440950064
0.00802235931490857,0.3954405770182421,1539.682989771521,4856.59734295526,57.71346984921135,9529.604998928246
0.008066107071589553,1.9865152658472354,11809.046764455434,1449.0838315050585,276.44245692641255,984.4152726090032
0.009869808321914038,1.4755603727899516,7089.496710419307,2455.92133155296,139.68975777393942,3469.2358906821014
0.007927608575813008,1.5932904547314337,14504.075671122922,2709.686451809954,294.38369189915545,1459.8771353868397
0.007822132355691621,1.6407462490309932,9909.749178767262,3875.0027062747918,298.84705601405375,1518.1106586679173
0.00584566889021985,1.9950670114579299,13503.439766618354,1508.522698611792,300.77695680711486,697.3319381323835
0.00617019418289065,0.7873009773764115,12823.183221826848,4998.019571039455,278.10331571208906,3152.877088460448
0.0060051341198630506,1.001226529841694,5006.940531093661,3555.483459289198,93.3555426530932,4860.419960407515
0.01012328452506466,2.0063139729683446,2082.157161453785,381.57134817169737,44.61366842163809,1014.4911087611493
0.005851602101354974,3.965270084070557,17410.242397178226,3349.358865748276,240.4449556221289,1117.4788009243437
0.010071741361025285,5.064349097592732,11607.236299718106,1304.856271454701,299.41922961436654,416.8179290653581
0.005898677351470134,4.001916726713969,15820.528118693803,4890.495104287676,160.01450440779712,1966.4835360228121
0.010438986172410592,3.7402680391839978,17462.512446619512,922.4441988990562,169.4566797704694,736.4421570010892
0.010526654429665794,0.7721773396398598,6838.921894770155,1465.2704293241886,188.31274100956884,3617.657063528084
0.008186399385028725,4.018895331627238,14121.163739535006,4987.794083540743,324.72473810649683,1056.4530816873191
0.005906658361186335,5.0860055202789,17754.824970143996,1505.3723878796143,117.49772290900098,620.1991168992787
0.010138676681089618,2.021597505977025,11610.119662537589,797.9866009448024,186.28167541953067,1212.3789869872737
0.007891694647521309,2.0074038035195496,18029.230506138523,1481.480090787237,239.9775621844016,1177.131438722872
0.01083159742998727,1.9969230117044858,13530.070442308472,1001.4269723740093,199.90540580157017,1277.7438433144623
0.007981013693369007,0.776138449830786,9771.920105011086,2661.747218367664,237.71489660806697,3113.9365419377013
0.007910305586869507,1.5601045683938701,9734.57778304154,3988.8774647109026,239.8554225008255,2355.3456621625983
0.005960590878209053,0.9969567473723399,1148.3520690887735,848.9217072500135,65.18957934870318,2194.0963615947385
0.013126214740262319,2.5212532291091163,2911.412808385227,318.85138105149923,29.509026070065122,1012.2699151309765
0.005874193233962062,1.0024994716789006,5854.663613056951,3377.415300286815,118.60678292856521,4240.901531530004
0.006259165303115645,2.6977992972841065,6892.189131476987,1367.8777645235855,241.77512341908061,973.6770337471984
0.008166545099179814,5.369412971805566,15463.232874129257,1491.5415733913344,241.3741060886718,538.4374308448296
0.0059605918760133,3.1969024592293334,6841.569148706351,1141.9085707136005,185.829538698562,784.9037408177783
0.010765850256940747,3.0267361939059234,13948.935968251713,1507.5196599378007,180.84609014198645,1357.7190266429034
0.007765701586597384,1.9920793180271654,11931.866972920338,2736.8478802496656,117.74015243957655,2833.0035566533816
0.007765186412311636,2.9750991798504174,17494.542383593445,1059.517547198308,94.19831551344207,1044.094275673298
0.00787429053770688,0.7859990455459988,4955.578774939206,1630.303532783362,111.89613076894717,4303.05222574963
0.00940158063283198,3.614511633944627,6878.9971627786,4135.9850166300175,229.37773907680295,1732.3117672433334
0.00810175404179866,2.4989855393718576,998.2441769579767,1019.3246170178902,153.5277812283449,974.0337946624495
0.010744248171454371,3.0542088876127793,16029.827816604458,1515.6305155484222,280.4688020140821,833.981043762094
0.008090954683909145,2.526953635445578,9803.992582558907,4014.7104374890723,260.6630637288527,1526.74860797596
0.008125734909921823,5.408026772764219,11767.618100807964,1008.9597544841736,257.6190616929383,356.3201102172965
0.0059201830602556805,4.971967153927501,9745.859627515712,4987.380501083014,181.05642366477903,1379.8114215273583
0.007909568505643571,11.017115001475966,17387.018222795734,2034.1983620322853,282.6229628183338,316.3080488766756
0.008018808076240362,0.9769730859551282,13920.429778171272,1265.9608732502697,326.56961550727266,1092.8217918785008
0.007802754706367171,3.0339538313718553,6658.525739015535,1089.025204912161,211.18159686120677,1043.0336645666011
0.01089914639160515,1.9443658925741643,17927.897963254345,543.6418399864125,118.50542764142396,953.9114780932671
0.003931302843290993,1.4925895889762313,7074.919884469929,3808.5936927752546,59.890204830150424,3223.5512155349
0.007910205939080447,1.5746996132724376,7873.266597635294,2693.090097979071,258.7534557527324,1913.7443859458883
0.009585043934207971,5.534381472276634,6919.889587750725,2896.150304296049,216.6493595348823,1115.394420951079
0.010031627056500637,4.8383876888590205,11972.312058585967,5383.32890034655,310.6896656673805,1251.740937753296
0.010646067055059242,0.9958229930632194,13907.325418390723,2022.632813109327,220.97907442695723,2742.0434720887156
0.008138343640019866,5.345993657132653,14789.79657287833,2017.5032210742854,241.85774321846824,664.258504020706
0.007984686284735497,1.0122665838507194,6848.567746902711,4047.2464943454033,144.50003246285806,4716.347689820683
0.0099395279337298,5.001227937782744,13987.722968841405,495.4730074781332,237.6257491299762,312.21277862027114
0.00800316303766276,1.5587237917473729,17708.849003028914,3221.237106970932,328.65339562234453,1545.0823478270574
0.00600974018581923,0.9960259499458711,9679.911296786675,5081.719999733257,77.44174646849544,7271.749768091399
0.0057782984247746905,3.997209015312816,7750.1813524409135,5007.129776802457,119.73694076387376,2035.1247991122143
0.008207681707109973,5.303570157435092,15735.595184356445,1954.4717169446842,194.73243462705102,794.3245360247507
0.010004084023343643,3.023143115853183,6989.549763920123,4148.679208855493,266.5850987744707,1737.982279728375
0.012063348491997097,1.4599732286677227,294.7816298784903,200.75299759795516,65.97886207454961,855.3109708423292
0.010236039688121049,2.487970690121212,2560.1030003678893,313.2775629866813,53.755940528943434,760.6137228689277
0.008056792971867207,0.7739625577377638,2927.486958109372,1617.9012064272956,169.94573888927172,4182.762423610786
0.01324226453713633,2.976474179359462,3384.7849461805395,1010.9689129996879,56.293815436568956,1956.0803671124784
0.007929642860439233,0.7783429436495837,12835.977420984134,1613.8274442918205,173.05208318847806,3093.3336266733645
0.013009373257948053,2.5288692475999253,2792.5827218087907,506.4079428352251,39.95056009152429,1452.6583147000763
0.010803858517102622,1.0129444755130552,6838.509092753965,1001.0812037065509,200.9657706369287,2791.8765319730273
0.00987061852844519,0.9776291457082862,911.2418871424927,179.76516370412335,41.040529568603326,1042.4551545458937
0.010488270564051792,3.8403653239509756,17496.15502920483,3387.167079135547,222.53045579924574,1808.8318861183143
0.007978789818501596,1.5572277584798369,14549.674218359823,2710.2875955429586,227.52623482078124,2246.664787035802
0.009938617506317773,1.5068987224176718,2073.0247619366824,271.03525476346834,53.140295940396165,1021.1926150315328
0.012713792609992447,2.7261849389678896,6830.691768887395,1372.1546758442548,209.56999034994598,1707.1760300583344
0.012530215786427757,1.9418248067395487,6925.702888160555,1493.6109071460232,76.29084770159461,2968.0880421058105
0.01090461953586625,6.08864319675548,17689.330210703327,2788.643355326778,297.6723727226078,759.0623322412556
0.009313227604933812,3.0042103981387864,13957.867538076074,4122.702529328009,321.5882522014597,1134.606654606044
0.010074758652461805,4.963456859949376,9918.751984052351,2128.0629240111275,289.06165365574043,643.9459611660465
0.008018449551912537,2.0110693321467625,9797.754014582812,2842.1887988288736,256.12340481822247,1530.2753066892262
0.007902877869905537,0.987096612415881,9894.765287129789,3984.743028939672,190.37468627035608,4571.066517341472
0.007805757913587683,6.012717661058275,13750.527790772461,2031.970595520795,247.35261708276735,530.6827748171268
0.013236827086057073,1.7223042044964743,2118.9219505117603,791.8953641767499,41.40983586423073,2430.8487578115696
0.010036052280519804,1.5095369699332566,9107.751005849163,1167.2957785020287,112.66161880223277,2501.275935124032
0.010958202708884106,6.0571408977333885,9746.819175562088,1590.3910582992396,207.58321341560432,704.0795813516403
0.007741856848791333,1.6459683926232493,17731.57610828046,1459.09856905846,267.5308085235601,1098.0228537851096
0.010732028766137195,1.0021016139553967,14836.806316909026,1519.9098088233834,219.5930188595319,2338.516349618894
0.008258080954866001,5.398262560391783,13612.561222560025,1036.6394689861645,77.25476654170421,670.3018581330954
0.00789394417949141,1.0036431235809349,6879.53926505252,509.2645282884039,170.86285041104767,1671.4780228235727
0.008245214578092524,5.4335054384694335,14949.467849136789,2001.445609290922,299.01210836143946,468.88218938618076
0.010058453837928553,1.9892869993483542,15662.616132843355,829.0842256349243,194.96365317526008,1075.2682883731961
0.015198052919966093,2.4527521648674724,4984.327602109024,2168.3875700985627,260.4470480770836,822.4182065211993
0.007735170884316583,2.1275412133244878,842.4853916457321,492.3399049334343,119.2410821802682,754.8773638078235
0.0057157826707268065,3.9611509372807583,17691.56042657412,4877.475664204234,180.9812055583659,2020.7508086905748
0.008065184171291298,3.943096363696481,13830.56838317878,1000.7303651963964,262.1641106655061,454.4845181229089
0.010125049554524698,1.7623239884378625,2209.383905987563,892.3227003344982,112.79119482371522,1996.5604313307786
0.007895211061425437,1.997706966667369,11744.052084729234,2776.6103539589258,136.84253581483227,2636.13368706067
0.0060459618999215555,0.7938345947787652,9776.671756493713,4996.71732063486,267.1764997902786,2784.985554279559
0.005903384484230667,4.024058361865944,17787.342953207022,3380.1800336342044,116.88460560754281,1603.3979268046528
0.010047461187939179,0.6097859868054746,313.1142154363778,140.53535691729104,41.55736734009236,1189.5966625082697
0.010084107506765558,4.9284701847514265,17882.437605205047,1190.1051799740303,261.288663429565,506.0266509518291
0.005609958828708258,1.7010656435701605,6952.362679044763,1029.3630209301039,141.960884080528,1616.0417602596049
0.010220962813459607,2.977083283596699,10051.7542298372,4758.6245079518185,215.39902663942922,2259.4023368537382
0.0057875835498260916,3.0026054802104962,5812.3301531401485,4960.672750493596,96.58125083400033,2762.991844452598
0.007986879245595028,0.7819090423919165,2942.9299036177854,990.1235665332161,86.02638290764214,3742.036658308255
0.010590441839046309,5.733219950226969,11760.022895023847,1002.5511259626045,229.41876683499356,471.7096719474658
0.00817565100974815,0.5102489347643058,11657.655502009795,979.2980476480653,262.2829874850987,2406.904555808972
0.007809411128430828,1.5572912848352027,9781.345115822873,2171.3272027195867,302.5846215009061,1288.5181006548062
0.009844052458080284,0.9646328027477897,563.2860931608479,497.9423366886614,60.75768244084779,1924.081374240481
0.009896130562951922,5.014654942635061,17772.27446202774,1324.725357957586,256.5527855941063,563.2027611265905
0.0057071086418530245,2.9759187215280587,15898.650676047733,1514.9902437918138,156.66589081185649,838.453396016978
0.005764322003403214,2.0046884015047484,11812.68096104939,3430.017483023822,295.6962232914656,1108.9171197879714
0.00809015374492407,2.9853697716924543,9952.727668833524,4021.687593640989,295.1820663868552,1190.5255614487478
0.008135376665578231,11.013063714474828,13630.804329207645,2026.5091911702546,119.31032064929958,509.1205133253029
0.005957821348212307,0.49349608721478505,399.34374674489214,101.91308658521267,27.940737497264156,572.8954308269301
0.008007701386578539,6.1145062257682525,6825.442377323607,499.53666224401144,120.39493434398815,363.51228608198187
0.009953199623958166,0.9967540096488973,9924.231034561135,1012.4006042001103,127.31533284801361,2891.2999372470845
0.007765574543528194,2.988873524885727,13655.659047091469,1991.478447005789,190.42788542607573,1219.24025043496
0.007720054621491162,2.608990710189751,11856.624319814804,2503.3339386188895,256.5112327659319,1121.183664068735
0.009955478709222953,0.9907189654062243,8030.737356399666,801.2397891419957,98.35861411077337,2818.53542655997
0.012062368205759256,1.0048909063845437,542.4801904460586,127.1294292688769,33.44847693469348,774.2590729111674
0.015357616064681364,3.165933638787181,5018.474865364247,2237.992744975136,229.88009899069888,1894.0110120899335
0.0062375626873987945,0.9105452014203682,6840.038007835959,1352.3358450704727,228.65241466291576,2617.4320806577534
0.0133675016860582,3.6075937829186304,1720.178572278241,2029.1618620442446,185.90493227714177,1430.3415673059667
0.00920780392963927,1.8011266705028284,114.41462776859149,92.21726203884218,86.62457487635189,255.05121015870432
0.008015420622199057,2.5011666093912184,9818.695524934412,2725.7892342534665,270.0173671462943,1246.572860565428
0.009939374367829795,2.1109306139514077,2124.8844838996665,474.0669245203778,123.21555012752054,1150.942211558163
0.008096631262083608,2.9591510204724276,16262.803769769182,250.83898153865323,250.17058764010378,253.01141807247083
0.008077008050628732,3.0018926527018457,13872.987029730974,3950.207207399463,218.69348201251978,1981.4320325914325
0.007748678030257743,0.3922488792744224,1444.908977749249,4671.673633632007,27.373556165415156,10397.296590424614
0.010022210465285612,2.031238043049618,8025.555900088179,1007.6462265689602,201.34243954067477,1660.7509359675162
0.005817872705907312,1.9912548999309614,13903.101030107471,2691.975688982768,299.02020327946184,931.5328200713593
0.014231978481766942,1.5167479956000376,10895.166010946974,1627.6742698110747,287.9041685260293,1522.9006607372137
0.015113500067110057,6.068479766031424,14681.778759284265,1413.8389936218782,239.38547676579793,702.8290227041326
0.011420598460642972,1.8489509753505953,13745.317570930012,669.8304960493944,191.78685358334266,1072.1686385416415
0.01257894514464281,1.9194314409168598,5208.294638301985,1358.3371294387398,158.9880619010248,2660.1708896029886
0.007903906255796431,3.0009068167626496,13605.246809191629,979.1551649746182,241.4381052015959,657.6479335259738
0.008055422001859327,1.0118303827465371,13383.877287693425,1968.6162597395266,201.0298579752957,2763.099650550444
0.0057656671289438985,2.992872326376033,15621.843809828442,5012.055412786404,180.89965024780057,2430.3469889215385
0.007962078466235525,1.9982510338872692,9933.38126316842,999.7603845135318,59.094520862804195,1632.9288863088077
0.01325767711407453,3.643998789713285,19332.65720203172,2060.469595787321,339.85059580120634,893.6316649495947
0.007960749822266557,1.0084271261943523,803.0595143896478,147.44525644331083,66.11071935960642,674.2050370421787
0.01092896112744364,4.972060772542282,7848.430454358699,2003.1216623374867,260.3779171294497,850.3406288297487
0.009898646051799702,2.004050397255542,6944.35015797834,2417.844763655504,273.01711683143964,1748.4887459742904
0.008058632378819791,3.5149253903757214,12795.554877132437,2015.411634278197,189.00763611054506,1054.6768750840172
0.009950627658374895,2.01757852890501,8014.169003813747,1142.8018351640617,194.85784448779344,1808.0786767801446
0.008092022769274693,0.775780904441153,7765.784429032489,2200.9102751619985,123.14096808052832,4640.245411255036
0.007649289267752132,6.001315494544165,17636.618951172964,1050.2375512348976,300.44747309962577,248.25304234466134
0.013491569493118546,3.671884068394143,1770.7634966317712,2013.0050710743706,187.2419485978993,1508.7153910112752
0.015372283580490717,2.4830941425163724,5022.394396031107,1540.6691593904295,241.66328602413896,1850.9528354976064
0.012806044742389713,1.9196409445761522,6779.729305744981,1796.7803046091788,46.19182915152097,3514.638272286211
0.00990783570462838,0.9957128352131305,16325.384737902537,1592.863802941176,207.17915408695924,2590.747809214695
0.008033019797778705,0.9940039323104363,13478.847866450962,994.6562273572521,176.813984240311,1999.3248293596039
0.007724260792309738,0.2534359586649604,13619.256680074663,1535.8502087638076,218.66775233218868,4746.687525687828
0.010677572122495382,3.002433816454057,17741.884274719192,499.29701592255816,202.88122459124878,500.94134598917105
0.011997825011879848,1.4515333580169634,290.8341506680264,499.9362865785165,59.008294019984376,1642.6477317713302
0.010146401339826928,5.0372908632513305,9838.556425988354,1886.6638228002748,293.6754504316576,585.0440614125501
0.009958834683356479,2.001571311735694,11764.53876530664,3412.012603092699,227.9996773734117,2477.889013015556
0.00988137874160536,1.0150753946416993,9819.217728101537,1214.9654204583296,116.2537663253954,3515.5659438579573
0.005811911200244415,1.9950216194433443,17606.35008737247,5091.265176160079,260.5161811256051,2554.677875041142
0.007897432134222216,4.99902042574768,17861.116554956825,2735.3000241366117,261.48796452983424,894.1750073817964
0.005854930024264181,4.014776407794761,7755.003180325359,3307.9304124641585,117.8019240909234,1550.9709322605322
0.009105162941230996,1.2071756207178748,134.07361663242992,159.62363611676756,83.87434173913472,562.7596530862081
0.005999978243709369,0.4954976436462803,705.2032987761385,151.02832670788013,28.122640891368007,938.5029909943069
0.007823329672909843,3.015408631185628,13916.097904442206,1953.1781057573176,296.9520823681248,668.910807556531
0.010272204043629957,0.9898684072748402,1124.3329363937346,287.8229618615262,56.25382198408321,1541.6658525124647
0.008217107511602989,5.215896040328606,17693.91323639737,1012.2841911612395,317.49212557322045,256.6338741876463
0.005798286750867357,6.077079844507592,13770.447337476575,3384.4291060489695,282.72375102938867,555.6120328906089
0.008123727262792658,1.5801443206666148,9895.863576133199,2209.6718765260466,129.3291424097586,2872.748181093304
0.008244992641285044,3.971701326071251,7074.796578353829,5040.861912098897,185.7179346104932,2151.512794219878
0.015126639732711484,2.375248376925031,6488.507169840492,2160.9334638517003,255.58015053807065,1705.683643620095
0.010269471761847643,1.4959389265631178,2809.064791210489,120.57504187690672,42.151165293318726,522.5195260469422
0.008246120133118389,5.995009506964115,9813.83504754246,2771.136616603876,230.85986728527712,818.5468526255142
0.013126406193211022,1.5141448371561004,2565.753358667665,191.99728872540967,26.73923214590157,994.4713367618805
0.009260327347774041,3.116837838471051,17983.949276309977,3128.6054774748986,335.9316137275021,981.2181804473
0.008037009513581538,4.036362138933441,15335.99086681286,2778.5123750087814,279.26787408312896,931.9214169051747
0.010081932085818803,3.0108643020317496,17558.816601261235,1364.7757997538904,263.251877851701,847.8581711171161
0.005446220418899872,2.503366194771465,9673.72542223276,6383.046490011712,303.0344152956203,1595.6131030239942
0.010136900851537354,4.995427764381788,9964.106035181903,1548.128717388217,288.74490107594215,527.3833219539995
0.010901963634559647,2.00101423521434,13570.820582013785,1012.7738294443214,255.27339455720517,991.5866915785737
0.008040705073853337,0.9817725342198712,9759.914979503228,3999.6491600239,124.83449553083608,6146.644594648395
0.007951670745232158,6.0595402319084855,6846.335742012746,980.7107882540429,147.46065178483957,596.5767217372719
0.01265920863681754,3.636194258126656,6931.743836079699,1410.5009567875304,254.13761143116602,1126.5819515502017
0.007713379783693271,0.49261302684616803,5916.583653062019,985.0803345795978,120.69522085691128,4708.1423175036
0.00792388419121661,2.416893092569791,14608.078689300864,1051.1984278208424,259.8972416367629,733.2583849902363
0.008214380897815125,5.235339662862104,17701.419035064806,1504.6692363431978,317.6819357839038,367.73660778703055
0.009984639792798726,0.9969524893274817,10064.611221873485,564.8365493822034,115.16464572633424,2132.7276551933405
0.009360662166874898,3.029286667946305,11234.071011241522,4109.447612272149,239.89882324548546,1671.516081858728
0.013187004526508646,1.7248343426838086,1421.8047706438247,381.2698183515357,31.699815269596744,1506.4409489779548
0.015238116176498808,6.036445806393475,13753.805362568752,763.2757314545121,241.43744756959566,521.8097454154582
0.00798429527205833,0.9962068363148068,13890.901695712595,1004.826452967266,299.77041730303034,1084.4138438147074
0.009410355747350108,1.7042583384382712,6801.810707625198,2047.2566891265622,256.2908121817813,2042.907970696699
0.008034341083659224,5.836856944339194,6982.894442632202,1010.1593079417199,276.1379094763778,429.55165522610827
0.007967178860536935,2.0145747156813276,13525.420239880204,1482.8113599850508,216.93853408176457,1233.988156280876
0.010106419439332057,1.5028827626028822,973.3065570555444,575.153415466315,81.50836802398612,1512.3391964463592
0.00800604095595654,6.085601358988235,13434.459408827232,2014.2679412960506,325.7880939292872,326.2542589407647
0.012561982893866196,3.6684025734045966,6929.30304788042,2677.100153131636,232.60995444123606,1668.8647857463977
0.007606850255672651,2.5667371074480054,14797.572806694188,1428.2440886201964,276.39922320407646,752.6573624570395
0.009965920814113433,1.9937943328776715,3035.7512610555705,2358.506272887276,40.985120040492525,3758.942771633752
0.010377221360095022,3.8603488622456745,14702.29161993749,3343.781788841509,199.14195343777604,1853.0453040290033
0.007963701699597476,10.908232389591557,17835.017560059816,1014.677300171812,276.36117241751094,169.83240396592592
0.009973588792924197,3.01781731901853,3009.354370297935,650.4605865417008,217.06606935750696,883.3539258451127
0.009870391096791133,3.0062131023215053,10098.10420379755,3233.900460658442,215.46322586856385,1743.9957540111802
0.009868583525179438,1.515504267115829,6994.770006963217,625.7175443194278,221.4190788338866,1532.8942914484078
0.006136323963978731,0.7935336169592118,12679.55421961048,7398.782000535129,273.78969489441664,4696.746244627951
0.010062359192664058,2.971790661253715,15755.623240669607,758.2384493783622,243.7285914305116,640.3879232166374
0.011057042272032,5.944811749850379,14609.536304574633,2699.8525548300504,320.0522214824317,562.983875082699
0.008027623962398636,1.6360760270320553,15448.224078083489,3420.646317434492,334.8450204653451,1263.659421314808
0.007810064761098583,3.1119846137298346,1506.7579841247855,257.3283866410816,127.27717752541835,348.09848713860697
0.01004675192377685,0.6065715734420137,1213.589691867071,857.3758436746142,85.74945542612953,4388.985269101122
0.010066859197943966,0.6013772662093692,1279.3013560396957,241.44959749989204,40.66978719410597,2010.8909744553077
0.010015691334329606,2.012976024991944,9751.143157896744,827.3157665128713,106.18858506567234,1656.7701044806918
0.015248641006511632,2.4551652172888283,5023.660863913831,1166.874133656105,241.92419806569947,1702.7910186638526
0.008037615467103998,1.986493148084707,17597.711657225354,1983.0817980064128,257.06183481627255,1368.140037753721
0.008061006311809768,3.0133915481280824,17988.142490797007,1471.2995702357891,302.26104151250695,597.5388258135355
0.005812476839037868,0.9982561986761966,15756.330005038442,3319.4052151045175,199.65283675078564,3710.883522214782
0.00577073227879384,2.945610299222629,15677.685579832227,3268.831953495388,201.24165027750595,1532.7677798339112
0.012657481872389745,4.595854082202483,7029.626107769651,5188.047897245558,265.4214021375793,1799.3307019022086
0.008211519785488949,1.5899646688703666,14830.548421395568,1003.4238807711798,285.46969781521113,821.0263203426144
0.008089786631836682,1.5613678027208988,12990.653093085959,3152.4530215764826,304.4597228908854,1390.2953068260658
0.008080536990347059,0.775034586178563,9967.65929409581,4859.4621467250045,262.32305693090024,3273.0572118331647
0.007725310060699907,1.6462375307105948,13876.256661302512,4593.248082856909,283.41069128314524,2307.87263506004
0.007946146511520607,1.0059720307206959,13698.276291219474,986.0175722498406,236.5490245704152,1665.5709981515977
0.008017507720017254,0.748065136143304,2992.2163305514678,1982.2485423154897,168.25737477928988,3845.0928276384893
0.01101819989889405,0.9955019942973579,7010.587434467042,1509.0822979707264,100.67507771008916,3941.727544207113
0.005836734939275249,3.9965746767258303,5889.021207753181,3277.3063669456997,121.62051667580344,1548.206163984574
0.007807889860833021,2.0931951497359442,3161.0750055377302,475.0849453540976,99.45925530201656,980.7970862263453
0.010891250021220286,5.946556355517392,19686.351157132347,971.6540768748935,304.82552669637533,311.20898764579886
0.010816174447457895,2.9705377677491667,13789.146187375964,1993.8734893857231,321.9013107048778,673.6578296793838
0.01070849592350769,4.024662523564804,11858.485167181709,2759.8460175399287,298.45584234964844,844.4558031813059
0.007861524860862924,6.018684446987095,7119.4386607558845,4006.7435048448224,147.5676347769463,1445.6888850149262
0.009896056132097722,2.987395201236963,2995.052117275994,3567.108037705544,213.60620364575647,2045.4385871754362
0.008124761423406665,5.970344723996591,17871.560938597442,991.9104958300269,108.93308345882107,523.899181601585
0.008016813812953893,1.5860632959374161,12843.50820867354,2205.35298762651,128.7784853133661,2760.9917560540966
0.00990469353345536,2.9809817946703503,9983.3769630793,354.6496439719904,202.1605533487433,522.0514328185293
0.013049020989898422,2.507047595424415,2790.25054175226,327.94891148353895,30.423036208295176,1010.8072412150971
0.011630200779953234,1.3727723193467747,7005.686906082665,2021.2918072140392,280.0363565317668,2299.324483159597
0.007974462331111785,1.5808324760091133,14853.487410612664,2215.5640962636944,303.47258746844216,1157.7175579263862
0.007920191822250159,2.9876437003935226,6905.408153935053,3925.404288770438,220.1763220800073,1872.909076741241
0.008046376826992106,2.97639956425424,9749.88360430953,2033.4307477051216,235.1960671840459,1171.8153925861375
0.00788460920859572,0.39431792083825357,492.7115849915199,4682.496107596268,32.06076181111722,8407.214999683862
0.006192519170674592,0.8068266987013705,9824.771328133445,3168.192337408579,188.0684589563627,3779.0904313728224
0.0078069369494492185,0.9937790708656499,9702.398448567697,1999.2284479807654,219.69373517086163,2337.2811709069915
0.009885082932296079,2.015204187003077,13926.170838581656,816.0959133345924,109.28766820320227,1471.0051152157976
0.005928315873797223,0.29990370920571086,102.25558196112713,144.29409796973113,13.017540167016694,1338.3967653880222
0.009988111274927568,1.005705505247085,14082.665666856325,771.0434179919564,188.15475632913007,1826.6218021233874
0.009992235777312966,0.9944135244534713,14143.598508870526,559.0768483070892,101.1532210966292,1873.888190410512
0.009926231605758595,0.9462640762124097,623.1010474516949,490.1632279032615,60.695299922051476,1940.5745167015755
0.00993175315086359,2.0019586512786733,8064.228200993221,730.60812728388,109.64288880636344,1689.9634119589064
0.009986953932237363,2.0126749657677734,16085.239812686228,554.5014641183907,116.40116836071768,1055.62212521062
0.013208390720262638,1.4998677750567284,2521.5369530269477,297.59651851043526,29.163813627883666,1519.0518941142811
0.00993789994849726,3.453577537781718,7061.176816331152,320.07255858078196,92.1816318247033,525.4834991580475
0.01276203437665057,2.7519229344412137,7134.706752854719,2082.192339295047,213.2371068659124,1994.9429015327337
0.010391800491339366,3.833892147762174,14611.071284158275,3343.150904203166,196.72907077527594,1844.27920545073
0.010091772794955899,1.9856892122430374,10090.667907584148,1694.9273917433766,147.0552089835177,2271.3449102039776
0.007954461543946873,0.791658224348309,2957.9899819928005,2198.4492938289786,180.36606256442153,4294.048023789377
0.007947525741883068,1.5510092515517893,9851.703324819584,3194.451342599431,161.54229711314974,3167.0051039121036
0.007979892577235564,5.016942430818334,12788.328424593332,1571.1855698406885,234.13736669145325,574.7868598170297
0.008009070537144888,3.0039537689710136,13662.175493383562,505.53455522014104,87.97670324889889,632.7759367077983
0.009891245681880007,0.3458694963280932,2694.24845161362,1847.5351883639719,18.77683220036934,8545.20775372906
0.012900856298194279,0.9640491083317922,2554.1855989242617,1091.9345944435722,143.207735174962,3910.5489902605655
0.00997000277618446,2.973047235171831,8970.152582425593,1093.4784551778787,94.43182851279988,1492.5288271982372
0.005789160231019691,2.000816529462069,9668.492488224652,1468.548861417592,176.53661926546715,1265.946949494807
0.013198624340248733,1.5026161405431102,3125.3949760825103,291.3780081293727,29.137601340084284,1484.211177030008
0.009982409645795266,4.943606868891672,13608.053242061906,1421.4799946522553,310.167645938934,405.4053712096939
0.010067652293320573,1.7289135015727988,2148.234246877864,298.9634521719738,63.65990715287741,986.2040305835758
0.01081413731299434,2.9743471323091724,11677.734952551235,1525.7276061155378,315.1701831979641,667.467436129126
0.008068465613656234,2.0248241131746303,2001.9154178357658,497.489253745457,190.44508174735296,872.3384661909669
0.003963953162395852,3.12510487197545,2702.99754711261,836.1095912887049,56.81442566379277,645.1639992304785
0.007913338864518782,0.9957871540247549,106.51666526948598,100.02599956612151,28.28323218096892,416.2793183981918
0.010087464302892373,1.2569605186966122,1115.3196867154554,661.1972633312628,85.40994871851791,2018.773270379551
0.010741065979762812,4.0765590674296215,15800.705557978863,1505.8853148851335,260.96511438070326,748.0381178838232
0.015239121595161602,4.0579167511137255,6417.834307034825,3071.5091719610223,267.9522649098387,1359.0780901045825
0.010775587913674108,5.778782002671772,11600.162894839455,1486.8681369782535,270.447869969732,506.4748319962161
0.007995749813154493,4.996120798099891,18350.07123738727,4883.894288606834,257.30528885890146,1659.4850075828388
0.008070050157176954,1.0025237690265731,13329.068494088102,580.0220200875555,232.8854461853985,1168.357478650214
0.008103740402520076,0.9989597207876216,10013.588359705665,2008.9799018155322,217.06731181244524,2659.120203144196
0.005825382274388808,5.0159008825441855,9702.670682144495,1482.1091215017489,157.54144564663034,576.9420718648241
0.01082016503450461,3.028449033067869,17560.42514154502,975.1214599383212,195.86240875470935,882.640170346298
0.012799276998286124,0.9479958946473874,2167.0744221129653,767.6471968663164,129.56248625622104,3557.386014952697
0.008094844371064653,1.963030844029736,4970.082330340175,1493.5751843047844,247.35174069769818,1476.91459504735
0.010714097156996715,3.023274380921634,5869.983873070792,1984.6005765633834,239.0462891929034,1540.4961283459565
0.003875859956368225,1.557849388974184,9726.393673319599,4001.1028013770742,214.2915631509353,1906.4682882691961
0.007762256154631695,6.045442095055633,17415.166138082885,1074.074536747202,98.79714387707843,553.8594531563626
0.008019911855012605,2.034976910941766,9763.081359303305,1456.3608614819175,299.5173556907938,930.9132248354967
0.00949044412854367,1.7423575310153667,6816.444714522691,2078.2322047480548,176.29797349846774,2648.0362902837014
0.005892378811980594,3.9577095076337723,13726.344339431225,3231.7146735359843,116.77955734312165,1534.501050079942
0.01020083591441799,5.029359037702883,15758.61045212611,415.0143833564798,322.2665343728203,162.51423687473573
0.008016389738700757,2.960329690315472,9970.98984977698,2017.1952584713094,296.8117001961578,742.9315763702632
0.005851209078164465,5.067653729790394,17743.790586591185,5005.451733567307,281.44902580665155,1125.7863881078654
0.006020907908309598,1.0010884237332889,304.7847467173458,197.9064558602524,25.52493156644437,597.2925938099451
0.008089291575207335,1.5856983308324974,14840.175107318662,2746.4939028065905,307.2153963522948,1219.2966323269318
0.012669169789076796,2.4661606351249143,7089.344523325377,1341.8465496604479,255.50458316073014,1537.5804175646529
0.008183711856695081,5.464912931578524,13730.75107124423,2301.5741479365734,294.0543231083149,543.9638822362589
0.013613200948257739,3.6079930458882945,5071.628423692001,2045.5343095565495,203.86912855727402,1730.6223498691422
0.012550022935474258,5.637963948458855,7494.976812953423,2780.536523614438,235.84101963471738,1273.6797473020636
0.009914451566137223,1.0139071538835407,7019.770322183913,528.2621934544568,218.80689141163145,1988.0161140507087
0.015259787973886213,6.018682485783193,14634.447069051235,777.6119587392596,220.02239512328853,515.9575621011552
0.006041325083115966,0.7939695584632206,14545.71629627996,4984.635317452728,281.36717380307795,3469.278816432854
0.01054637083492164,3.947062237440291,7886.548704556757,2006.3519345352963,263.58503917283616,1011.0486272098252
0.01275631948435303,1.6977895391837847,1810.8701364805186,1155.622575167793,51.604802699559635,2961.999069777614
0.013110497393493053,2.2483702410049116,2380.677909197555,289.37632285144105,30.740368907947293,1002.4105026912574
0.007960557739564382,2.440346088743755,12697.337571978022,2599.2505661892537,318.3116131961533,693.7247348720999
0.008001566988188245,2.97158367095532,6856.163471795572,1989.5411429987587,230.0085677145221,1176.7910840863115
0.0058423893626513845,3.992095308512091,13707.851579887869,3325.7005122049936,243.72455259605428,957.8435897425404
0.008001658296750126,0.9876965944978967,13912.396526095166,2015.9779804111447,220.59319943719217,2246.8297667861575
0.011032967761497349,6.013194158872763,12787.125252544212,1024.0360676918383,160.49779207453903,596.8534844570008
0.00810314618683088,3.6902257818019755,12185.10951692262,5039.333000400602,218.51641124378781,1819.9901843173411
0.005909163213574269,1.0027518445602053,9882.63432443552,5100.468260710412,117.78349810630047,6146.474399439914
0.009953491608655336,0.9896451380570419,2052.9878332560033,1851.5200679873415,49.261343864146546,4879.068891702021
0.006068611919991307,0.7962535015914577,9891.197482515528,3988.2194493107104,250.13290334589692,3026.1272182665653
0.008070255700549984,0.3933167899777611,1940.1693064447632,5084.245964202189,102.8929673556633,8647.612046382414
0.014465342194819942,1.527153407713529,12496.253045290301,1627.91578505336,309.3171485685456,1305.4420512893241
0.010735044337796384,2.986235033481213,15552.54134066836,2829.4648282958124,264.5142468155672,1533.3968623029593
0.013317781578177338,3.600192177917222,15357.491067228344,2009.7014604779222,320.83475469823895,814.1538367549493
0.010677724792514495,0.9907099706086264,11977.617968624896,2015.9818554874848,115.5698979690632,4686.907165552853
0.008034568644888636,3.476960618876401,14702.259341425995,2011.4296903701297,78.7410192739257,1570.5841368401766
0.008129198256570066,1.9986862225092303,12172.287536830268,2032.4731555160517,227.29569909607395,1518.4271505571132
0.0061323644307237956,0.8003289851554298,9638.327667155903,2731.352518857806,210.15897123124446,3199.7497244982756
0.007996119642004543,5.011643928756836,14789.284356375498,3170.6971427099775,299.2602395842711,730.0797309461208
0.00796939378519483,6.010300589769399,11902.08624745289,1018.6132815722987,219.14081659617614,361.658185402692
0.007972856565476397,1.007563023924746,6910.476461629434,2006.2278904422367,136.25035141616905,3799.967601194425
0.007847733443142692,3.4951222595319367,14633.793692735779,2014.7484774578352,108.7197870195995,1465.5290911302045
0.00805630133866013,5.3806282147777935,17420.845459797605,1527.8757766563879,281.1641177551584,457.0282343589016
0.008117579226280456,1.7600759878754997,10065.10257179371,2391.914132358326,275.42326664724277,1516.5374206240856
0.007978195986823668,3.506636750402285,12662.592870595137,1993.071573494368,225.8106615952465,937.727558689939
0.00576092666145583,2.976003436773414,14762.391014423598,3312.708203255111,281.8287652542563,998.4656716148787
0.010044663596331825,2.0071165932921686,17497.829916335457,1946.5025797947494,147.83019508526039,2437.9768828505116
0.007973163178720459,1.0079844573834924,7040.114705211833,2003.2041996352725,242.5147752684885,2659.831760756946
0.011077919302423626,6.114788710366065,12795.215883133651,980.9172936467739,198.78615714238126,513.2199832497138
0.008043294132422794,1.749099662406033,6990.961443731563,6345.019057126819,218.29440909097485,2979.2009526759407
0.005733471462103565,3.0151232065048172,9740.841458373267,1492.3060656433481,199.4854554493916,838.5270866422601
0.00809974301459103,0.7678264631087154,2911.092098075878,3171.3262170264356,165.82231381863534,4755.863068744953
0.005992734288760892,1.0043568507236067,306.93011564641637,197.97499459552992,95.09320015473412,518.7687622113833
0.00779146405835019,1.000659067428822,7136.925290384262,503.4891613077687,64.12655750711258,2118.2528008722916
0.008059498755113205,1.563518207785808,9943.804201956958,2201.293751868289,294.9719337069447,1430.3112476105869
0.011224467675918968,5.987374117829055,14594.269648617515,1614.742058064778,325.74347064660014,356.7526340425552
0.00767861506024921,2.592130855740386,11724.054567625817,3296.582495685096,229.01467730569476,1496.5075955923526
0.013060939753351597,1.5114769599671827,2079.7313001589728,452.5523412088563,36.97478982170429,2071.9628281566274
0.0061563175065343515,0.7967730440313043,12645.733186824616,5002.369714867466,268.14050880822646,3507.261286934359
0.008077186339444029,2.0227031424131026,7861.251992767033,2783.335026003248,137.8734840155355,2527.2052318453966
0.008109595590023779,1.5866682304639688,12669.858483220394,1592.2096809414252,247.81841452481632,1389.2967814203976
0.007984135973548863,1.9866121486901744,2913.339304877999,1608.8451133860397,169.8911109725935,2063.9237826398257
0.01096168876499693,1.0086401148222035,5899.480037834166,977.0114300500671,202.11004014506372,2916.6577612709443
0.013071726428708722,1.5107907661402207,3618.0641139082413,433.65705080660223,36.99786584080216,2036.69012113531
0.012997392477589844,0.9560197498901676,1683.1848493766954,399.3816014476621,87.83106563006223,2433.388144809454
0.013418688180357578,3.6722601876321206,1757.4007747955327,2039.291375181516,187.74197855599618,1421.246372203175
0.013139946103880614,1.493216689900377,2892.2186359604784,289.7188509337909,30.110542729212845,1500.673609748755
0.007959219044651314,1.7509442995255708,10180.864998022334,3853.347614788088,233.7578977210698,2391.085690367995
0.007792716791456602,3.110518094105196,3078.864635401577,682.1776518281592,129.41344512741526,823.9391070739904
0.009925612099524379,4.962811179179014,17827.195415643844,5801.298485964888,253.1308824436593,2218.387638937049
0.007877972309250981,6.076493893564349,14856.55299614163,1522.4028061579395,241.2460592105344,475.93583926105936
0.007999339678522037,2.9624264343839712,13464.949743255485,1010.353388867107,321.17981091540224,463.83279327212597
0.010126546396980839,1.9953255230813476,14031.809147712225,419.31126040384805,107.2156866023936,883.152652731121
0.008054663862939326,0.7737127504316039,14679.318121678643,1015.5907678406807,218.56915602914847,1795.635336826323
0.00791462196575252,0.785280775023086,2916.6687590196534,2708.7761746183164,167.778130502267,4602.676851645709
0.013376661367284593,3.689015214220472,16025.467056261721,2010.1983487549933,308.3496962170976,953.4547159966103
0.015110653730525166,4.05408192724933,5007.683127642797,2272.3234640727214,252.2766309722722,1479.798679755059
0.0134376551414517,3.696359229455435,1101.3543073784758,2064.8861756168303,161.0949701649419,1437.3247726693153
0.008009025233711196,3.04617794757544,13717.399242108359,1987.4505808072513,203.84786644108036,1134.8409598620322
0.008190261516401552,2.933386424852724,13681.025857917564,998.980468523968,235.09100077682936,723.529886085856
0.01002755256693187,5.0710662916367175,11669.155145970059,2792.5183036321255,225.1570896346919,1028.977386906486
0.009735055137800762,2.47966160687089,3022.146504666832,1195.3898854617833,134.45688666873755,1788.1690359129518
0.010134918785692407,2.2649668862118406,1046.1742745705317,202.01846562228866,47.72882347443869,516.9630322639621
0.010772673388587298,3.94615168726147,15793.549110310676,2021.882682367285,343.7657212899466,475.9576722350465
0.010255965233440467,3.7937831774152784,15556.132208576117,1226.3007451498704,233.24770013765942,714.6758993753537
0.009250868932412172,3.0775186940238624,7054.958493135223,979.7354873143221,223.64936884057266,989.7851376355942
0.007932701854942274,2.9937727804232317,17914.68454214763,1003.6848419561936,248.16940371997669,584.5676184232511
0.015163634071135633,5.044872075746163,4143.014096692995,666.4482443852522,194.50788662951229,800.7527350682984
0.008366598456020703,5.366584807567201,15912.233105677587,1968.03308248685,292.7393433326365,501.6582995486924
0.007842680503048325,5.994027263779635,6837.136237415738,992.3140604985408,189.76616574156856,480.92289898939924
0.009928049504337544,2.5189718997336015,2260.3287027997294,977.0937477883112,110.5897769061061,1519.3844448292268
0.009970453586723,0.49711354797213875,604.850133356512,60.01227113201075,76.97990657195997,594.7634453535951
0.008028099467523087,0.49959476561699745,5795.954224140591,1490.8978654342125,99.1497753528417,5526.1618628703045
0.009808808558105783,2.522238305353053,3093.974339329177,874.2666041259665,105.20635617684255,1498.9635562030674
0.003861304865120271,0.8080006182757342,7966.449893518576,3991.240960648883,212.038323384358,3064.1276124436013
0.008014966167330535,5.037710641244249,14781.077489947429,2703.7398368411195,282.11812523892695,704.4091660207591
0.005854646967883889,3.999396213745754,13619.50298655132,3311.7892906541742,197.99921365914955,1151.6909852157191
0.010019848486686292,1.2563608341791612,2611.4086047762207,743.4453565646515,112.93560040386039,2506.740257808262
0.010125320205903978,1.2438804563357373,2200.8077828313812,342.94669535372395,56.68793057442709,1517.7436853621844
0.007868534664836835,2.9903649032247146,6766.843430439756,3839.8192049913982,124.49332778375647,2564.3876215219343
0.010779653925993235,1.019905287546006,17811.91486588425,1014.9062662125734,303.6594966814487,1103.357189253244
0.00798273741774478,1.6568907986957448,17733.38551728813,2750.660626007156,316.23065929534243,1517.0664815763223
0.010082266327338829,1.9754685390565558,14049.070516773747,1182.9374604229317,187.8234499450657,1408.9959964249003
0.0057868343931384795,3.985216319826946,19600.389612962404,3312.521557844673,95.74048680264036,1728.5329993384246
0.008002557955033988,1.547107115994052,12880.986358178643,4902.616705170165,323.3254952234001,1660.1178181176526
0.007938041087844032,0.975039150808861,9774.140486233306,1603.7043518039402,279.5420843698079,1931.5361369838804
0.008035297827094473,3.030321180932374,17818.625135110615,495.6414056383864,91.84209077597735,576.805829965801
0.007942848467021455,1.5506103715180728,18092.561828733444,496.2771356587062,215.8642246633803,694.5062659159809
0.007595540325576005,6.021985641665922,9952.057424786126,2018.3331013843233,261.64746732520746,493.43259639279614
0.00991712026404142,2.0976043280166827,843.5942109696612,701.1065422278435,133.36929448947953,1188.90993565498
0.010033098717039656,0.9990338878246166,6884.875057159009,426.51500125192126,128.24057327941958,1948.1813506115268
0.010055947176810744,1.0054875607976372,924.6452905625697,172.1102840709049,36.52666861035926,1011.475884848197
0.007906455484516102,1.5515069926969223,12701.438229295461,978.3342009863517,217.8458193032964,1235.8032994532834
0.01091424611326808,6.003806459099167,9817.090199541097,1506.2657772797027,294.7866112769407,406.01936272682065
0.006009421185513376,1.0208862982512048,204.62436828544367,99.2657366546387,38.109986792759955,316.6132933273274
0.009494318656634368,3.037648755300083,6938.664342942719,2053.27870468516,189.52085749090526,1688.4694866227132
0.005678532143169188,4.109393986709928,13854.39115475573,5017.82597035014,262.95697874740557,1280.855463168976
0.013234108528157509,1.982053922487588,1753.4646846389032,1019.7458470075152,50.936093628021624,2540.1118198457884
0.012664018602712034,1.9487190664240712,6933.207962092693,1107.1568604857275,269.5102436499752,1673.3304839636903
0.010884226197141744,5.951940332867985,13621.434597006553,1997.5470607344616,281.35371459203253,564.729290436766
0.007721043245521796,2.6105738489083214,11919.0695161199,1029.1889315130068,257.4384509688656,725.8384842496068
0.010848755444648335,1.9460527811872737,17467.001256809057,1078.6473483745935,257.9017878022699,980.6806064937005
0.006063079664604649,0.7761194518463393,14655.557438109361,5049.44923950649,327.1089864768213,2288.5239083815654
0.008110472715676456,2.954456365433195,9977.804793051144,1011.722498644248,187.99141636820764,894.5388009163678
0.008100704952326168,3.5023811250487316,3026.0070972723183,3021.2998487574414,141.61582054875882,1745.4138160773095
0.005841946314550053,3.933960388868603,7856.9308888841615,3276.9956835211105,140.93538141122875,1430.0718064071355
0.008004143111719318,3.0059214369998664,13588.186624465186,1998.3830664192235,204.35793817145156,1190.8735531182008
0.008065658822392524,0.24718031027316656,493.0801382491282,4863.563982228424,71.36160380321888,7804.354047299796
0.012823252262337475,0.958255843478975,1830.9700229616656,405.6116183958655,78.73862880271189,2431.113854585172
0.010788480121647603,3.0291443958960547,9898.989359316192,2770.2117991208147,278.2382503173662,1290.2779379427836
0.010010463148982773,2.0412058634480568,6380.549885837471,763.3806623970031,67.30995589656558,1938.6658780892374
0.003977826177078667,1.509388499411393,7192.301884449818,1918.2954777380628,64.49472813004432,2258.8922429208365
0.00994562840175424,5.039069336418991,7056.106276222711,3764.105325755676,262.8237340120468,1185.7532955675022
0.009874189825519122,4.869518629574911,17850.475950557222,477.43589443188915,259.69810622147725,269.8792915901045
0.010090694800990375,4.986783667827014,15821.146792759995,1107.188407552408,325.5307654976073,322.1024696652791
0.007962432976964666,1.009075246542624,17579.728285310033,3952.7291597487006,226.46579218157336,4195.807639880071
0.010001869685031504,4.957054856597545,13576.598803672177,1355.0387720379417,234.83667184161285,630.2592837286562
0.005696628915498689,2.986650781999844,14650.5577517589,3337.8684543908917,259.75398266329427,1113.0934509220817
0.01014000526065646,0.988310196445372,3065.053975385306,367.9508592760961,54.79967385483051,2009.8373019325145
0.00794181730470485,2.983688132642949,14647.923797965348,1528.677623515929,241.6075398516652,821.7560217083414
0.007932088439959281,3.0355984430893566,14003.429637775367,995.1605658337004,118.84329274725647,943.5813933046767
0.010601466835014641,5.918870757251704,19895.12479636497,1547.9824217325747,320.05953725180655,415.0136252167103
0.008055873225545284,1.980737003619382,17607.902689376795,2780.386218876828,137.03715776343543,2852.906225601566
0.015319046734185689,6.082342665036987,9781.448446470045,1482.718023973116,256.029646108582,777.1133761427267
0.006112327977633941,0.7961356475425317,9831.50027526395,3972.1029786955924,189.7093208942492,4399.66292824293
0.010062458016097236,4.941590072079565,12095.627049166718,2300.0896743232456,301.16185766098914,583.4023571379028
0.0040018806436171025,0.5061073663260508,6795.445149630169,4408.414916213557,98.19320740334175,6990.734611801448
0.0051031257064638085,2.5656170762368147,14840.063423172476,2988.771030402183,235.9124870599776,1141.290135242861
0.01284033390604837,1.9060826924418615,7081.78841094798,2731.178745300125,156.57459064968137,2967.3923958765663
0.012856733279035873,0.9702639385208651,1330.8537391552784,868.3182946809649,124.84465260989163,3432.861322382108
0.007690995436864041,1.0176825464661805,9902.763210128354,2003.1443027720177,177.2333345163145,2949.664692367354
0.00802718826781444,0.7724101395811415,2924.913027950093,1624.329421875818,139.26576799157357,4406.31475894346
0.004838679044969907,0.31851137047081557,14017.221491272878,3490.33725400365,224.9805995656858,5760.426141042062
0.008033732710080982,4.97113709166321,12715.073728506793,1603.8750307523212,191.2638450717324,674.3448565383351
0.0073068469559356974,3.775283663998669,9866.790769979601,5484.470140591894,290.5937976357441,1178.4706236619722
0.007966026247554867,0.7910521359907225,7740.018183781644,987.5880674862876,53.730520958106624,3270.8050951967716
0.007866996086493902,2.994589307195691,17622.90452249482,506.3553128141816,148.6586439629448,507.18401234138065
0.009921920147537682,0.9569097653402447,2508.9523136544203,381.9140367718642,56.8673080928934,2056.8495256596348
0.008022384663923035,11.101596601364996,17826.419003180898,2031.5934727981878,318.8400143110757,254.8574236191171
0.008137705207992355,1.587997891222502,7798.428062862598,3205.0315968428363,206.9080986415544,2590.6830393684813
0.010872490185647697,5.903865196901221,12730.75868973306,2110.0161027796676,217.91252146634278,806.32956911666
0.0125384474985828,3.7187244150802856,6993.989087625013,3820.0518614466387,265.32240644980976,1768.0003056447883
0.006094446593949548,0.8042801368048327,7973.0138625961945,2214.0514184467693,249.55025620047667,2606.9402060798757
0.007952200615870939,2.0147979389612667,5868.428134375598,1428.6431138014361,219.3139726894131,1622.253664276907
0.005109597545052345,2.595157435101547,14851.540385869492,2257.1395194222514,296.5879787197782,667.6570348897636
0.009975981697146245,2.974378167925629,9721.442060492946,3289.0325429223903,287.7929255370076,1252.2619640732764
0.005973716990988791,0.670570982969475,104.18898814983436,186.97744311384872,30.64693636131961,699.4771258318046
0.006123679956022318,0.7991928950391328,7856.928900080819,4961.059151637071,254.48428743510155,3005.100537630738
0.013373766780076882,2.2083192308167834,1246.6244065197186,319.61630423053055,30.702000667297504,1017.5165335071756
0.007961002769527567,2.010680706184878,15853.61529869448,3360.5894960352225,323.49499608012275,1298.3120330361483
0.008307015268405831,1.978457761210957,7046.166738946569,2519.3197472240636,186.3606892975922,2414.0109289043635
0.011533907915471153,1.721735670435003,7244.505087710628,2025.0190782949633,280.00106834913925,2019.5716046531206
0.009888618645169982,2.001349463344625,9944.275207737763,1185.8019787176213,193.93210947271976,1643.247186861446
0.010845979546337868,5.827099718539442,13569.992345737532,1986.9045211586538,319.41524329742595,448.0633335656103
0.005766682081653771,1.9980920619838711,7778.543047228439,1509.1005618384,142.8792467615728,1603.0861340605718
0.008175756129480323,5.418340803225523,9987.369486357311,1995.2612115164388,278.8519327625683,515.4687977502343
0.010233282749871881,2.0733083796509075,1899.2017548430565,298.1588112582926,162.2643088383846,737.0819931902066
0.008217978885172396,0.9896268104166115,7042.462828013122,502.30130569094615,115.17446868541516,1961.6999830514667
0.00828514355768571,2.990718701505153,10061.404972732835,3047.5112648011363,297.5003675680753,943.7709042367602
0.014994515600767042,3.973390526581447,4964.650274922891,2185.066761340757,236.4027922221833,1536.1537900998917
0.009528721441380892,1.7056125360816914,6746.062669378784,4047.336983458335,240.81710158724852,2329.7580912207927
0.00799554224402975,2.9726330350828922,18058.54895134895,980.1964464235273,242.75139060199763,616.9503973777016
0.007915177390801746,3.020062361796724,6934.598674485285,3954.8352020340535,167.73495724683642,2189.403834888597
0.010160278512546101,1.2433990817060119,1630.4341671048144,560.0033204956138,79.63216596442598,2028.8055194683918
0.007947341636239514,5.943126216540313,14089.849003789932,3053.33090620736,325.62946824360364,439.5270208481587
0.008183361438355529,2.982865246615025,5115.465239077771,1010.9207083969145,163.58374779469506,1198.1202651224828
0.010042679756982188,2.0091900328503822,3050.2964446696624,615.8194354549789,91.09907249194819,1477.3271504239879
0.008024989078428616,1.9659159343110766,15676.099363253235,989.8798699818726,304.6447896457694,669.0183083240287
0.007682322873482511,2.6055413282903035,14821.348618849875,2000.168707874049,169.42038306482314,1485.3117677351386
0.010213707875256455,1.5007563437177718,2960.3029152779595,399.9131286047707,72.30773825005573,1482.6868430225838
0.01041802434060072,3.7990426146148955,19636.26380215848,2257.2281054324035,214.8675395129325,1398.7327857862886
0.00605936559462103,0.7898019170276124,7983.309250279693,5049.650218879887,277.1195845795929,2465.5125731394264
0.012697163517320285,3.6840892598765964,7010.968811002206,1957.1852676296462,264.76848849226593,1198.4536812321808
0.005652031205418776,6.079274926955087,13936.737193410869,1483.034637584405,175.1229799137672,448.83143743182967
0.006095399705293568,1.003448527999417,1134.7503771442264,518.7379771864319,57.56577205930146,1593.3777735696606
0.015168967950346201,3.1807679314725297,5008.865964486977,3070.0711138241686,248.4059334468734,2001.1733990697353
0.007399175461577808,3.7868356009847832,9735.403204681035,2017.4859255807949,169.50934705811105,1175.1937470581909
0.009979641533504417,2.0204937850421696,12026.043339065362,613.9096361135837,107.48636227378523,1261.8303771802011
0.014796501554472935,6.0128937863664955,6903.8627930936145,517.699696711035,219.61304774534312,567.369348615082
0.007947774192929066,1.5798369038377467,4888.2262538431705,2208.4339187352184,131.80674173537057,3194.973790814251
0.003920281246792322,3.0713606519257213,2254.704255086501,514.5463824085907,50.89645927983485,427.56353065938185
0.008165531248368505,0.3943167292143991,1988.2085001561288,4690.771744103444,112.5625895911346,8125.607059113026
0.008071366694099984,1.682559387361676,17833.070272633006,1884.9402880531509,228.14518651607403,1757.3287020708856
0.01018077774369911,2.00485505146678,8017.298789616145,2805.177099934057,200.6305097649185,2457.200863589424
0.007944840945523703,1.9792721957528456,11829.405500879273,999.0175214481155,175.77640135442988,1195.4783645592458
0.013091528537543692,1.9406870606956528,5200.013107602701,5311.846366701346,168.93818118232903,4060.747907474731
0.010127819062795263,5.015554198621875,5009.876767811675,2296.0481578382046,165.3463890311946,1332.3766944488536
0.0057165947427971825,3.0049961080411327,9719.129994894643,1484.5892806851277,37.704435583652725,1254.8628720862177
0.007830543181987655,6.044300758359439,7168.774535682739,3966.1111758373863,176.03957073353678,1322.876808897301
0.010170849622094337,1.2548101905787619,1135.7089138709728,402.6392868408238,57.83147987162197,1491.092653951912
0.010127553242057104,3.002244756590074,12015.630418893634,632.9685382844743,309.6978725776559,441.77227580821017
0.00589163439657495,3.9420557928112077,6905.937877770691,1523.094729308192,159.7731289876513,844.9899641377835
0.009978858953315984,0.35266418460643445,3036.033119783212,1872.9011722190294,19.38185691633077,9814.678608305963
0.008001405247634534,2.9658109222013667,6957.299955309769,504.2107552595899,209.3149075865553,612.4012581060704
0.009708565079340719,1.0006837147560557,6871.171948120293,813.9360743764295,128.45040490559325,2826.138783338566
0.00392762664193875,1.044120699946545,1879.8190384325237,981.3286043194826,60.619047684937044,1754.726707682116
0.005953200130328207,0.7936736864275371,12778.419702010297,5035.44168292014,260.8806864756041,3633.017320873165
0.008020890536519276,6.101068352931814,2998.9173595368184,2012.0271128573254,132.6159389938198,896.0932273012949
0.008204928935937978,5.299955051678192,19935.193811941615,1006.7757947688457,257.6269258298441,372.6261832497667
0.007988815214058557,3.0007167049573797,13682.614138193776,997.3624030309725,250.22146922133086,607.6913298141508
0.008200657815578523,5.88667468992,9844.913887181669,2760.1122359941,287.45341901389037,592.9462579398129
0.00994928762740677,2.9721036964645338,17711.11254496771,1353.9367333768187,337.53226523329243,523.81551499397
0.010903589308036598,4.946109023168267,9970.184156761046,1012.2785196592878,295.20496966378784,433.1649733067001
0.0061179185985551325,0.7932379505341031,14487.059962961674,3959.769955004802,328.7994246789074,1773.6266585466497
0.008011828670735702,4.94636496981429,14035.829181886938,500.69813217361855,235.6894481451561,267.30233657723176
0.009299613800657821,3.0165532319432478,13929.429013451638,2028.101716270927,301.12218394739097,809.4283055128359
0.008149984515327063,3.627066721810627,10011.957438340018,3015.9212195223727,209.7212975013959,1407.7802605388674
0.008037760195140367,3.000476631240187,9617.722361155546,1009.6470918901111,117.17078388099723,1081.665796008946
0.005774828638025529,1.998190911156011,17758.829793510326,4977.020822451603,216.8774911287873,3041.13262183049
0.010118348330840013,0.9980933243498243,14046.981716408913,1634.2681824359502,135.66577553703536,3591.9094615348326
0.010535217708976424,3.7341673350310667,9759.630853559365,1657.6017261767859,198.33045163550076,1102.8824573915822
0.013141655914243386,2.000198874515377,1292.9862722101548,751.5617134458045,44.467203494352226,2056.7935700315493
0.007823431538860686,1.9554822995881878,4921.030809024716,2194.3235890714855,204.19776176057437,2188.6114871266727
0.008143194192638783,5.3540383062665455,17547.988327853265,996.9092162302665,339.2682210464705,205.3616439064981
0.006035565806448295,0.8042444505890768,7680.526805986924,3197.0502954034646,181.69785829704776,3763.237521099763
0.008001743495369983,1.9979858485270656,13545.804564483424,2800.397273099021,176.3347327321002,2352.9714620527434
0.007936237810758825,2.5044269058616675,4869.737017183475,1010.8393780670372,229.41936792891553,1054.5550734145502
0.002367654100013226,0.5151557602975695,5045.015620624749,1184.846139321952,50.73482245825249,3090.025618805365
0.007900175734836675,0.504339941734617,7924.124932408232,987.6375787563015,98.58739688678725,4525.766723537444
0.009986235823905225,5.004767786365268,10010.59664923653,2638.1110297366718,214.24495741044984,1173.9214849704563
0.010681383279572498,3.0139680138342415,11704.63529001156,2021.1743262817233,256.5090472784218,1079.5713267990388
0.009489246098334342,1.8752755118373692,8308.392933340798,345.4869474950965,254.4523291294124,683.9741788650326
0.005704141796903067,1.9997914151166056,19494.689092072294,1485.0873462490763,282.9148208085252,814.4775050401743
0.008110688197971585,2.428018155483781,9911.854256282568,1594.2707103643927,159.1248120052991,1567.2993776981818
0.008076164763672369,3.0121359231120146,6898.314231073414,4029.331440530383,259.59195558054876,1579.474630145124
0.010648169669664097,5.940953204254276,19639.169974276447,2024.5468087473057,314.2549218253657,531.5234619142378
0.007903270408318236,2.002310363333356,7758.9039015633725,1420.9748145551205,259.72959782100446,1314.5067459231027
0.009274169669383658,1.8023587401527446,113.43565230866342,93.04979913181629,68.84257274551663,261.74612609107953
0.008068186241354133,2.9695133747675024,17884.661927490408,4074.3447405048796,209.39545308761677,2372.606985326658
0.01300283242448449,0.966399303638973,2471.1577139868814,299.61550484925493,63.37866432049507,2008.3839348914853
0.006192147294054506,1.000908214488222,7104.865968683668,2949.5455052377197,91.19971915084251,4437.555473581695
0.010078307120282924,4.994036690965815,10115.843350260126,523.9279233002279,212.8656336919376,452.05572157374877
0.009837350932151823,1.9936488024047279,9976.931931757968,315.759018276923,178.41362046638412,730.3779783302347
0.008159249480938918,0.7807475143581787,4911.031002701731,2195.237103401634,188.4813146715602,3961.3070604467753
0.007918212271202138,2.9832309427807613,9805.140787379565,2046.7279218009041,236.04232762563882,1093.5715431924239
0.012461259170063816,3.6063358938932724,6808.24033661406,1319.4774448599944,240.25882665220192,1181.8161265271556
0.007986413434912519,0.9975717528836505,13763.380852910459,500.8938407482369,96.99623926069654,1639.2644245804947
0.0058480113362418635,1.0011304285290181,5851.717264943349,1482.5146447331672,180.68873072109298,2724.554056080584
0.014306246981927164,1.5055290724824089,11153.761878350399,2693.078147475691,308.63314324378797,1547.7946037724546
0.008046408443158619,1.009943625259746,13773.613366040767,1997.0519297912008,122.21173265794701,3513.6142951508077
0.009231244920387542,1.2157015219337965,110.66580133267402,91.62898812531549,84.47302812609786,373.75286085467343
0.0058264142023444305,4.0069874310711935,9838.790845284864,3311.1674330208134,140.20111402532433,1360.2819381071263
0.003973103547189049,0.4969457378270256,11829.24700107527,4483.516970119657,137.31279954053085,6814.144944782503
0.005791726619768669,1.9925773264328597,13766.82178570141,5044.613477347847,276.9791622278472,1789.1916967153543
0.005922659190211465,1.002533988467646,14813.41024962493,4988.221355184898,117.20145920507218,7125.998423254048
0.007783332711935691,0.5074653899677939,7700.883247762754,1478.6112193822469,198.76264214161094,3990.2130124908567
0.01006038569697126,1.9718940417529571,15926.43172433829,903.7077593592057,193.3896953177866,1192.8145679902361
0.007937545397507937,0.7774235199371095,9734.884829895942,1000.7921162069432,284.4648699286155,1718.2083340111672
0.009945137441702983,1.007638059044217,10027.549767563025,2794.8646232616575,141.37916683553755,4922.606576200497
0.008018150861674327,6.045268068033283,9743.60709114521,494.22055156593945,250.0144159601297,241.8232503941866
0.008233078403018861,5.366170475290843,14710.831705533792,1505.5941715263525,158.7920102947771,702.4691059579625
0.010788483700513326,6.051130262692709,11619.612362022435,2753.816168982832,280.0591564496635,727.7044948503981
0.010393933621391408,1.7473610727035385,13784.181074349419,1732.3184370252188,313.4400130916631,982.631493810556
0.007826365389752317,1.649612598821575,9797.018789237552,3400.0484752750485,289.4070881045693,1628.0366627322553
0.006216313159223801,0.9070149828408265,10223.508182014906,2675.1450060212983,149.24126354574,3908.4823797877107
0.014286416912517693,0.98371332283487,10879.900872012931,995.2396894563049,251.51096001812283,2103.877572613369
0.005904624265763325,5.022535311138849,9656.488575528538,4986.992747274754,262.99751326752977,1000.649057527138
0.007737294728100678,6.00624301524592,17368.438143421343,1018.1681770196212,320.23417118117493,231.8648489266722
0.007983529359376743,1.0032376433348151,9843.452011159241,1016.1508829351288,249.26246337001115,1738.1172042583607
0.008125119297466827,3.006488480206389,5077.663241279287,1991.0231200448561,164.42088939130272,1733.7436269914106
0.007922986994689891,2.99623937608766,17779.93164793301,1000.2448856806955,213.54268747475084,701.5273352571304
0.007970280050442105,1.9798165899225832,12678.41671278719,988.5085655554311,251.68927896889406,855.8295388191749
0.006096524731603262,0.7801678522263239,7883.894506929971,2699.219168020004,161.30144818668103,3808.104276942914
0.012966886996864904,1.912052223903521,6869.121181063345,2671.0658654539116,250.34025294737376,2150.0738589608886
0.00912978224754273,1.7415320832451702,6934.465783460104,4066.522629605542,249.7833106147756,2372.565045565963
0.007950365745396145,4.011795148797909,13922.081103527255,980.8326517662479,312.1319168590257,294.9752998734529
0.010749742166846184,2.971111579441722,17585.47168979846,991.3244039043379,178.7031438210927,936.6904757585513
0.007667764607567504,3.0087733108747603,13812.729800194933,1995.2996535828104,126.00637874846426,1487.5824300268605
0.007936938842942073,1.5666811673766325,9879.444843986154,1586.324087292469,296.82227377650287,1179.59489463219
0.008180822082728969,5.01340522077944,15958.494218195487,2539.695675728092,247.8674615876948,851.5033400303978
0.010201902513295929,1.46317241078035,1702.4622546976082,123.80013135942204,39.43352182743393,508.9907373492562
0.010686283875629655,3.0377337559180297,19844.855573127697,2005.49183452762,319.7405304202655,864.8512699205282
0.008172367301960564,4.037243470812574,9765.486532645255,997.1564676075485,278.6203790309478,459.9336595049608
0.009801953908638018,4.950279088088693,17947.803822825346,689.5368560874215,256.95188693622447,353.823779454147
0.009920089066140308,1.971913693215401,9660.622195905513,719.0186378169891,70.85560696021554,1497.2773803104474
0.010678327885845464,3.9997250925911567,11877.799263527133,1027.5979331054612,284.764180667262,554.0137352708915
0.0079704041290057,3.0440112105549644,6830.59256477068,988.1587679548124,136.89286414797937,1173.0782996668397
0.007783997910789492,1.639295365160831,13684.548171071609,2768.26292603355,325.5237894092378,1012.0025380947687
0.003947270464365521,0.5044922438040296,11645.021693328212,4453.685510157019,260.20958251186147,3423.7812829865243
0.008040191343649581,1.0111834143308802,9917.694973939693,498.2390530327933,179.40724880119188,1409.9274660005099
0.0055147440745287185,0.8526904924170415,7013.9577729953035,928.512076981531,209.86263705023092,2575.95624265073
0.009925058342127965,3.161955489260896,646.4363722262788,279.5587447224591,110.75120507537137,504.77695519610756
0.007862284742513218,3.438664740749848,17701.79825887363,2001.1917267166475,175.2796850941209,1217.0337199898124
0.010325956613802617,3.787842102803403,14678.480120803519,3459.4863890403217,254.672571156358,1483.9574493126327
0.005795391590467484,1.9956320324717358,19331.93389968751,3395.213008763194,262.1935965997845,1853.4063857890214
0.010029167098113103,2.492075161141046,774.8942544577978,738.5545916416495,104.90875383839932,1070.569813247499
0.010826672329026251,5.9917434026147545,12825.885417973226,3139.965774306109,308.4386134069305,654.3360879847899
0.010126199771400222,3.6110455314867362,7022.823976709381,5559.875640052656,205.44401920147868,2250.214958302632
0.007906222039891744,3.0107206907897033,9768.952958266042,500.2988206796643,174.50049155570198,544.6907899428649
0.013013224423504333,2.509098939841698,1809.8199676597694,343.07163811309323,31.75971166054957,1019.045347952994
0.007956298112842729,0.6981851028310417,9875.844221684627,4967.059099682671,271.67151413748536,3509.558950699622
0.007841025161315001,0.9875299590440909,14869.662881444076,1747.2366354309836,321.6889180238043,1106.686918148273
0.01075103316399947,4.080477038475845,5824.605252616493,1002.5117438723274,261.8423710559332,759.8030876922817
0.0100664109437175,1.0062772878715718,14267.360757898708,1223.4865068511947,203.9020660840806,2198.628595294703
0.007981771517079484,1.5623107618820695,12583.66619872769,2726.358006653396,310.81634590589135,1089.306717237031
0.009142008812192555,1.8513846931401023,203.20698880762993,293.30657951070714,55.42575224420326,709.7948563045112
0.008079557109680986,1.6115017252324908,7970.715701007833,2726.213282171116,223.5578832642518,2246.3825154538927
0.00963073197230841,1.71982003079888,6892.352682253178,4154.013253010579,200.1340479361818,3000.242949295931
0.00826351755171644,5.333753791119009,15079.701446894429,1976.5663433166478,196.13315378416843,767.9221688322182
0.01076730215019446,3.019580286944266,15648.401814566534,1502.1784098321484,304.36696654546273,738.1467295339075
0.0077616933217917175,3.0033400863469977,13947.136574444306,1982.631310192395,151.56286968381153,1338.320744032091
0.012567317970548933,4.889120180097198,6622.302009560054,1346.1369589964706,245.48885057306495,937.9119261551986
0.008066223188140544,1.5562204745248276,9924.742225727525,4997.0470362589795,268.35842216754054,1984.0600197108633
0.008088337844327399,6.033747163080304,9701.274229225635,504.77193941508887,218.6350259646947,271.11343765905264
0.00685069773008025,0.9960852913725349,7792.7716289337,3408.1106213346784,267.9805825536151,2542.9654906555857
0.007961559674352763,1.0001180317909368,13717.78691517762,3950.151774600854,196.43325821222405,4710.806384863221
0.012759013888073904,1.931069778147074,7051.157779214475,1363.9256343127795,183.33398433649947,2277.439459820117
0.006153814642280647,0.7940928801122958,9746.654244322053,998.4595481249072,284.2915524906303,1471.6511469304075
0.010099512169225876,5.026751092699047,7129.19703250284,4886.179179076331,264.64755910248005,1428.6404755124845
0.0038406192906394777,0.8090578045543697,7743.889382672743,4050.978542739448,233.6477208997238,2863.3897988918284
0.008033590176046643,1.0020822806277392,9678.88643172888,987.6518042068594,72.32969752913768,2765.160170612057
0.005830285193955153,3.9737497655305036,9791.405429723889,1500.4275969990338,79.16312258259227,909.6789533794714
0.007922842446698258,0.9966276974982089,6863.9513750727065,3954.1727937511687,228.54434670235398,3283.4713261493343
0.008015181453311346,0.9961702219530552,13807.068240132514,2020.8984422376411,294.9677530593484,1496.4488249477736
0.007767510581825799,1.0127441445655585,6753.5950406605825,1033.7009635089087,113.43471320221407,2968.970738734983
0.008110015476158349,0.7915482248497901,12742.29528942475,993.464689181029,245.6588432218189,1666.9345579725698
0.00801004427080121,3.5256540582122002,14933.891592714679,1898.83278774009,347.2738502912891,432.6413705998844
0.008088406374191769,3.4620695834785935,12931.947752124503,1005.9449021103006,147.8095550459543,765.9982179987992
0.00994161391244387,2.0461724427100485,11679.376115522784,4124.596629396283,310.13190842595446,1442.472906735944
0.009996643802395462,0.9907146222069547,4062.817361525253,1221.6891140943167,104.20825228380015,3918.0870589821984
0.005890395437114758,5.0324083426672885,13835.574564235103,1515.3312568295994,227.41146909855894,444.2100648938354
0.005812143061207435,5.974630247090872,15827.819323196163,3307.772579763597,280.44007515016557,587.2676725799429
0.007980809785369138,2.5250758212679476,7715.39396041518,1605.5390576040409,292.49632139182614,919.5344258933172
0.006150936316629908,0.7781049715909635,9927.731405172224,2691.9315073621783,168.4828055875991,3808.4867357374383
0.009307619087064562,3.042005791760473,18319.523192979726,4175.868202736271,305.2327093877004,1764.6987382552277
0.009726545422955448,1.0028781855703863,10000.341037469592,342.6710441064841,105.17165534336749,1630.3652469528304
0.010039255364596574,0.504866185169198,399.7916197674816,59.468845084965544,58.526256209820794,565.3515890489067
0.007778241804472666,2.1002375024144135,2584.8323883252892,645.3170384289698,124.1382089393479,1174.439716780957
0.008133933370839485,5.358407597258099,11814.98306511883,1008.6119739605964,275.58174786060255,307.79027214304426
0.008008751686352995,1.578976073753836,13013.841988577642,3251.7642992234405,301.7458261608757,1401.2347691293342
0.006142658093990026,0.8054155459005767,12883.566173714004,3211.6772770382,205.40651677140397,3495.0936605856627
0.007977482967499129,1.0123349886008495,6852.13549238604,994.3960257804883,181.03834682748456,2462.7903519743836
0.01318274711979008,2.5192596966981053,3495.7854944722417,515.2142862197533,43.02110084124087,1456.4836579282814
0.01012007871498177,4.927693562908163,15791.065689517829,4117.9393448957635,326.0343652928976,987.9824085844215
0.009899179431719134,1.2559438147009803,2190.0424779412347,102.08990079210649,36.458937496967366,515.1162277410764
0.009955552853430263,1.989987621427454,2196.979446766497,171.8294054369549,40.98401780139211,511.6500473175831
0.00983469602698195,1.4927313536021267,869.6813563964298,125.600703954989,39.3496684186926,510.75570251051477
0.010762869656310434,4.957927632381647,14624.356110076405,1001.2940019823267,263.37109813453736,468.6810435074269
0.010339651319803692,1.8061310291210542,13884.163640038238,951.25004513222,290.0855531784356,894.1048244241215
0.010016403935921925,2.021333703851708,7950.870092072064,1172.982213271731,129.04801877926968,2105.3595800100857
0.008091980186678994,3.4677433684218064,3037.895013292561,2018.1136139139319,125.29068467967748,1473.4394731413963
0.009960306735863048,0.9944579864085017,658.8710123317371,541.6435997655559,69.31496053010999,1994.186533049622
0.009906466776756152,2.962185343436859,19380.933656216985,2495.220445640058,345.6489612058482,867.3873371654413
0.007992682023739272,0.9963431070907259,14663.951028950427,1799.2191486530853,304.2998690216061,1464.99753458845
0.010739929431459853,4.96891347471274,13600.389663870574,2792.09037102577,294.2231617997294,738.3166555410638
0.010164325083679432,5.001820451100936,13973.117561346926,1953.1010446033497,233.2649937036739,781.5100069340275
0.015032365794649833,2.393959783314184,6539.542295453473,1128.8150641080267,265.7920102552402,1479.1241775536932
0.007962292485307474,3.5255262097962747,14664.84459668998,1001.435593652171,201.50356390367745,646.6549885770488
0.015144119916348694,6.154669897556478,13720.423401463704,509.85603803071626,175.22142120571962,450.8869938537029
0.009911598825384577,1.9919063424940529,11918.574854989714,362.0158098792238,174.20222758679023,753.2059110220388
0.012699191056174269,0.9696812605471196,1636.0614428211247,559.8479531351288,97.79511832583084,2811.5128407763377
0.010068804201054202,3.0669312994305744,18023.474049473378,2859.379202316601,336.8493102233801,983.6519827011789
0.009851737277471717,1.0098870317812356,3312.546022500468,266.76788185566477,48.675516516600254,1517.2923710596697
0.008067900650046093,1.9793370436160675,11716.657025746512,1449.9406561885862,301.1064414115672,885.2069007293727
0.010308103137113065,3.8163571334415503,17451.872180438073,672.2160661059538,117.4406499791923,749.1667395407032
0.009969709648882904,2.014301688511581,19773.69163200464,378.2018478540898,180.45250470466465,546.2455005473403
0.007980089517766761,6.092271782971181,6837.006649978813,1996.3693784944535,110.74055930870472,1003.0554385731865
0.01390770989699507,0.9940913340348565,11096.99860772827,1030.6898603809982,279.14154427217494,1957.8306107818896
0.0061152516364945605,0.8009346351242765,7859.840687850071,2197.054755063836,201.4331947912105,3070.590909690849
0.007725252521917422,0.9991226284633228,6872.2811259505115,2007.1808268189936,240.41451847437745,2702.5402352310475
0.009572601663392624,1.8218527196216212,13761.390943183393,1324.1085516370738,204.2218701524699,1417.6712050362585
0.006821305018366263,1.0054236181535967,5983.227944473867,3315.5947631415793,205.59622612643292,3360.462293970373
0.015113648796112003,3.2059485107615187,5065.392167081098,2276.1512006861867,247.38568366757013,1720.4127073787954
0.010653145547462403,3.99195319988181,13670.378647662788,1018.9422660466831,178.87789975851163,760.5946380917676
0.0078848547507814,1.0030527015839084,6974.953386373309,1967.7569180968417,77.38831459442623,4259.333883732263
0.007944625255628121,0.7954170044949093,4936.821434420957,981.4813721506399,205.0606719150515,3053.0119359913665
0.0077074400448453985,6.98717224309538,17623.77574259561,2772.324335285105,176.92264988968267,932.8114460148295
0.007879770355725294,2.9781769543680947,13748.525260863518,2049.504206741999,162.7244050086435,1367.666042763678
0.012521102668592637,2.7171775123860114,6945.20249461885,665.2898744674521,246.82236997316642,1101.5196591652518
0.007876972376557564,3.0207743458915037,9910.538666524764,2012.246599900494,87.84361125719597,1792.6819105796087
0.005051709909434295,2.6619276612835496,14750.09102142392,2497.46881140821,215.62917544805856,1162.9451755436069
0.007856155006209915,1.652594487592083,19411.983338380724,2684.502897467744,309.81940472128287,1615.1776532747524
0.005868703945362309,4.029361422117322,7959.341020587443,1517.1758997795491,157.83800345920656,799.8221699111007
0.007578149098305475,2.595053017093324,11675.708871713534,2714.5968911577197,159.83226703955356,1911.0060111196508
0.007763211379588991,3.006860887173417,18004.155279223392,3965.8146331782127,262.5689297360254,1900.2365337395904
0.01000962377025268,2.9958550292118753,17827.000510848346,2575.178630828996,334.70399417070627,858.0956484966198
0.012901591962176853,0.9094256769243951,10411.209714167333,1916.0347747067124,212.33148481708844,3327.56331867003
0.013271418304064616,3.6376910037937105,8719.44240608824,2043.8472558704652,235.14123028388357,1459.920016813838
0.00807826395837777,3.022587288498723,18172.65897435984,4999.484466762302,252.12636429704997,2414.3649115962803
0.009936924442069256,1.0012982457876458,4011.9473212009416,1874.191555768899,38.60810704719898,5114.80817459599
0.007992570585506835,1.583389119281213,14806.806411757823,2180.2012118894927,277.1342873139762,1442.3519494826758
0.007944973911909261,1.603128844692463,7950.096133333006,2708.5381546428544,199.91198339367352,2440.4894474209314
0.010014664492155767,1.252726363583423,2882.358723784965,335.55587557102535,56.441428818786854,1542.509635420601
0.005953140892572833,5.96694718648064,11808.924082444488,4886.779222428672,198.5709273893722,1165.7522642793197
0.009905980737311807,4.878517398271723,4998.333943252143,4479.910638463784,164.61221059868237,2101.7366718414137
0.007942950774004167,1.5597441999991095,4800.163623669384,3977.0144493356847,178.75065463032922,3392.4148920625134
0.007845658072107511,0.991212281229722,9753.577549302398,1013.77136482183,293.4881300057632,1610.1454499409783
0.010055586472206533,1.0029286687682808,3005.513164072459,499.72341541676735,51.80279180690491,2472.4573796365366
0.00613195860235003,0.7826430082366057,9896.811202213317,3153.4543097443825,226.4161269664309,3065.604223696642
0.0077491557844883985,0.9823569071044699,6803.1034528398095,3859.5354523863825,233.01253675876026,3028.832167858469
0.010149649124430633,5.001448472916064,9933.884440314587,2998.695374347316,207.8317846148373,1265.872356120636
0.009931271430136621,1.0099591187752197,9887.771303511368,834.0636943534112,125.30675953324679,2672.7050556432096
0.007946501085263012,1.6192160089388623,14859.689874007508,3942.3516627618023,300.2192920613801,1941.6063556359763
0.007972521221889892,1.6078961053927932,9737.14798305051,3990.3462224958553,230.10042669755117,2659.2512128474236
0.008103347267654193,3.976062888259899,18002.83304351994,1488.8252884528379,321.1524576355123,426.1046805709531
0.005727989575048997,2.038609164089157,6777.614170543578,4271.196849683179,266.16208988207643,1849.2621959425085
0.005963834879940663,1.592481883007736,6994.396033475085,2199.9116616820006,255.64744243943767,1713.596257692316
0.007863798444615074,2.9601197941124697,13964.405470620322,500.2808952070346,123.29308098635705,541.598246964481
0.010820292785476146,4.046844500933213,6809.525653524855,1998.469788712232,240.11199753180165,1189.6001104752384
0.007597357216073864,3.8061403318244356,17901.149663096414,2467.8453415429494,313.6056979399651,714.7661453518377
0.005855423937608704,3.9516541615870877,7718.984210731649,4993.4694518381775,182.13796359161273,1747.754831731921
0.008013012121259157,0.3939080846737831,1921.227096646715,4903.285122438122,118.48156188672459,8010.3417266802935
0.010104405124377212,1.9653965942913947,4994.168578011609,3212.9610030989966,250.06838227729776,2336.351665573574
0.009971161608457046,3.0162007259965886,9976.480746225838,346.29106663789173,211.22360264402616,519.221107930549
0.007821177746617948,1.5952317684186201,9667.036515026375,2694.621847391887,281.872001065117,1601.326489367741
0.00995474033005191,2.0061700627385557,7027.072543505272,1740.444787489222,135.78296121993174,2522.800106539952
0.008020206526985504,4.979789954684162,14686.90121465253,1621.5480679245036,200.78602201558246,644.9571444805424
0.007821052049877339,3.0313541723792485,9831.828776976501,1036.186273713219,214.94024506570807,844.8891015755815
0.008080920491592215,4.003695677671875,12124.032413981582,5998.293529600853,224.39125993025493,2097.682053283789
0.00801629479567672,0.7679223763255475,4919.679333656173,2193.860932732642,129.99027758854314,4598.654007821883
0.01086081416736688,5.961182120082988,7845.3447096519985,1001.0088395436836,219.0340232737035,598.5356211640619
0.008085346948276244,1.0029981203322724,13820.387297971996,501.22709704093666,266.95157881572646,989.7593776460959
0.005817680125881671,4.057295115976458,17856.53916811636,3340.5532190979957,265.2014647180547,999.8882488076889
0.0080317333539166,2.9885494295955173,6790.247908843891,1004.5255530226324,253.3097240152235,828.6689128916014
0.010638823756828224,6.135062556303494,6821.626012652881,1020.4725892644601,177.89266930348822,701.9193959476137
0.007934161578105316,1.018084025872021,13658.361051765327,985.0486695386503,299.0370224472745,1117.031311110278
0.007980954076021419,1.5948165246545212,7911.743046276833,1600.546246216535,205.0707261250874,2069.584080252563
0.00611962682300347,0.8977059408283775,10305.46573839402,7551.7294274450405,266.1598538906387,4003.893485239165
0.005752504209034057,0.9936115839980572,6836.589390812586,1479.0898872156758,178.2566847904483,2718.5391756545546
0.008171934924747885,4.055527594575889,14219.23174362018,1507.6158138695153,240.16219277091258,681.937554327494
0.007896872412428141,1.5605033569350757,4908.853686234397,2623.4743476233957,248.01298766801727,2347.9848921764556
0.008186894226304139,5.428521259250954,13575.915417419063,1029.1058119851564,38.54621863650674,727.7138694050809
0.00607860428051501,0.7931276890939386,8040.949137253466,4045.344625654674,227.50055518170151,3452.130643905998
0.009527478722054832,3.0545757006552083,6984.111414332907,2119.8599977120844,212.77005367096731,1528.463569199753
0.0061009474018075376,0.7896429244357493,9744.372816676483,3217.601471825455,272.9050462435182,2395.7533881635172
0.007907067061770436,1.6356299432671177,11884.693891731418,4604.640188832458,279.3268041668321,1994.5899771674478
0.008066932150854187,14.934401317266875,13775.818422887847,2760.3096999010722,298.0100158841386,251.46913376946569
0.009917168926454958,2.974480533408632,17646.647157328236,2791.1153930702117,256.286882775588,1658.240828917207
0.0058048324053194735,1.0092016961512658,5930.295762370902,5056.909968011816,219.7702430367699,3347.0338938499262
0.007901092618105007,0.7547982034160072,2979.9591458953746,2921.7422170717873,189.13002578109345,4176.940493172023
0.010018700659114326,2.0053052163955742,7974.55794018231,1389.4915115047418,132.8240406640511,2186.7983108989106
0.010176444447466645,1.9859443794322083,3048.0621140056182,1766.1279950892379,152.81695893753115,2491.139242524118
0.010726453820465207,2.986847680856819,11749.391318829264,497.4771620852739,261.3210421577766,509.12379917240816
0.0058531730221320815,5.961468928268576,13727.952470564564,3383.1212921199008,301.8538314376957,501.6473930190586
0.007746922333303589,0.251088064868749,11761.441095784126,1493.561047616294,178.31653037714304,5624.15372504905
0.00948131431980829,1.8532443543247077,13952.463582529253,2677.3594361465034,283.58833541357257,1472.1584466677407
0.010155406854489369,5.023362854136895,13814.430848882135,1672.705476880232,311.9756424651929,445.73009498685553
0.008074296480344866,1.5475327648851274,17601.071802937255,1610.9134086459273,192.08960531004672,1785.949203397348
0.009451553309356802,1.2371432906881237,115.01060293867762,118.20496571271758,73.15154389169713,462.606384242599
0.012778027698110928,2.0037636785333386,1514.9481642582612,712.0798155636771,41.288038646261676,2056.931559495979
0.013074682280054992,1.5100236435218632,1709.9851153891605,867.5857711013856,41.80671033495067,2992.5261016791846
0.0105315569269242,1.7127521392080618,13767.105852746427,934.9182708267264,327.6246817762963,664.4670307994608
0.005912128268773446,5.001279175273564,9725.515407316507,1515.2105100796573,278.8152808935654,346.8131520281387
0.008049420929349772,1.5629481745310994,17603.183442790676,502.23015956519464,300.3000051858605,504.7459990801705
0.009360998605212086,1.9956894416607571,6958.692210380663,3422.9253167446823,278.962006284311,1995.612290096424
0.012155312149653683,1.1852289341416589,296.8069982313386,200.7129929349631,59.39013816060821,980.9961924187564
0.013103311441152166,1.746948316748558,2994.673705083688,710.0000829135598,46.52023544937848,2450.4188786059462
0.012772754086505985,1.9168062561268404,6950.039280511268,3825.503366590414,272.569347295039,2044.0812638756342
0.00776061544799574,0.9971656511263356,6994.9837885345805,1014.2321954238987,267.4004649540038,2126.060993131933
0.013309083803113402,3.67743927341954,6813.670799717881,2046.3615678031874,265.83390593129866,1346.2564908593226
0.013010171725610586,2.309677263316128,3238.892885985996,701.5679006963131,48.745882834560206,1980.9136833373739
0.008009064992700677,1.81821845839539,2992.4271486383655,1981.512536506976,174.19888265356133,2207.253286037128
0.009638067241326318,1.835970457740102,13756.817192712882,665.1380529939925,90.67676170628599,1259.3417538459466
0.0055938523826954654,1.997836859726233,7217.691272663413,999.6935465856575,278.2029039827104,898.0761197738545
0.007796708903325035,0.24817464640399103,13730.355471710094,1009.1921498432661,221.94948899972138,3545.597088928098
0.009943187141139273,0.5961858717619759,2448.2641701777216,983.3034018174538,96.89275176041777,4912.722461088578
0.009778680591331426,1.0094978536625225,9722.348262842386,1005.2306893571629,125.68745220510783,2931.918258229255
0.009894375878575593,4.92450837997115,17698.14268288948,574.3819086045015,334.97485192226844,186.54247674725113
0.007759114773721661,0.2501007114153037,7871.686020481828,1515.59637145866,97.8205083472266,8110.7704066346205
0.00803391333849812,0.24132428442822185,490.4132267110374,4834.28962519323,71.7091744391181,7745.507930381708
0.007891357200863468,1.643203643703244,15580.545758938291,1569.2183165639824,323.47069036703556,821.9058137396573
0.008023665474226897,1.5549513167103763,12941.515042085673,1617.4874455719137,316.96044415141375,935.772272576283
0.008065060996657243,0.9967442006657006,6916.857675834619,3007.7302502644716,274.9546241868493,2488.086253529248
0.010093469591666644,4.956354114341913,14102.021476914513,739.5511740931815,313.7800356052968,248.09711530491512
0.010810015678921462,2.016609026098526,5806.726117025672,553.2933216085912,259.4229434628477,1067.7684908289216
0.007974628543223929,1.0018739749980146,13898.508134388096,1000.8371019343891,306.03166246684685,1010.3594288546515
0.012783819363557963,1.9266779169618242,6933.339671834525,2727.8827348782015,100.11917918649455,3829.157591980007
0.009855841377538732,2.0260781421480325,14275.943483192295,308.0444478050297,101.97747704324222,715.0586681290304
0.009927085188975804,2.0056774255831833,13777.640735426974,1529.4715694337303,112.67161773909433,2139.82789330448
0.009326246289617248,3.073837841696471,14129.663221196104,2016.1118913733144,320.5971637336379,606.499818785256
0.010027541583760102,1.9656355865365933,8013.711950421828,2160.6487537885628,156.83967627770434,2338.2126122342925
0.006905274300467218,0.9814438594214103,7459.264578384065,2989.687319435811,263.17071064939694,2837.5088778093796
0.007941238905244986,1.5666850560169503,12785.643934164042,1589.0782553257875,318.34966684546947,818.6458362952962
0.007646598788071374,2.621299877143426,14561.811783159059,1759.8947241069334,147.5637807808403,1480.8350642153737
0.009302269737372906,3.1391348678915882,7016.957177007715,4125.5450615232685,251.6674601348387,1751.8294888749936
0.005905679299167185,3.9691696527525893,9716.707403718003,4974.231992017327,158.941838335826,1673.3053286851268
0.012199215991741818,1.4338729832010269,292.1746228419475,198.8095501658011,66.07479407206478,843.1993143914054
0.010459461745889617,1.7763003676290519,13739.98019684149,679.7149564508612,250.9162055404268,889.2843732404332
0.010818967454968735,1.9785401438231514,17744.875203086493,545.8293650127707,299.92812813803914,519.6802106531882
0.005681234291197305,3.0033660968191036,15712.937820976469,3262.8195001633117,326.23395686746903,773.0262919816129
0.007992847252949112,2.9996588092562515,9961.677552483947,3980.6523892350374,201.81201077080217,1844.574082809328
0.009976181315690698,0.9810947608235576,15631.723595360152,905.4782017115414,186.5256592329523,2054.9193719904083
0.00794918309419873,3.456714178571088,14349.709674047637,2020.4363988615332,295.6306729019338,659.7892588728773
0.010835422824696688,5.972206226246287,6828.811328090524,1532.7497081123593,220.96057042499035,761.3520145816674
0.007976767165420505,1.5876281018940315,4922.498780100202,4945.066105285581,221.82055778649234,3155.4530616908683
0.008080910438748735,4.065609800604348,13897.483207937015,1506.4445656459256,77.15853708791424,1091.39675308356
0.0057435960583121825,1.984606372783849,13480.536284264848,1479.5353877384193,179.74138972393854,1173.859598821056
0.008132663483470574,5.958336616474888,9786.507861562564,991.9790325800996,236.15001706405243,386.09324013173733
0.010059316001071773,0.9771798531104429,514.4111425306608,353.48473652025353,53.87169675057776,1515.6344046045674
0.00797934091568095,1.5770240123134722,12972.863745270388,4092.209160654589,303.95063222799405,1725.433016143942
0.014141053398626133,0.9934837561466948,11154.791817726878,1990.5123136254297,285.87148620884426,2260.894949444447
0.014532489873106767,5.9588126414062375,15695.354769770756,557.2554403622325,138.29138285042023,525.907852467668
0.008114738504866723,1.9932028283302652,13850.887447885672,2783.1224340205467,322.68585042258263,898.0373551416718
0.012110469208721223,0.6015838857366892,195.84717044172277,100.59740337841696,34.974911697346634,856.4019955457704
0.005722679841159431,3.015386004333802,14545.591972794813,1489.3655674876381,240.7256682533714,650.6126567157454
0.009925685896124237,1.9844295494442745,9760.199954078606,868.295706282674,202.5237051468774,1312.5478487504006
0.010000801192268679,0.9633544625153247,2404.219905032304,960.5949279587735,105.77765360763357,3479.15522656038
0.010788224992102241,1.9817419883711411,13549.700488546347,993.8466286131531,155.1810206132467,1460.7078717255522
0.009387527431209053,1.7449369686926384,6821.906689101056,4152.169128624644,213.5355889161494,2670.123050492988
0.008151282621078499,1.9626245374380327,15916.849281710378,5885.418458962043,336.15287713464016,1964.0262692369706
0.006030815888932618,0.7893478946883993,9797.126778890457,3971.024716131121,196.751891401663,4282.6545890620155
0.009964502967407075,0.9873846171298133,6816.810931131004,489.8911916275187,204.2399049905607,1930.915680460104
0.00392128992020788,2.0663829185728533,1498.8476832722686,1200.7525399120357,59.917985207966055,1019.1183694259353
0.007702182025675985,5.961119405113443,9950.087687621448,3961.1040522950834,69.47597106373918,1672.101073162038
0.010844152709147655,3.021382485030014,19500.420772914276,492.15741650535074,300.8713534821266,319.8182693441164
0.012877420998504942,0.9705317428157983,2079.321852954078,1105.1475874560683,145.27167483016308,3920.555591421197
0.010497285235788235,3.7470219950083385,17720.314619241835,622.5655056989882,124.70080946772015,686.6997634583142
0.009745535101000822,3.0066842026787755,13955.720432063907,2533.0447507511535,235.02828540566685,1426.9596062490289
0.00797654477593159,0.779288636755888,7878.556159940513,1012.1448623198868,156.15446356188744,2849.0500097968547
0.009831187785135139,1.5047999064095672,2480.9406467888593,1107.2413563118444,125.83760148921252,2527.20182616129
0.009825878399209877,1.9956231167882,17680.250414615835,1710.4108517540762,151.49943627405486,2084.976561242705
0.015078026659538318,4.054149539477152,5041.999331923094,2298.047800929553,183.74762732580555,1919.9121102813067
0.008081584724372924,1.0016651119535251,13646.94550229104,3306.936746667821,278.0911278407449,2544.7525159689767
0.006067894493598652,0.686038999931548,100.08861999327797,225.32490696115866,29.50936098368601,844.7941773300786
0.009844086822807414,3.065486493294004,7105.425470860265,970.5594286719864,179.1785804398463,1248.2660841314787
0.0059555712753396155,5.985643879335795,11727.672527105571,3305.716279576327,294.14453704217556,434.86178511760266
0.006127701368549278,3.198396574039747,7046.992879590064,2206.907138289243,184.69807776411164,1136.1331293456183
0.00804872378685585,1.9886923520872746,13621.834093856105,1492.5772238015827,227.2409760104994,1221.614864192028
0.007832682940740802,2.0757895698640976,1955.6313821782057,276.1204435045816,96.76308425245684,606.0483913705108
0.015014710467128186,5.948407642496518,15729.867585448768,1698.4021356668225,331.997839416597,449.4142809388531
0.006104013518222345,0.9946695214521382,3084.128658563725,1322.098711325375,61.06052065211462,3504.68309994967
0.007990595664435208,0.9971593309852872,14505.288464387528,1792.818944441711,266.4643118678304,1921.971799326897
0.01403659002721738,1.5181541764638977,11002.658577617185,1000.2965246198808,263.78250609609194,1581.955636323879
0.007953372892862102,3.0269427452819007,17935.927239607634,504.1499344748056,134.44071151844764,512.783348781624
0.009907503484082047,2.058355390354539,4000.3577499590783,1006.272826581012,36.01329413995663,2459.6509238681797
0.00804255126728883,1.9993788560207737,16388.096856583757,2528.20814507406,248.3911923358451,1794.9282310831347
0.006100225021688829,0.7828278439014051,10010.717010231498,5037.612123152103,207.0592821162117,4413.124035466234
0.007739903479103795,0.990036820452333,9622.970991240747,3950.73917444292,224.30495089208728,3664.09027492945
0.01011877115373814,4.930363427887154,13724.532749809669,665.1910273490182,235.51129206823333,380.7646136785191
0.013107745742646235,2.274118344974051,1840.9075807946342,288.7922378549379,29.895472353485825,1012.9179012790712
0.011402913828359557,1.820346082670065,13905.70088813631,2013.7371380923505,306.3208705853821,1010.9930585184096
0.007858475820147247,1.6388734351838632,19425.793392207564,2302.494740991952,325.4787954125807,1260.0138709462744
0.00807312713983762,1.9900923226900755,6985.242958214356,2000.25125308903,185.51946435977695,2207.412063536797
0.006121718720209469,0.781007014844692,12701.076337004484,994.077363655273,277.2868470322099,1315.7415383320679
0.012818841901956896,1.9351179157575908,7007.158622251453,2728.263765635787,183.3186906485182,2676.377744227031
0.008212617002645627,6.028315800326414,14641.37264692269,2804.1927522206274,250.1925036810227,791.173390014929
0.01015426218838617,5.014868703484157,16246.770482236387,934.8884144253809,330.70824027005153,279.3237176325311
0.009767710120771949,0.9328569174037606,1075.0321545116117,175.58925920193604,39.388373021323254,1053.1291901555885
0.008084400197607094,3.541871415294736,2001.3093519821196,1001.99293599012,128.1609130482476,890.0052537126684
0.010516604746606978,1.7946285206859192,13632.71298463886,1773.207234378908,321.42182645524554,890.5431006232564
0.01335848678937548,3.6439893809864325,6860.175539541415,2078.9163595255645,220.9252948006489,1656.30621072524
0.010814619948958321,1.9987939640642198,13679.198597815168,1511.681446879772,242.22405106550298,1344.141505147305
0.012826134381678633,0.9460296063386189,1263.414736397722,419.7019445262152,86.03878907936753,2436.997454562521
0.009983252817846984,1.0212343491716842,10125.28938678091,2343.085995297361,139.2247009999887,4390.58608748975
0.008085139078894384,1.630837380037948,9848.153294296144,2688.287845948403,182.04756269634862,2591.1552543330135
0.008085393356001296,0.7721868967472645,7887.05396862103,1583.3283757737888,108.21560133215877,3981.3081331933663
0.009952536701477357,2.0090980052167255,9922.027914636847,2251.705515429286,152.93695202987942,2489.7384900718325
0.013037701479623165,0.960675765299341,1134.5729026519527,426.30858479584276,85.5471876624018,2426.2193018289213
0.005766706151167187,1.0060912870836551,17604.84428015809,1506.380321882012,325.78604601467157,991.5812642281262
0.009923447568317237,0.5999997437969331,2615.308631728441,641.128655880087,84.70262454394911,4326.012395639034
0.007989740233336451,0.3920572025132846,1041.235719869859,5015.711463918265,47.37357182150961,9431.561855962495
0.007976226543304363,5.980141190561724,14985.153308346498,2978.9413491186947,331.44935589013977,446.3958379621254
0.013135451794119934,3.623739931145318,17158.95442561648,2039.2602030797407,329.63880591362374,878.3490149868343
0.00576249219771071,2.0254091631497704,5808.574352642328,3416.5321847284845,154.75096696411185,2493.77687118601
0.008196682405499324,1.9859185264955925,10070.700398897361,2008.401248332514,208.33134156750853,1797.9168022714457
0.012646665198660397,1.9388995088692147,5122.500808874556,1872.8194156054992,182.6077061247541,2777.536355088644
0.009838230584554337,2.9999421971896303,9894.647652423917,6572.748210894906,287.4263631003322,2001.5281616176856
0.007949319023552729,1.559257365183197,17659.110393546107,3205.723761579176,347.5833640914975,1229.613432755568
0.008004740767811212,3.4871214184737847,7839.784639602236,1989.456488751262,140.4543691821053,1490.4924082673351
0.00804924743201702,0.9886123425259578,6929.848882687242,1977.1313615801723,199.50028706322132,3155.1313982869024
0.010825818520887362,6.031035778308796,11806.568342811719,492.21643116177796,301.3664769721714,229.0740585430896
0.007913413447009937,2.972200208128951,13737.867219014799,1060.9177060283153,92.93351764003108,1067.804743329011
0.010114614804769696,4.975152557791022,11873.025249859957,479.79067949119656,222.18618238593783,335.2597573979026
0.010032974194672086,0.9932958067439123,13780.328702876906,472.96841996510983,101.43457932975178,1706.7180630036373
0.010063518867217717,0.98571544585048,10120.837356707692,308.39122425632866,103.38106808083894,1489.992895293506
0.008157480658466965,5.321181926988426,17685.378684716925,993.7267183459885,329.9202330710407,230.10271080975835
0.010099284857995822,1.2487286694582442,3377.491410715661,328.85118216671384,56.28728071403751,1529.7677294030248
0.008266637214720932,6.0854314847354845,11451.217250881682,2763.1979820443707,224.62381637943415,799.6890078850782
0.003917296106251618,0.5000556916355137,13815.870678535428,4416.801310315957,198.0704647240451,5352.740682795487
0.009955915709832872,1.9910811803669344,16101.98257534302,1732.7606249454989,150.31834618741178,2132.989212425074
0.008119736768846225,5.277925354474106,17633.31319554145,2035.1057741146255,251.29877967366807,708.8975958698928
0.005940918159314048,1.003576425750214,109.87838379116864,175.6574262124107,28.404433658604678,467.03458729633945
0.008169419141487633,3.6915144925261325,6975.416992229602,1488.177085703906,273.2741216174589,807.880078588932
0.014615275415875807,6.033491744005128,15490.991992030848,2018.0868098056703,300.45127256903663,726.1986406078528
0.013112294750859468,1.1045664561113187,6910.530093667612,1704.2310167391147,186.82164137827513,3334.4363345748043
0.009963300410093055,2.5112476984488654,2567.527976679436,914.3970370369976,106.95275451055122,1522.8390717642922
0.00810386059516937,1.0101275616325318,13666.274141997184,998.0440831215624,209.30120112182624,1627.6091813685246
0.010216805128745952,3.7425281918060658,14911.61226169278,2773.440869780362,146.98944022038575,1906.106651930662
0.0038330821850119513,0.7940914353808716,12688.478834687301,4004.3806414749424,220.81960332262224,2873.1604655400897
0.008030024836884366,1.6559769384201413,15443.45815761432,2329.1863063340097,237.59504150510583,2078.292573404575
0.010049963561495632,3.021751368129312,5012.542625225578,653.0165916500436,240.60305983585872,855.3661040073143
0.010631940844997663,3.9472789217679956,14677.519140995108,2040.2724112100218,282.4399547536097,776.5975225322736
0.007899766406509707,1.79985113342948,3046.8816542728446,3007.2040857688125,130.71122124402763,3254.446235372382
0.012818022478827918,1.9241493909947496,5148.281236496701,1333.7084633852228,227.89424726618162,2210.970549752488
0.010117028216086262,0.9928203513736287,7957.842994602115,1459.7371823514438,86.94187465411432,4119.916398271464
0.0058725016768288035,2.9804528893878968,9694.130309780094,4929.534634471953,139.16458343196,2254.218240788463
0.012771198638639543,3.6346489711489522,6680.801185404348,2786.4790417689833,215.9140509017683,1793.924240073658
0.008074041517286804,2.98272420020184,9900.014095714107,993.9995784258538,184.63813737764292,902.4562996916999
0.00793626991280157,1.5708816966926726,12761.201803115486,3902.262212755103,306.3799578743737,1495.4167315362124
0.010141707700880095,1.0003751312189744,15954.833266822961,1073.0052725017822,126.19480632705466,2933.8798752248385
0.013922745272154802,0.9860899006520248,11031.014451321897,1036.6081604108633,276.28842222779633,1886.5592357356027
0.014643453690087812,6.012327775951315,15402.8524390342,1095.1920995452508,217.81676104301752,631.565817681153
0.008205065817399196,5.326414786336182,15812.051122785433,2269.338376649823,333.1668645878932,393.4288526067088
0.00813270487692174,14.895546365963947,13763.309879025503,1531.4840948953924,177.06988267000074,251.0040846223578
0.010000920960726656,4.9338112357978705,13515.964405936471,789.9185867000068,237.05888661153492,436.2243357060635
0.009296377002091941,2.014083543337294,7023.032981755957,1011.3628360006487,250.56946439003244,1541.7425096842667
0.010079669320815261,2.00813582507093,11975.45471151042,521.7666444429881,175.21735013828672,975.0083521513221
0.008048642935480452,1.9785844957063745,17851.953132708823,2800.351357302118,320.6688909112643,1272.6456241486324
0.008258103460865144,3.6244960384852716,17880.63622983872,2001.0637478435874,347.239503352068,427.8774358596314
0.011028718555093303,0.9888327955318682,9610.750536566264,961.567926820537,259.9466620665814,1890.796447042689
0.007981461876150963,1.5885478576544476,7819.337637506247,3259.4626100414084,252.03170662646687,2147.6818373072033
0.010467764993960212,3.7468465412730465,17730.58321233574,1706.66426882988,201.52806948305593,1105.1242564128709
0.010132296060059245,4.8965886837720545,19527.438546131296,5747.588567263428,270.616297456069,1983.6827734636138
0.008149680894360578,6.038944858913298,9753.981377476686,985.7206638248537,195.77762092476667,435.65081397042775
0.007971073692525133,1.0015754463283424,17677.964093545874,504.00895490391366,231.32904521592096,932.7055300363579
0.007909260467699786,3.590150832175896,17841.063635161732,5065.622824183174,347.0526255381393,1119.6844479760891
0.005528315866151378,1.734211934673214,7127.715660987645,1759.644974089214,278.62110570605654,1327.9491123527637
0.009909565937250021,1.9934971934634484,13815.863531725194,5639.533758489416,321.6913599532776,1928.9733089615331
0.0058159360924332285,1.0115268294518076,13725.662906616684,5016.892670199951,200.0920399190859,4958.561275331234
0.008140426241200984,15.043067179137191,13549.481846582768,2756.0568761208747,324.90135386096654,221.03526287330772
0.010047510476029831,2.015660626631382,13669.484380277176,6782.459407607638,322.337074350322,2324.7478843639415
0.010291440954035492,3.813736511313975,9657.956377238243,2401.642098886519,300.1183839880261,761.0623925942067
0.009861836015653618,0.9531848134063802,807.8757633618496,317.3651629961705,49.42600449469456,1515.9265590428652
0.012816214030812382,0.973016874434891,1184.7734858729168,621.1203754176372,105.74976261591529,2908.3562955065718
0.007967283330877213,3.0361222088183215,9926.129271244063,2007.2668714291437,117.01430229192262,1618.2237155935773
0.009856853061502571,0.9988779517245884,13870.90081111264,2569.1967515443575,202.73803071098573,3807.058635999216
0.007845568233998275,1.6779406539854467,9803.96261640706,1991.6636245979262,264.072668078533,1476.704651996745
0.007972517941612493,3.0379297464306263,6771.8314106835605,502.7918800951649,69.31013417370454,768.4129137294549
0.008014397242329026,4.982896445663592,17987.592671304817,1502.3847772083295,351.69068842795645,257.73683099501307
0.01086453612124211,1.99037997760847,17860.454255961118,1087.9977429893572,321.4283214748998,651.7698395208779
0.009852887077592104,1.9941083648434414,10025.446806738502,490.9005768898914,108.17679705013565,1126.5197190502952
0.005824626156121353,3.0108112471362705,5881.803157369723,3297.932143597547,101.40651460870438,2140.594565583576
0.005763948706460561,1.987610390737561,14522.920440515836,1480.4118481524672,216.71882782657497,1013.5602221904704
0.005870666911260573,0.9922125042052609,308.937685432378,148.22131821465456,93.04205656638672,414.47625643863216
0.010567263196853761,3.838759364326053,11932.428081245042,2022.2516617997765,302.3838578958563,687.3270357444137
0.0079283628649461,2.9752624632592277,13568.557441529409,3832.674709948419,267.3949209147822,1611.8479789525672
0.007949266379794416,1.9538409978035631,4935.235689027788,1600.236375634759,230.34236874861074,1728.1329453983806
0.01031948217012491,3.6987310146900985,6918.697072593718,4296.53067498987,267.5009231746089,1618.217017756251
0.010047857888475242,1.9997633160642931,11808.83525158213,2977.9325966343254,232.3650963927986,2139.079786782462
0.010068474733598716,0.9958159679027767,16011.785198763298,809.3473301969487,189.70330708838083,1904.62268320458
0.010776187547722294,3.053672073466284,15853.209043781164,1517.8949079183956,314.53390416991914,654.3453284674839
0.008168142723389473,0.7774191337146749,9677.85753333015,4991.135632284667,274.1139222785671,3009.7680613802227
0.007950894570689279,0.9783917981653497,6880.894455848766,4007.013851779717,203.2711963307619,3386.6518768294427
0.008153466264159167,2.979547037020115,6815.4143863262625,1000.7989973564032,257.14505964367254,864.699357045871
0.007958706209544985,10.86484396290982,13695.523078792616,1517.7787190288154,159.3309565775046,369.55975629895926
0.011004301178502277,1.0040664153394705,7737.654441555413,1988.0147983605273,119.15037700812263,4385.744019773289
0.00810943594660922,0.7417841779547446,983.0524547713359,1013.0450499815757,136.54318843882785,3356.249641179457
0.008004088116009387,3.4294837683715342,2966.635355115625,994.1067180574245,213.3254369343206,787.2188172116669
0.009977373788184777,0.591682580879019,586.532642421209,285.5740537947457,41.871942432570656,2006.1456785510939
0.008141314578369273,4.0279228084833685,12058.869749733974,6045.510448256102,311.65973877858085,1357.9824375991254
0.009849542880651372,4.911574966358306,9720.26230381684,1840.4733581258001,210.84572070771569,939.8350931401978
0.007966623675709042,1.5593498776148778,17591.63630035195,2688.6460913108112,306.9440204833115,1603.6988572299083
0.010702218552075522,0.9910450986132894,5998.580613281383,1518.6413185169345,118.4175446554785,3783.692396486805
0.009201714558497246,2.4463471698492483,120.11934377424016,121.12118906636348,77.92990531005856,239.5496294269857
0.003783111194280686,0.7992676978888171,9742.232828208986,4078.9238395078446,221.18541888670507,2875.0034153384304
0.007890681458542886,1.760980077325921,10003.655670779826,6470.053924352874,249.31491300375248,3054.218822699388
0.009952554487122033,1.4840613182809599,9595.385685676127,813.7563123060016,92.16809570036067,2008.4760349786386
0.006014914892391909,0.3010108177956463,101.66881257499242,86.04765776847044,13.748139921584547,940.7099896670218
0.007724108397435932,0.24380671072402332,11539.114932911909,1488.208540765111,216.85432394083662,4688.148530103555
0.00813734087107663,1.5469817442070988,7939.344394833105,5021.456770748371,267.0085820783262,2177.4870161511362
0.015088512140421362,3.987216223021857,4975.4948262778735,2269.4797649261322,228.84961119875868,1607.917170061795
0.009861008477302544,4.975734065790322,10043.118568724827,1250.9854670806092,213.04452689262533,698.0239216052673
0.007913233385916062,0.25062595772095975,9834.574929126262,1538.5857676625596,117.98473083916267,6998.228060350067
0.009468140587669292,1.702343532427332,6962.077944001863,1416.0167009464983,171.52940548406087,2273.222100331233
0.0100102600273546,4.873349146780925,15526.884476528736,464.14776170292276,246.5233818059239,284.2760665778416
0.006139165573683985,0.7931558723224938,12561.967243933675,2759.458593501549,251.85597081148805,2633.156027779532
0.007873039133014393,3.137727697386825,1510.0568924139156,528.2730380438467,170.33154424867058,560.4547334878807
0.015102582878236064,5.942308661067624,9741.560639361996,771.057774007857,282.6311222660377,484.6387162214178
0.00588472935630914,4.028121494344227,14650.704522577998,4939.223096254603,119.65406996356086,2211.985795550161
0.008179024874348205,5.367738092947699,15831.620379295273,2293.8552684651727,267.99755254348287,664.1917876572911
0.008190799259262945,5.344200938216698,11722.416731468278,1494.5910460488265,158.39485021402322,748.3563913949686
0.007722057825976136,0.9889352509006112,3043.1911763649646,392.08610583128973,77.1936879703619,1711.5874743331817
0.005024323996991685,2.5933955308544534,17653.72522159537,3015.025029189366,153.7644146381998,1750.2344653934852
0.013109560770362102,3.0238791619479324,2629.147665435261,702.3962255199359,43.8304283920216,1498.8752023140732
0.008118475359413327,10.803964920482864,17803.140166645342,1505.061719341302,178.95429786453624,357.8404631161434
0.010109577138869076,2.0092930528951127,6888.269617800243,1844.2594880535846,157.93597552957348,2468.5791399446844
0.00689890425641026,1.2046704595727522,5877.317163606717,3916.0079099740624,232.89266469301347,2915.592180540126
0.009939972099567013,0.6044927092310112,3124.917562484914,482.4642430452173,53.86830453357737,3959.244994205697
0.008009691289928306,0.7855624700199911,9781.429778964668,992.6960821816638,126.59949553117156,2694.2569256843685
0.007970510367974054,0.49198184737366696,7747.992966626577,979.9268396654624,135.63417123986275,4220.402231619546
0.009868290956321,3.1928151782222978,1109.0948308120387,730.2020625601493,133.22225221370311,929.7907725854326
0.013310694004941297,1.501174907043437,1471.5054823233734,503.01246680078987,37.119990701916876,2065.170487253446
0.007985453232332244,1.5730835854472052,9945.273273852465,1592.174956136814,235.33995969761764,1737.3913550084742
0.010045356895391296,3.001365502502853,2969.9808787337247,444.26588282941225,127.92603287620801,773.4473959022126
0.009557948633342285,3.028291054290378,7167.279816191251,4005.8622327292237,252.76046139436957,1815.2387601155367
0.010762186698411532,4.960416913441434,7806.61235590592,2011.8594135625876,201.6462385674327,1149.9506117018739
0.010006612110757913,0.9772087786322442,13587.815478236244,418.9661060997638,93.7856187505514,1604.612751259599
0.009974174484143356,3.0104908168436517,18131.770178369938,1637.8448357861719,340.57335820318144,585.5875000821652
0.0038900845975473174,2.0792041382913835,813.548833094096,949.351532617874,59.950733148373246,788.3450564218123
0.009966671773949538,0.6035901556666134,2131.833833507016,519.3628575161498,66.53218769480505,3897.8472494188763
0.015539997389300736,4.035010850454914,5049.207144950755,2220.680272191816,267.1727915963353,1332.6883789346816
0.008318986562813093,5.338364615743495,13683.87572731282,1964.4332977369586,322.65654933966744,397.2257458078275
0.0057847890188353745,1.0085772221403677,19451.06230664279,3336.0332230998947,240.05548719422336,3170.7321976924445
0.010857655881539698,2.9414682204631517,17655.21179215091,502.35017604313117,138.13469483231142,607.6774659266512
0.009958994198097508,0.5984016261693877,2126.4837800049054,423.39581252557207,53.7722761000403,3436.20713402742
0.010835269344341113,5.01033061265625,6818.402597464762,2054.764135711605,282.5703545463747,764.5086957853571
0.009960518824911398,0.5931581859031165,1710.4086840960051,756.9281084224746,86.58626563131261,4317.3650148146135
0.007933993127157023,4.9982406174494916,14461.397870143175,2669.670787169282,230.3945434419269,892.7931857012047
0.008085483472983872,3.0143366594342753,6824.938119401143,998.497897927167,213.39293449205087,976.7830687082936
0.007932372665149385,1.579462053748728,7939.559155841317,1016.5940956724278,214.75244166051257,1652.057717467439
0.010802770419717535,5.9963775494846745,9746.096813439543,1590.0572500799767,302.7911962781325,400.683730405264
0.012685756969243853,0.9099303622452821,6938.337862950104,967.344770536108,226.81074363735132,2879.420620995906
0.009248206025438884,1.8112692446926604,116.88219043586874,119.39823445500573,71.41173528717331,312.5773908375397
0.009940286555487073,1.0080692739348325,14007.833044828145,1386.9513705709876,208.63711992629888,2399.7956535261633
0.003949172056954166,1.5198152316360907,4964.719136742842,2085.768046338147,74.90359185985545,2368.6544972803295
0.010476065792223618,1.8191927948508662,13917.350679328554,961.4369625148267,302.70908911637116,820.7766276617284
0.009975672789032166,0.9518124369422805,2041.4534985639707,1522.8272585127354,126.2190890361942,3969.817640417918
0.011263014319368254,1.0027240961995796,11585.7468116709,959.6324011330893,197.97196225564932,2229.3190151181993
0.01001885892732807,1.979331191858486,3372.1042376069818,345.39203594692145,57.40554104893584,988.2602536451957
0.003886903853036954,2.063696796819628,571.6107314317994,1024.7427683003923,60.084376202214386,779.7883410688194
0.009937682724628059,5.0060802209464415,11900.748955085897,1797.378705436102,222.90949482413,822.4934716001185
0.008047162520662999,5.967266447858497,9886.307855754314,1004.2318753555567,62.602819810405585,637.3273172775154
0.010041931326453701,2.0251976572939467,11985.982399493454,1750.781793918226,128.68009809194822,2344.163349057634
0.00930392083075541,3.0052296239061116,11066.361036172199,2020.6920158834298,198.473973127097,1388.1066286766193
0.007745575626209458,2.0703695866759135,2452.436424618809,653.0182557010189,125.60627818492023,1172.1081578765625
0.00809663558310427,6.043151303872663,11680.586572543596,991.7970969843058,240.88962127375785,341.75510301834
0.010872943139984161,1.0063768026706994,13531.926529918186,1516.0198360798465,322.0002648477292,1233.8899475478242
0.005861184143390911,5.053257212935816,13725.080992344101,5084.024046895152,278.89170680618895,983.0882632839996
0.00797753539437518,10.889542315570786,13680.242233793368,1497.5749636639523,257.9081190943564,237.71390685430543
0.005880694934367039,5.947060034292337,10001.196956838086,3364.127126423777,242.12902662221776,660.9197046237412
0.009931862327944132,0.9971266740130769,13772.197891441769,1301.6790913612595,123.79308957418182,3291.0391324564957
0.009968886242097394,1.9998614590268111,16069.866666966314,1714.2076779030522,332.4201976775643,759.9945552931576
0.009885062686811143,3.5108621705658356,8904.613128450326,712.6705859474922,99.79244761573733,963.3974030222438
0.007944012983524927,2.954521997028892,9780.103086522518,1011.6493772429385,249.8306362760271,695.8184788055321
0.005874702120436319,0.9959632672619789,17884.745228917363,1466.6014572090526,301.9965590445168,1176.5147748360262
0.015197617087064555,3.9908843009868247,6450.397928330704,1108.1509770384714,233.05725167409202,1025.55038137477
0.014641297608066307,6.051212762543463,15669.380642036169,1653.2577470070435,274.95504578570024,616.0153536070405
0.007895608896789504,3.019744085405896,9921.55196667153,1970.5068063378958,293.07970937111855,692.0267510067652
0.007947928859395893,1.9757674335636852,2949.0888190209075,1576.1598263002784,218.6716251231227,1710.727328000587
0.0081661371893491,0.24485151348466952,501.2527913836211,4834.866633760354,66.01428958340757,8209.310511058746
0.010221854281866475,2.977933757715603,14186.281677139688,1508.770924067589,318.3113232324824,588.9877988616596
0.010103678334704653,1.9786301088662939,8034.759638731385,463.30725180065343,178.19663442270326,1056.2813840896963
0.009923510447043623,1.9820071452643884,9119.035427266886,3792.8421050941006,185.95288024590806,3037.5236210636494
0.012897639669254028,1.9226146070975176,5144.365963226604,1331.0698070507829,183.79576238406122,2441.38792440146
0.009959359342019794,3.0341174499362955,16288.87407335266,715.5677313110167,243.9456076735558,582.8652701128215
0.007664683655113506,3.168342671681156,1548.5394737868112,446.1977641300089,119.83494051314725,566.2322406620275
0.009940526446967413,4.943130380896709,15785.849530809537,5863.05553095473,328.4959791479519,1385.494772974908
0.010131421509770816,4.991098315502779,19973.762039752524,1821.8355401728963,264.5698592673727,769.2284545937023
0.005756417315461203,1.9739074875909834,6824.321146041791,3416.984521875176,161.38877101165548,2440.883308288058
0.009938636956001513,4.9603641213451555,15971.67455470281,1641.3170950870017,247.50508828389957,688.2623830089599
0.010813717136439105,2.999705185457733,17669.97003764373,1521.2423258405545,197.605575714645,1236.1035551189457
0.008121087872773058,0.9738884525978728,12856.959201803258,4178.053194194271,313.50568714202296,1930.1886067939083
0.009982857750064928,1.0112815105657416,13964.097404157395,1293.5563473192933,121.9434114022116,3350.523431780159
0.008000876724968244,0.3879873588565826,2459.447713002061,4698.989255406041,90.0805922516894,9236.930522534425
0.01081167888648776,5.9231807907268115,13694.050970902012,1557.1527048394253,321.05976733134514,362.2416822524485
0.008048912393368239,1.800426311270865,2970.7158070387395,1019.2453442604075,207.2931651203999,1525.5884912543415
0.007945670611888491,0.9993994717800225,17454.190222233465,3945.5191812714643,313.0611547689148,2806.007804770001
0.008106504303289354,5.009395183511738,4979.288551181978,5017.579630573587,161.56515501782064,1905.4933696168093
0.007982856728165169,2.527461262466465,3001.126454289777,4099.531503987894,160.23802151181746,2712.653268501223
0.00975879776950555,1.9890769907009191,12215.793378295592,4081.1593712697,230.19495007273673,2799.903378749347
0.009972296584535358,2.9954982661407037,7933.135280776057,275.62054029823946,103.37525887957098,511.9621711016234
0.008003347773755554,2.9723318549526225,6855.200779800629,1001.0427729148478,149.9325107314287,1095.5397571908522
0.007905453207920946,0.24549421285117615,13566.071331307086,1975.9533698579792,240.43595417285178,4820.765673475773
0.009367563592916604,3.635295437486106,7013.113855461958,2844.945634868561,229.8108346337645,1428.9571249986468
0.01042364360231765,3.8325461884194167,14744.888869630373,2209.8388920270254,293.7567363246348,750.828774613328
0.01001611781852117,4.943624634725585,17779.06549766584,3051.3056117231718,338.6887319907479,730.7377187576571
0.00790535760491536,2.01983834186432,13779.063687866903,1986.0190365603112,242.3469257826128,1380.1281881325149
0.01392503672133506,1.5347938101149092,12447.980426543068,1617.653974043631,305.0882536483848,1302.6115041490532
0.0040523322025492955,0.4949798070187785,5937.694998623119,4472.986931605243,139.6662664094025,5185.9211072455355
0.00994283653275981,2.9757327265851883,3005.5283229159313,892.3983309957741,126.09070436390175,1301.2764455622923
0.005816644714994211,2.0129786479638723,7877.144952122257,1493.9572957596924,116.06676430021143,1685.096364977883
0.014026831633501166,0.9805201552868111,11189.132627317384,3311.6288265543044,299.31566807997876,2322.2566921241178
0.00571698334749603,3.02634782226932,19459.275464444734,3396.9187502600084,136.82239962299917,1998.6945816360344
0.007904804249968447,0.396892021056555,2536.8366517718623,4711.639771944543,141.34462483607186,7702.708344796602
0.008096149049070387,3.004402456954035,9887.068291085643,498.5341620347267,208.8825410787893,514.9702068177069
0.005719553406697132,3.047490696978336,14808.402957080561,3314.5677084554513,219.5243565157593,1340.1986665749514
0.008029373325959866,0.38901280244539593,1991.8360146363946,4843.275062619393,45.14681978510089,10632.723351869106
0.005767340830744403,0.9956141309755847,13749.763095239257,5073.499474037856,222.72100381362836,4488.9037490974215
0.0060238125616233155,1.638409724271107,300.039975293119,101.77684454133455,30.04873827976703,193.34634324293185
0.01072921028495988,6.157264678379884,5913.020864726848,1542.6807898211644,258.92282523122543,658.9267879569227
0.00798336393971487,0.9856762051121428,17675.49682721006,4098.218887507621,115.67827832654702,6858.815886852888
0.008124480074590297,2.994597644428823,6976.075597865018,498.40807803132725,171.9153871313974,678.0473518689796
0.007943891901807984,1.5717461331238682,9675.513590098326,1594.921957179659,267.60148490659475,1512.0872772627972
0.011464053659619885,1.7120136110626227,7122.644913348552,4049.2423553312337,272.51218870320355,2178.0990137216327
0.010036683729584044,4.956171942527152,19351.175608351376,575.4747465070327,267.7893002438789,280.8376673797754
0.0038351052906698316,1.5457825758557813,7728.440427414124,3903.982349901399,260.9507887213935,1525.804499492245
0.008044376096823397,3.49666145745061,9766.078778371206,1991.93524466259,93.77171245019528,1558.212993799426
0.010878834673680579,0.9916974947339726,11727.909209624173,2770.784510906008,236.88328285050224,3207.0951944919275
0.008053734810871554,0.9909354633728631,9844.047800939628,1991.3270631066518,165.7326525972937,3122.8073521016304
0.005930853368249977,0.6813975656733674,103.41591566631159,105.6937345787301,28.616446246167815,484.06790995102943
0.008008806201921207,1.55275816939749,2940.9113315197924,1010.73295803794,203.63719917935504,1731.6121758924967
0.010199942532704417,2.9837921854467577,6054.946328618147,972.481350688495,97.50477393565879,1489.0181372489062
0.0069950284612622605,0.989978440347811,9733.434096935891,3378.0741821973797,269.16957159326284,2561.564888345933
0.009458545176714211,3.0744211444027254,6981.941933489759,2010.2595582101492,248.56206040994732,1323.198508639271
0.006063728334582657,0.7975649340500652,7974.0052614708675,2704.1555256052275,182.054387103175,3597.6400946389213
0.010696299915479343,3.9987297075459987,15729.283229461364,2716.0975116677864,300.024675693324,948.4354598767208
0.010034516687947697,5.059689741752864,2968.005679531084,2229.692942113627,133.0480902527426,1357.406458892644
0.005877719608281022,2.9731359694090433,14754.087450417226,1494.0703010536056,157.87543569860148,847.1510517538508
0.007694848393603199,1.0051395880664118,17870.358627396556,493.4801649675721,172.46149583861703,1021.4312789789334
0.012750260321679011,1.974257182348092,6863.556804879057,1487.3751599001623,78.01023456977522,2965.466339090414
0.007838239290347826,6.036780990277166,6792.943699890042,990.5165845458043,172.29455672018736,514.2200768624999
0.007823793233508519,1.5612241794313992,12543.672381055447,3228.723181380056,274.3490100168548,1896.7885513075387
0.015518277679628174,2.4600318288611236,5061.0871481453105,2995.333651151471,265.1515872351638,381.06726177243456
0.007951766668895445,4.010846795227471,15736.424162275827,974.1754809314183,319.9575504854906,306.57224872834786
0.01019030963627564,3.6453567025264193,6941.527315244137,5450.7233867186815,271.3140463824713,1939.2330257573633
0.00799914157506853,0.997995699694981,9752.240557031237,1018.6292050451588,302.11676434955643,1326.8208627139154
0.012358583321012412,0.6162464740898951,691.0172233308847,101.64562242775497,115.6361535328836,848.0358823357473
0.010815593060225349,2.9811889198187873,13571.783590249894,1984.429420985427,302.4196109967119,884.4449388188297
0.011620152595246843,1.3252547072254608,7065.49265982766,1023.900891758675,262.790556980635,2124.3423209154416
0.005779081171390057,1.96754535357839,17789.49291728252,1586.8309680817656,303.67455943008025,749.0878910070945
0.007931444779975554,3.023839871588811,9821.997703202484,997.3254505725113,128.30760721064723,1066.7430000636555
0.010761779491011743,0.9999691326421637,6936.441448676747,1976.6324723413588,199.51900086548002,3313.243302544281
0.00790084291596926,3.0451016226480734,9801.70734416539,2011.466570157836,229.44193333478302,1200.5599556700088
0.007992260662436424,2.992958183458988,6935.7532046269935,984.9738673281938,215.80866060744094,964.2116352595918
0.007863700909248586,0.9924449630599379,13642.86902084547,984.8952890101659,318.2859387102922,1046.9351221572463
0.007909497322719361,0.7788486804597565,7865.534449075919,1569.5022251640291,284.14964792866675,2440.8985672058616
0.007968509140146553,0.9765255625589655,17889.67506767991,3986.220599441601,242.53728909300096,4415.89064457985
0.009932509863349816,1.2453020040711957,2481.6275064651254,1608.3737194798664,126.947901818607,3579.3382867978016
0.007600377746285599,3.0862434816438835,3261.1334913780274,247.90599594629106,124.29936853387197,335.6337882295017
0.008269277839833252,5.282104102617173,19597.087948558812,2001.2420423554152,325.6142940020908,494.40662865551934
0.00773025100319466,0.9984960648628213,9774.7203813928,1981.8330869939834,257.3574146557387,2080.9551974163815
0.007937181627838989,0.387154664558876,2043.0023222554141,4812.812027664755,79.86072445523445,9494.22825506564
0.00809240624658094,0.9940084187343255,13746.58226292331,988.8709323964147,138.87894284698265,2116.1977104339885
0.005940831677985665,6.054869785703085,15767.794069547897,5006.93155203894,218.4149504534554,1171.8370062442632
0.010021755411117227,5.028621247032768,11731.05058244844,546.546921862394,302.95377574244276,250.10528779378498
0.007916462853417607,2.218700527466108,9591.373113191998,3986.6987873329435,196.44053639013902,2428.3382003048782
0.00791562819608058,2.9852464238755276,15847.02131031073,1988.111451097213,336.5416726543223,536.4876131326246
0.005881319069074294,5.119751716476925,9720.541222263979,1524.6992522993164,237.9378232528154,431.93596460754947
0.010167504091080932,3.0091719255023865,5085.267046471354,1635.1197342156609,162.88671978324018,1782.4342848972158
0.007903876224446575,1.5786150271958486,9696.28925347731,4906.333800895089,245.11910416762925,2755.2257873871526
0.006696667122504749,1.3466323670206108,7820.705763513794,2751.169642738044,271.47618072412246,2033.615396483979
0.00811800679802988,0.9950804795983782,15844.384894331099,3255.599870431204,314.94006913972294,1896.7651506349669
0.005962421048513827,1.0027129290596815,2048.4209001773056,1099.8172466082124,52.590456858826144,2903.2900796289487
0.01076509601107133,2.0223336541824035,13928.522560516622,545.9715582083606,97.58446789875633,1100.8755034676556
0.005794123884712386,3.0491518797033663,13672.417882687425,3347.996795253952,199.3489318497042,1419.259504236366
0.010979405624190931,1.8309937028114285,6982.9724201401805,3350.856321732305,228.49486215442758,2407.306199621513
0.01000955818159855,4.9675005246621575,15633.999022351409,2646.9036114175337,325.5580073023644,620.3492202652503
0.010598024153763446,6.016637106028046,14650.480881402598,507.138536525319,238.04622599344623,252.33246462834822
0.007959576714340201,1.0019134487404548,13620.514594569364,500.82413307292,66.83041707293842,1630.5282439565563
0.010980488645762327,6.0245468900050145,9667.48323542541,1615.4435465271354,247.4908358728418,590.9481958873571
0.009354118569526072,1.8280414951944937,15005.95301149364,319.4342225909924,258.326169192128,484.5478439844612
0.007861287841462145,1.0273851039497952,3045.616003702456,865.2562128548478,57.540667568958476,3258.8303619670046
0.012712084197849118,4.593318188254763,6809.480648834682,2713.4616676382575,228.67999960871606,1457.4215078281718
0.008109756143479849,2.9862393580616438,14085.77275586532,3959.8896258588993,236.53111902425582,1836.3986878338892
0.010735129130845766,0.9946766160073,11837.038141510151,2731.481036531817,259.7842700979728,2633.024949004944
0.012646686475670169,0.9077866086915506,10477.11748238942,1368.259874620157,184.23917905894967,3071.997893539105
0.01005941488324291,1.9740961468407074,13736.978790466936,896.7120982232577,111.27408683145748,1475.0490177044346
0.00791379528986194,0.9946808559206712,13688.370009474804,1935.857427551209,273.95333449258146,1803.2209015740425
0.0101647334018325,0.964998197441686,1278.6031699542582,409.93592995319113,57.75383545202158,1967.1471860029571
0.007860371174948047,6.085272219302854,14593.166543413341,1513.5117352730551,98.09178419275922,717.0629534531477
0.0078021602564310915,1.0963802728533105,11560.910509146284,987.4398312917907,203.17245518555742,1687.8118798031958
0.010029511028282256,1.9784112393058877,11823.68402306619,2471.744362944278,135.51793889790625,2936.2244504361634
0.013055750225615118,0.9713988477886911,1221.5670085692502,429.57472826658534,84.48626974448085,2454.739114370363
0.010125925856077647,3.0158911229424263,8912.536175845966,1979.7677647643643,98.5971391927678,2014.4009073626187
0.007814782458889223,3.0113648088349967,17649.39086210241,4043.4880995017215,285.2469434950791,1674.4144399101472
0.007679900391814421,2.0653851153414022,983.6726479744292,748.8791096641563,126.84876271277409,989.5018495344555
0.00803641188894513,1.6070867302351985,7936.212404046972,4987.424816779537,228.02929843395188,2754.114635293014
0.009909885880638332,1.0315958077981149,1849.4836445470446,205.2776222391744,134.43726146403293,970.899930674509
0.007867586618697837,2.0228784742665926,5774.740092127632,1450.8107685809948,162.45538424898876,1941.6312441916377
0.007833018016166898,1.9864962058191546,17454.6801832641,982.8746118615085,158.36477298482188,1094.6385505355086
0.008329086343920952,5.285663260906417,17717.788550024132,1499.2795807973894,238.47874259907738,554.871807813521
0.010866922994321852,1.000754658643786,13759.072588279749,2017.7902536133834,180.12016932828843,3727.1101500138916
0.005795790310106516,3.0438853241579387,9813.779012709681,1519.8575744718596,117.25541019419184,1085.415407150367
0.010024277528545919,2.995925266638617,12178.10435662907,469.43499732725866,216.1355098008595,520.7858712002327
0.007874538260865033,0.8005425934639238,9697.725330719148,1000.4284274982206,226.62262248259327,2118.67549253186
0.007984825084823417,1.5661035968970225,17706.074130179844,1622.633084720282,317.7828853057922,925.8442629883035
0.007994988296313888,3.0527028070752897,6823.451076336285,3978.492048054653,257.179966467043,1441.7512254750059
0.007698944299823866,6.034537696605515,10258.98819977058,2052.1312600808324,189.5844750284982,725.8787402394196
0.007862015290733592,2.4320966548828746,12564.94775653158,1598.2735996634503,163.51362501778695,1364.3486438204707
0.007995492482137432,1.0148254510582184,13729.17367217178,2017.9721490759105,190.71942724622343,2963.9128856395373
0.01008110196436407,2.0210574161110637,3080.1114120885377,1932.7398231758264,163.09215789895654,2434.31128733938
0.010151554873774449,2.0100879434063903,3270.763587367515,349.2961032892451,59.33763409971032,980.3611439733743
0.007977483724653487,1.5815373070640748,12816.78002255499,4069.581630879155,218.62831554077033,3072.910027285723
0.010028460759917585,1.5284172758010206,2096.7885102064324,424.52493396970783,74.85069516219616,1518.1311138925143
0.008094119160982995,0.7543368255976737,7907.094059874911,3197.953105406023,217.51133302605209,3722.1135105871367
0.008036135487284898,10.992114564097829,9673.359738753486,1988.393454081761,177.6886235549545,417.3981012850738
0.006129728313475138,1.0047643656632668,1162.1694967498065,753.550654109212,55.72966430347934,1979.9916083634332
0.012839681887976044,1.9287671578481649,5162.664861551011,5437.85160517224,222.31014592820438,2820.4095405625976
0.013393305829717372,3.6949009351504323,14774.956645758275,2050.384538198972,311.74088063195677,804.9308348392556
0.01267935933066766,0.96650463193207,1703.787856609127,210.53418904057898,52.69989949156927,1469.8513892949854
0.0079831233370964,1.003342192558434,7113.099879527934,1570.8564753663666,73.74527412221462,3792.9895371912366
0.011688199274820303,2.020420228367432,7051.050690955291,4058.888453337186,250.60034413403798,2377.668579490335
0.015133386861199572,6.037274937965872,9907.629795769397,776.5950848326833,197.76013926524277,627.5059801246957
0.00792765895663135,0.9972044381435455,17803.633479111526,2012.8991036804675,113.98385492199606,3598.3557416658864
0.007794035993136684,3.4492126179118694,14582.638874352586,2037.312158174391,192.6818008915022,1112.8795365720093
0.008004985412500783,1.56534546351066,2927.4313394064948,3899.976653133156,208.63233962472714,3135.361277043893
0.009561017360668823,3.040866109603243,17827.925883365373,4070.5771863321575,318.25366662169677,1500.6564516606195
0.007948923884510949,2.4433223104711024,14858.298015158938,2134.3613244760254,179.71432344709345,1661.6379680816933
0.008005046267305353,2.021040935011782,18163.294771752913,3011.096418953969,340.678255780755,1078.4919081462729
0.005756247684568961,0.9838722466080566,7719.947519287765,3367.744631511045,120.64469312271599,4364.417105106677
0.010124726799839676,2.021113441915374,1391.5757721471089,1391.9326343345476,126.18823410363217,2052.341389274886
0.010664976448176981,4.915264576729992,5828.975768101764,2060.7359946970078,218.36524810130066,1044.039397732041
0.0060235701737490184,1.4787545249167013,105.51130615544535,148.95198249046248,29.4784769535879,311.01280228256127
0.010007892668025134,2.4712838232195846,2436.8854597478216,316.6489861910287,52.59654092890549,760.6359878588144
0.010737293247836463,5.9918080302817405,14813.445934642394,1529.1094515262548,180.26694223946186,725.8195984112401
0.010092914395021087,1.9771999268378695,14035.392014391033,1180.0828319731315,113.873334243227,1745.2634472178725
0.007937913582323304,5.090427873972001,17825.38808686852,2692.7112092509724,310.0108385485926,653.2090998010505
0.008089363523291801,2.004971828642526,17989.944103534734,2519.4757763892326,351.97985295008937,914.5667276553073
0.009949925153470287,4.970286661182113,16141.386696354613,369.08041418066944,246.84316240971822,247.27126185820268
0.0060552818028188765,0.9874827582114539,1128.7187672256246,589.4157517620664,61.07667137070399,1804.0690276584899
0.015111792021102475,4.044604385073191,6491.328784475629,2154.2963208433216,268.8630843135293,1175.4233087901027
0.01287236246149978,0.9509948681678082,1469.78215955621,413.9251568129028,80.89139157637845,2409.518198984642
0.009940101076137338,1.4819454216544408,6901.925469577602,2533.7269970593675,211.47639189370867,2477.721532156079
0.009995420937812055,4.975307791842008,2938.981976334489,3981.6797678780135,134.9585808302735,2012.0213320990458
0.01066910761442337,3.918449369439786,13798.490213647077,2003.260389782614,241.76319347195067,1006.8878824177771
0.01091374144687962,2.9882191253449357,15703.676358947341,1995.3721002582301,280.97575732484654,1007.3066510960215
0.012960827696861858,3.0114392729269586,1379.0020230724763,859.7474216578194,45.692890173533755,1470.041956986675
0.01007392327509089,3.0051212036478776,9869.260307464567,3192.3312984973727,214.43080397495723,1763.7281740086416
0.010052891633581433,1.9923591033684755,15863.021652301653,2496.7184469423414,153.61041236030766,2894.822964943437
0.005591664275992276,1.7302442793171182,7495.818000701894,3868.3768175233854,257.02139271572486,2035.290853983278
0.010780261107772646,1.000072658553673,6820.536486067502,1004.7757369854681,161.2213085563397,2918.801637734792
0.012540280660704527,3.629013723896731,6915.00672151947,1404.6226968121596,246.58987598691346,1155.6320872128226
0.012903558359459489,0.8952687568386917,10204.185351481256,1344.3657623176514,219.48872321775067,2702.7861204485566
0.008075869374796108,0.9984659978030401,612.6101882905185,59.33456632327212,77.5125876111268,220.58020224261463
0.0058443465805846735,6.112436668136373,15736.22471880212,1506.1646314560896,284.14468780393884,300.88264726931067
0.007805842865124341,5.939021523335196,13991.10263756343,1978.758476620128,313.0580692667498,330.85838609665245
0.010008924995684359,2.2274019725284453,1842.3168883405804,184.55994114316184,47.23735664480103,519.3388260274173
0.01120512294651249,1.8037090696959532,10426.537783749978,1352.7711009405748,229.42264216867284,1656.2924809250558
0.010137688883124945,2.4698424536551444,7018.346002176886,1703.151446239373,105.09693727978463,2384.7212665754073
0.008018909233661673,1.0091788463204332,9670.53737369566,970.7654263775802,141.32705707149424,2360.8712026950516
0.008033553428310886,3.0024549816734134,17506.352466572756,1980.0804000394098,133.23812017723412,1671.3231356262359
0.00790300678813209,3.5220195362100863,3064.769402431719,3006.1254231059197,183.03907431174633,1528.2351418211858
0.010114800849224073,1.2670314490995662,2364.903100563037,1681.7273743813842,130.4645823334684,3500.595031586943
0.009911197833084319,1.99164919586691,10073.86967719935,857.4810048287999,203.05721089669734,1338.7930912474428
0.0059694315732375,1.0046545430049025,1118.3751027091025,636.5643113773913,56.28792197947355,1774.4240980289403
0.008023899753169377,4.062607893884203,17206.00134241059,988.6312494932911,303.29194643568445,357.5778049027159
0.0059426257802547575,4.046935752874261,6980.88734706371,1145.1212827957024,271.19610395768854,482.96979664609694
0.006157597129773352,0.5023539179468846,603.7734666277597,100.83548197767922,29.45625401513908,601.6994065372608
0.005713428904213444,3.0307027556082646,18051.856866700622,3366.0723715793124,222.40121996442198,1537.6257731694038
0.005907118124067353,3.913019266871561,13487.935806177444,3311.973793618132,259.27064715554036,890.2414905635957
0.01004614775380927,4.952311917449031,17515.328616273455,485.3549832236143,334.49841944697965,171.92327113896272
0.00980845171043334,1.5164717773856546,7758.334690430258,481.81185308822995,90.99215290039315,1506.179650954929
0.007645785597988831,1.0128764214055939,17651.026030449233,499.7705893543444,162.32126138144616,1058.5633478694301
0.01078060556010438,2.956525904581428,13862.052412273482,985.2890826821134,221.4333962566324,887.0842187214945
0.01259372543207139,3.7001408051599394,6947.428080504752,648.0497655584409,219.20546050931384,961.7655643047258
0.008029947135148877,1.5842121442151442,17966.448505878372,502.8555805460382,246.0991926953929,618.163428124399
0.007876413995078208,0.7904173770714993,7837.73248545221,962.698890173987,269.698008925783,2184.441973385187
0.015114914658459707,6.059395695990514,17414.154443429892,514.1789734801852,238.39519204082086,373.2066566573666
0.006135162013371548,0.7932348475391818,12624.383770820745,2221.452847012767,201.1830175568202,2905.1920315207904
0.007861259397685777,2.944275886100016,13476.504386508299,1050.8082212572128,82.44329996198965,1047.053423094763
0.008205221043959396,3.930985093644771,11693.60953453132,1509.4298499325444,258.0993498782119,598.0108928919816
0.010154321488393089,3.8346263767704234,9752.878980866646,3296.8406932056173,213.37403476495558,1473.5641253898652
0.007761757959825739,0.9951240013714373,13943.70979831241,2018.427573155348,232.12265474173583,2362.62547419086
0.010157292339277358,2.954412465633198,4988.291860450926,2132.857395279597,168.4939277393975,1977.6036358794913
0.007883711402738847,2.988691319640192,9727.080509282861,2017.466149200482,258.76241911947335,1045.1066364435628
0.015088337586932983,5.941734908335991,17189.153748110944,1036.9510028607606,279.8332847831927,464.6640078428003
0.007990801728603295,3.47883700971801,12640.050843855492,1014.3782140806572,115.07530285368028,843.912080651793
0.01011753694770839,1.726252327709149,1282.1558666868045,1240.3933738090702,116.54446815151236,2035.5482305065566
0.008116447231464307,3.677930576965356,3022.209910520139,2024.2926837095981,132.67172141306804,1421.6785722052052
0.010569946178676248,5.939742738658408,15550.378983716466,1541.7507537527854,158.17421047734325,809.916783921153
0.005906005865444624,3.993480992751059,13588.50918128956,3338.489875671405,334.41725610892314,493.3498793863205
0.007723173690767994,2.596941498274527,11566.4150236281,1011.5927983629514,261.27376603455764,732.538534812525
0.009953524720772931,2.0707952129602027,632.7764474404192,690.8651983047507,87.04567555996503,1094.6687784692872
0.008109417222389469,3.0068283441100143,9754.520851622985,1005.4793415120524,210.39575294712552,825.2880178178713
0.00798945303023738,1.0062404115213957,6853.890869677507,4037.2900054064257,224.87497467200944,3086.5171173317194
0.0079373424181788,3.1626760028235363,2333.3571710936744,399.80134171152304,106.84129913852506,570.1520244834634
0.01051644766465265,1.003158584155881,15699.682298489824,2002.999392629765,241.1939016065097,2674.1535621298844
0.009350542873328397,0.6059917726604396,111.03229174187084,90.51759086065958,73.18661380053142,671.4657752193493
0.009228002193183754,1.2142937064858648,116.54668843211583,92.17134650445152,63.36957066868168,380.99629939050465
0.0058134115318924495,5.923604562485109,9862.266775660855,1533.0153858194303,177.82067867002417,445.16452089951247
0.010078864137318651,1.968167690944428,2401.2404851574315,364.7560442581373,68.46777660666916,998.6820033137008
0.007868693601247392,0.25202528056910767,13833.995150799004,1989.8568601964305,178.29263784699094,6396.090433902859
0.010504185959951924,1.7867437516790934,13784.613623690455,1346.5250559125957,307.30706396930856,876.8655324332263
0.007984982296650449,2.018039573511586,14018.245709778392,1512.8359098927738,200.80275206479064,1345.8622900124408
0.009284201400505298,3.054208527142158,14183.997185084148,4141.75430232788,275.3809181296741,1645.0369635261575
0.006033262531108317,0.8037074964136466,7861.753066417701,4015.906108609203,264.77125402166075,2638.4068888656957
0.00796112283008048,1.0068113120132736,15904.00439164001,2762.458668529305,320.09115668224194,1620.852358437244
0.008036040494146263,1.5839611732442445,14616.439994759785,1588.5647322324255,332.5588577875138,747.3447104607914
0.010828979146779279,1.0100383140499372,13555.019829576466,1509.386247978792,181.54759256142802,2864.4902186444556
0.013462673990864347,3.6102688379937478,17956.139552426517,2017.8321173177274,333.2302405346498,900.0363484592584
0.008036311876467066,1.5312301217296476,12576.139699915746,5066.752240638248,239.48570404691228,3220.687668670124
0.009994998691083373,0.6025998388250462,883.322732785492,715.2921893660857,76.0311950030262,3941.1234901962325
0.010629627857062658,5.962297605035072,17691.90666433907,1002.165187161811,324.1405728657758,277.7969006270299
0.007996389534843704,1.5745244604703335,14643.35835185256,2768.6632383144183,332.2426759620868,1012.1225402714575
0.010035953715559064,1.9744496663748634,14119.123433456605,1600.1424263996103,196.08981916950958,1691.99657258293
0.008110195741382938,5.031033936169554,13959.839312321516,2008.466013295951,323.9069859916889,386.6558170133991
0.007970756467504765,1.9933737385953378,11807.12686624326,2814.9678027400037,260.74947005763926,1449.1150501738553
0.008098048136272335,2.9982845538297047,9888.614917273822,4026.1012675239267,275.95079025886594,1342.4770809450463
0.010112442448223688,1.0046209796872787,18145.99610320443,325.78399759019527,99.66178159817105,1364.4739825008276
0.005951001537778461,1.4896198345680793,495.6686454654758,151.12155121392496,30.383901645533115,330.5988309629564
0.007929410418704083,0.9958253257560233,17680.775063771187,1987.5771951890767,229.623974334358,2772.4558331515605
0.0077913194515106116,6.932358280931554,17482.684826534074,1975.8075626570965,76.95451354114903,876.3139512625042
0.008013131589360716,3.482286865948763,14424.375598007817,1970.3524446951858,293.4310313062405,660.2305621865391
0.010341690867923654,3.7953752747213576,17427.539462174715,2402.9727234596894,338.25978442830086,678.7332835711793
0.010068234326703522,3.1587295765050176,1705.3990254135265,281.0440856524096,140.765203746712,490.6315141639286
0.005926619086343937,4.031657542544494,9829.706170306177,1503.89353345356,301.6994002786074,400.7201500209597
0.008058770130229351,0.3928255898805525,1499.5545819473464,4976.780670303497,29.26809611589645,10672.737408114795
0.009378018038824754,3.0815892559681757,13940.357869896448,2072.2548558412736,277.1789080451018,918.7485707062405
0.00989876149892892,2.9723918096238693,19831.98229016526,3441.842432432035,350.3081515915646,1091.2714676655721
0.008038897669115423,0.4902942254288258,395.7134229793259,98.27888000923996,60.51841301317592,694.5258507130251
0.00979285551378856,1.99789365929157,18028.667226998237,1961.023806978349,342.5331666418282,848.7750128137826
0.008078549394340067,2.0125847237797347,9780.857101953121,1997.4020526822053,97.47863936454654,2436.1475466774386
0.008103173721123439,0.7812725881461984,7890.401406713104,2197.199395580761,224.94738941501828,3184.9109729611096
0.008110764111712831,1.9993087749734721,15864.286173428129,1990.6702365420158,339.03048680828925,756.2666149951423
0.008208095464112901,5.221386094579803,17559.73496197892,1012.4344221241254,97.70434469120529,610.8865737547545
0.008072538628764656,2.970538660618564,13942.121020740187,3033.87800568016,324.43243949366945,738.788804349571
0.005573484230249095,0.43644821750560414,6979.279381206046,4111.234100112798,213.76315957463922,5549.583741526885
0.01030243963623759,1.2535176775616967,3004.105153499099,101.92919309467163,39.174561242190315,502.81075157276314
0.008189494353397064,0.7697764024860337,9948.201527209148,1596.9016274076114,186.93564381910383,2941.2330318682198
0.009287899630439887,3.0260134709854967,6885.475610343717,4020.4691884271388,255.65145709191796,1837.7342186313715
0.009940445006979014,1.9863424641996956,15834.14137822783,634.6992548582887,192.8718043396172,885.1673137802085
0.00793174220042725,5.091464834771534,5028.308719667483,2498.6193067579193,164.69503342044132,1206.2461771994801
0.012870828252131703,1.93413787843116,5133.865601651688,2723.477967131739,230.06960077969052,2635.721119723705
0.00600960062903597,4.764921739994028,7000.863554261057,2176.4478762837084,206.61721442781356,746.9244472594665
0.013422485258825893,3.6710707740481214,15254.261109713523,2070.2413355348976,320.2357283196741,855.0160478388532
0.006112100837008502,0.7761996317828522,14497.838824879847,4058.986153037132,320.8972602364326,1921.452815828646
0.008098353305940317,3.0210060598041695,18486.54501590705,1008.4468412049296,347.64306367688204,295.1848371201234
0.010766750997657443,0.8782089635328171,7049.406956933633,3815.0533792191,252.4619239768818,3159.5546268251387
0.008084314056246066,5.063839790148425,14484.783891085157,1618.039258423368,183.3378947420506,706.8823539412136
0.005976481544603401,1.009505530682076,7069.415932409737,741.2353908285176,91.3636678076936,2411.881847479727
0.009983240523350444,0.4949985288682065,307.55509984583614,57.99025080701959,50.696865867227345,541.3646634587387
0.010672234661620464,0.8477269064363765,6793.010070544679,1843.297693941041,252.48063535562645,2950.0842512093623
0.00774659763374635,1.1174860365969534,11597.588989870095,995.8073299724052,205.53275995999735,1650.401456546748
0.012613692815283321,3.7002010686416127,7028.882735833333,648.9534595167698,216.55978032640462,934.2617319828297
0.007804245540455889,6.050321492253714,10290.555140079088,3989.135645449623,114.04517262884515,1467.524030188604
0.012748248084972219,0.917048396206934,6856.5906494213905,2704.1975877652803,229.61376309510499,3198.8569665089176
0.00570958397217537,1.0156206306330504,11650.078024136366,3359.521879584615,217.97323416508067,2992.077243494839
0.007935353799231194,0.9787663821269731,9893.744504602406,3953.0217959428264,162.15802021606572,5319.896955153458
0.01010200664901267,0.6012964283381196,1904.906316431097,234.42086128230181,41.42789133595317,2026.3161867655265
0.0094980391383979,1.8473758462110008,8223.349889164318,337.11877511992753,91.72580357426625,951.0381108984415
0.00803912295708474,1.4271261994476847,3007.214126260054,2013.1445635412986,181.35365589722886,2691.203641917405
0.010010266210307489,2.2511123798456207,1365.5880023001523,465.63819596566174,73.13993491252802,1015.3144776633565
0.00794124100163688,1.594560281715762,9700.774926338838,3244.536953938578,241.30545650831945,2110.65719346901
0.007916574825505835,0.48634957534661105,7733.619408449559,2047.8812955342112,259.82046371655446,3278.6125029734
0.012992287206874757,3.0032449540960546,1962.9588178039767,1163.2502670396987,56.34280721496628,1970.7388874452793
0.013196924321315124,3.008458162898205,3324.557818008068,669.2999236097114,44.16266342584317,1482.4845720436929
0.010108334618222834,2.214366696626188,772.6072971277679,575.7525034766569,73.91022163744968,1022.979952291321
0.014029233162209252,1.501047069662337,10950.685266470105,1020.8555629511492,262.451652575532,1546.303971660264
0.009983828045675163,5.0471721194556975,14144.374651508368,6454.165778105395,319.517763256422,1486.0300252803206
0.007865518075326927,2.0177316930702776,9711.537403783284,1506.150882130211,57.785741391131985,2180.9096755495875
0.005160701640458066,2.571967626893925,11823.363914611964,2985.844137071798,107.83166177061193,1750.4632736796902
0.012927264048806475,0.9541396604925054,2453.7598105931047,538.9889782992321,95.29756560520875,2830.3818394366526
0.015167823146835761,5.9311444841397085,14524.446753958227,524.3050912546735,280.1343255507099,340.5986603814359
0.007672034167925281,1.0099998777962969,7207.942905645395,2029.5599546115857,106.11373617818006,3782.8526767531175
0.010932668119549172,2.98213809997262,11576.386323539557,486.6718051349302,282.110485477041,459.565216531077
0.010822650247861405,6.011656045075522,12892.915437376276,2178.614636233737,312.63206479613996,447.34257725195823
0.007796929383733889,2.082489795752407,2819.661807068801,486.6804023426165,105.90679289123959,960.3143204308993
0.008040496453185029,0.497708239080344,7932.502883065564,1506.2265731573862,119.24049551394276,5372.802669178272
0.010926653074800854,3.0040801225597527,7900.068351099462,500.2849269661595,242.6920094095212,702.0882893249953
0.010937075785392351,2.9819644585498075,19951.453532280866,1985.1633749376153,280.8291407337087,1135.7921433997137
0.010103505232575387,2.985775269594696,15667.910267616964,2450.4951451842758,251.63133292597058,1459.1986517346718
0.015097781117458397,3.2258353540578506,6562.180574864283,3063.964940403587,273.4950429341887,1541.66010715347
0.004009201207232772,0.49648056372208466,5943.9294891381205,4416.723157337943,201.9024282362437,4246.303755431442
0.009416951837153334,1.8658996544971127,11265.284114440343,1334.4795340953783,202.49192701731627,1542.8297119260633
0.007971899101409727,2.566644603864387,7836.705799663184,1638.8097882994182,250.34546667544817,1175.4641497488221
0.005996906968964643,0.788860031827576,12655.137477558097,3237.5575448992568,263.7290108083473,2567.051560779489
0.007430895858265942,3.829145242496117,17360.283248228807,2266.741390522327,302.061685055254,703.0041384958179
0.00944419392049358,1.8609682750743066,13738.867718522995,3992.308355891219,207.42968921504584,3578.909385857073
0.006104719619537243,0.9229802867034782,6867.667992150177,2741.9764255144382,120.08252654437985,4548.3452400662545
0.010493179881072425,3.816343388188892,14871.36719121969,2878.0927055635284,320.41693110692603,744.0470637600533
0.01004637278602835,0.34900736938339055,2371.5905161984383,2699.86627727065,22.947012274919697,11092.446529638142
0.005711101540524697,2.000731167885574,13660.380326445522,4944.516285990059,294.5443614243952,1574.5777024373133
0.008152864890959571,0.9983807153909053,12247.704501311995,4027.887032533065,315.23829472218426,1758.4419112020144
0.005747534085928806,2.016663386231916,6905.14385136221,1490.0886843249136,117.74343917915344,1717.5212908875515
0.005727383869867275,2.038471596700982,14682.400297966686,1478.3057047194602,117.11470678789713,1370.9480008174196
0.010498602463865244,3.7328027000187127,14952.889636778127,662.1490837838143,299.1720058930385,384.22738164155436
0.008017104923642118,0.9941880661833118,6754.987231264065,1998.1728105777854,213.98848845743086,2838.6777692623596
0.010040364463147376,4.8737403847618355,11923.143655945521,1791.538992061532,224.88967740743968,813.5646772698747
0.009941864423148358,1.0081417929396186,503.11294298024944,152.19299292927445,70.39904523779,749.9192858251265
0.010341261153417823,3.811610129426069,17561.647391889972,2208.46180624443,117.58197391027974,1866.871799924607
0.009904850917913705,0.6000629261275076,1843.0750960383307,534.2375287167886,67.34670076696986,3893.5954262162727
0.010075874921679795,5.086295376380338,19301.289439500873,767.348644233718,343.01825646027754,196.62970692585412
0.008014279603641972,0.9984171451407445,9854.366491996334,1005.9533138408328,282.37013795697624,1396.2243028461194
0.007928224992851077,1.9915600979311192,5849.58319970842,972.7395441909853,39.10977691371276,2011.204323226113
0.006964713156106096,0.9919520301798419,7036.599185884433,2992.3136169673985,260.8285511479982,2966.5854527987854
0.008143165629924237,4.014336614864725,15331.555624372417,1483.1211843486774,294.55815327504274,469.8806590156655
0.007918929047958037,0.3923076959520523,1515.1778282698363,4931.579565584594,120.5958776590418,7194.8587504524385
0.009928409941433026,1.0063077979772117,4940.144666730485,412.8826089309503,125.0588587665464,1978.2115773647158
0.009892637766458904,1.9597875961430382,8866.572365829534,675.6225193852498,73.87510005731745,1510.3431709421227
0.010470766059584347,3.795751285493342,17826.33581386288,823.4235006621376,157.02781657731592,754.6863818284378
0.007925048097475837,0.25196748788863244,13725.82876132432,1500.0093852338348,155.04940558231016,6130.02678621338
0.009860138125509104,0.9929418428147757,15814.353156215398,1371.1298745743015,208.21939706492805,2283.9869130003344
0.009929024996775955,1.5243421790761953,2656.4247837259436,1638.179830554398,140.03422504829322,3014.7022937681004
0.01092065664622384,4.047356175569131,17650.67315587021,2011.5336181157531,306.09856349562125,796.4176102742163
0.00804835973421384,0.996130692838913,17470.900919571806,1982.6515947418727,221.028195469463,2430.914625091443
0.00786339602671673,1.9923027159730204,7693.43936135173,2019.325059369987,200.85870574000054,1922.1523701798583
0.008198290290679552,5.349069809555729,13783.391210277554,2265.699032618209,278.1187052035073,579.3865397674255
0.005635982385306497,0.42808671597739545,6931.64629945946,4003.4772407420987,256.02421362980385,4178.136643669946
0.009963136895468445,2.973511466427875,15620.038279808969,6847.957773635876,242.04561555987434,3441.2186314606456
0.005764730953163203,5.905812282151718,11715.745590302138,5121.255065850768,274.90139454449366,838.1485789325213
0.008104276139741502,2.974012552488947,18068.55651220373,1270.6864232668106,349.9145134327735,346.7689359854719
0.008115418844634643,0.9996884937392354,189.26059152325792,58.21009653903615,37.79140039873768,248.38659652937034
0.007944968907834575,0.7916264354646017,7800.114142458162,1570.9712960931504,137.684435922975,3728.468055069261
0.008098050193563572,2.995899177592481,9827.543692726415,2012.0820207030988,231.13346350682784,1189.8683535199918
0.006003763359816908,4.086922707554261,6955.977246785656,2252.7027582908513,219.0240468901613,834.6291103877018
0.008073283016536103,5.270778393539345,14925.478127380491,1995.393958398425,334.6911335921463,302.50388867502386
0.009264257675656855,1.2063461215905285,190.58886930899058,296.91307475746027,51.34685492140659,972.3685944411826
0.007664294876306738,2.5582878411916687,14784.243415462828,2959.478184031385,197.98079931421083,1872.294487319974
0.010827667482086835,2.9817861556149463,11925.09376265462,1497.5019602983532,218.1720921815589,1173.0714780004057
0.0093522195076261,1.2193681099589408,122.38705064004584,118.71803060800917,97.81066670966591,495.00342272421045
0.010964643248377993,5.975211582428702,14772.77987247899,2176.704113850302,248.06638116435096,760.935368615877
0.010819984366783914,6.06395965756159,19830.502656656434,2737.116618940989,324.20629119690676,691.389798799323
0.007994659387365488,0.9871236724538837,9783.998224890298,1905.2874796339452,237.28012165582138,2502.6914708389936
0.00740977802476961,3.768374225392781,17727.455373228135,4496.674457981788,313.17688311135583,1187.010045884566
0.00990437633456322,5.008507002882055,11920.299845951056,1515.648011589561,311.0435413797534,436.09362925790083
0.005876029724457422,6.019400129417976,9636.892294213216,1501.3783739145154,138.33030513012773,509.2048888950305
0.007983884855936747,0.965335320524149,9794.955279013902,3980.2007497168315,292.5354888850847,1949.1516415463236
0.008288982402694536,5.335486330623753,19572.03164136628,2313.1244007368873,278.44700924628313,698.14346418973
0.007306895060600205,3.74055710810881,17478.921050896144,4283.550671437869,320.1598762832399,1153.7088633629055
0.010028571903409132,3.1216581168468798,972.4730271211304,589.3420676987329,115.68385483109297,801.0079819142541
0.008050616121338429,3.676724353531895,3020.581400727533,1994.208781234374,220.1255208894839,964.6335543500246
0.009950661896415414,1.9834976944607687,15502.81140090005,1387.781825093429,133.2172000662246,1891.5785669335983
0.008273646138274426,5.402091927795448,9869.940827342116,1000.2687613792025,77.75769930585015,735.5268009512669
0.006187735550902014,0.9150558673507025,6866.631416362105,4141.452524397799,233.34438036650272,3304.1718843103886
0.008027728860318916,7.203434930155556,17716.96420956114,1512.6442653418612,198.78099512882255,499.66125176465926
0.008017177390276862,3.6681604339766323,5061.106045570292,4947.738416960865,167.0000467189078,2529.035595936845
0.013446693518586472,3.6898123468026034,16926.618786699262,2012.3814328540184,332.56275793718567,883.7726820398257
0.007836117227374918,1.655858851914304,19723.989871107537,2749.769564058767,301.9014343297533,1588.3257031399548
0.010039954141712241,1.1400111359645235,310.07442832418576,442.9414877688492,32.89518830514677,1458.0505748159237
0.005869135533013497,2.9453838191273296,14716.05676082445,3264.4435783557196,320.33481915788616,716.5691822022411
0.005778096922271386,0.9978559558810824,6864.95736846421,3385.5012880742147,119.1371718435966,4366.952579508836
0.007982586207933877,0.2481151963992779,2507.3317680187197,2141.7674318354684,74.18127920715031,9028.916282763203
0.005827323517169923,4.013616007738632,7803.748573533183,1491.2334935896504,220.48773592347135,714.2875221745835
0.010149283988569869,1.9965437955198733,12171.9680906544,462.95704460145106,106.74628188137133,1017.0466261315905
0.007897141698701503,0.2502411143717169,14570.352722133828,1000.82168007842,133.9055185395369,5501.60534167953
0.005753533853873786,0.9964327030654438,6887.695134968751,1483.9537898032563,158.86063427488907,2858.7212395234874
0.009438657249466895,0.6042109318536588,112.64938952533488,93.69116308143833,64.81092837996584,612.0685898144342
0.0038148303492638726,0.7887344121310621,7866.3803752085305,7401.964491173254,191.29139623288432,4953.974663213347
0.009747874575862226,4.995361410346237,9817.048014962875,599.6807360985474,207.5207503920044,476.56745096157664
0.010270601410255414,3.7590503526892602,11660.072353920728,1930.7220017921677,295.01135040479045,708.8548376273168
0.007976373738162875,1.5878821804731136,14471.292301741507,1639.272576999929,252.19424190987172,1366.5642236015335
0.005842727916799654,1.0022263220699166,7916.245770471602,1515.792915018082,178.6595309069369,2575.7286866099766
0.009809070972416147,2.0769593355584943,2346.416344340718,469.1895355678343,117.84277969817312,1151.4622379024026
0.007834519549399836,5.974186814693707,14493.790790612853,1996.3784098091592,258.0200704488297,523.1178100066672
0.008087648150748701,1.9714891390515499,11977.657059151055,1497.2410877598004,282.46084103898255,982.1985041782247
0.007967548679037147,1.009460369200076,411.36646047668404,98.72194111843181,60.67492304016946,419.735655534081
0.009986167047008608,0.9992881226741115,808.2189071074009,180.92594699806278,38.70718548825594,1002.963777816169
0.007658278194548705,2.5957165373208695,14675.281094444275,4507.417724720271,265.57515875940993,1857.051542647958
0.009775447381252092,3.0395789591563314,10223.651937969673,2052.5047958210885,208.01531820738973,1500.0844273397202
0.009980833080392205,0.9993282006953045,14213.151680850215,1618.0982143063934,202.988360147761,2708.3821905569102
0.008039872546037862,1.553512676767944,17718.451186527414,2676.3710539495846,263.772924841508,2025.310490752495
0.008009523053869047,0.7698410538503213,9816.483870040449,1594.978195576618,134.15324051499542,3770.402349928523
0.007960209843482986,0.7757146886303982,2958.401929828378,3189.9846267611797,160.83410174382016,4946.936359375654
0.008004137147703462,0.999260684571534,9776.878839351522,1961.120272019756,178.33016267840193,3026.783796236954
0.009295750368162355,1.8505840072620148,135.52358294751278,162.08714753777323,90.92725336111634,407.05324570439893
0.01012584841366411,1.950713599289816,11852.886010010003,647.5178966487887,106.12915378340223,1282.1009053395378
0.010617162657055505,2.9577033690379446,5931.757629127552,504.370823650412,241.74672840144837,704.270847314431
0.007952034929289444,0.9829495548789827,9843.343600534985,3990.01399094754,264.38160311649733,2501.831191237172
0.012828932001606622,1.4894815326678945,1469.869767139513,511.6396553064098,36.72128758808765,2077.179716635288
0.010712472914665486,0.9938540596119796,9902.885310403115,2007.0112055927434,200.15455060038724,3132.577235374759
0.012822942593465942,0.9489671566497015,1388.8272317129872,578.7756875615898,98.84740345274344,2793.7553684679265
0.007874634552038781,6.1069948128379785,7903.92779394339,3204.5603546609277,279.2961645442664,711.3132203232188
0.008002286778789442,2.948469301140729,9907.821011108988,4020.846262494892,174.8707303412389,2101.8879488321577
0.005779335502403393,2.9739214881627105,14640.586658723843,5071.347264289229,234.10305662456818,1846.5693162531657
0.014991437242895748,2.386380986347086,5001.590152028339,1104.5780371320488,251.45220586292473,1686.7090334256038
0.008203138933281272,5.260971633736439,15460.812230248623,2279.685467696865,339.9721410493641,346.6243057233682
0.009963327037450533,2.0814984717533127,555.8369631761478,449.08172860863147,125.18326112334307,767.9295830373625
0.010125693911882951,1.004637484703272,304.7191772967966,100.92988470626142,29.3076761597093,564.5328378641785
0.008002930212759581,3.045062622273887,9838.743099477115,1019.8327535094126,82.23875668957601,1147.9477978119307
0.013326380849603858,3.6298828787709363,4260.843630042764,2019.3832958612625,215.3344461345484,1656.0144279460426
0.009844743615257976,5.103674057118472,14234.237245888258,4919.473655949916,312.3799214969922,1154.6243164192479
0.008101026560423349,11.015812169349692,13852.891479899341,1025.1937521599782,136.8024643789885,268.501118753729
0.010074748849802953,0.9885105667737846,598.8659970198798,190.22333982830457,37.91463034153661,1023.2704763229614
0.010511552963579356,3.779647455717057,9770.873263089808,2248.1520711728117,242.92484612869023,1114.3212966862177
0.005982369114062351,0.6839329514447308,102.60643881069772,51.18990979411861,32.10911453803523,259.69049498572565
0.008037484909272998,1.5916843682080206,14536.57977358196,1011.2196045213948,284.9495949921857,895.1641919368661
0.00732274689395707,3.8539137389875657,17751.48945575507,6332.737911669039,271.3089667620269,2035.303099578606
0.012787285249060849,1.948717549613599,10239.89234111276,5395.302685114243,287.8783469055313,2208.5675700983293
0.007962994805929711,1.9746886340350895,11969.956006404866,987.7307113765057,280.7641597561455,819.1551638209335
0.010099827459556645,0.6062156636155738,1301.987001183663,445.791609445804,53.75937979063195,3390.127456167906
0.00806962278489513,2.9638715604205874,13722.265116189048,504.1953262470234,222.37601846263271,452.6232488008226
0.00597618417836383,0.7970165834779641,494.0609075529512,100.8584993990727,26.580336180118113,383.7696802840548
0.009943173318261502,1.4732278862499204,2663.6481381788944,1062.3854147547024,124.91133356900222,2552.11883464467
0.008149769052522769,5.402607999734248,15597.809117048157,2265.7344208308064,299.1811620696767,535.0499062852867
0.010852721314793073,1.0129110830438364,14724.288476805348,1511.535800962591,178.9094519731941,3022.155997654646
0.009977609396921164,1.9696798101838655,13708.61264327124,1386.4203815256076,112.61275142599295,1958.226792594534
0.0097721627404999,2.030517437191021,3109.2332436422475,561.8064886495806,36.256676587070366,1479.7797001189551
0.00932491925009792,2.4193169093421902,119.8558706816083,118.01551140391071,78.48449254547891,241.12909553330996
0.009994808859320465,1.496762394573663,1083.409420295248,544.2679108961772,79.2810294869439,1521.613306456505
0.00940141054054865,1.8472967075485516,5446.144829268585,343.817716068178,202.2439070510951,798.3490719308076
0.006117405363939993,0.790091184341571,9925.215013177356,3196.0289449981956,289.5260850808504,2030.5893415797773
0.012652966648705922,4.984617555541481,8222.479542571218,973.7111034955631,244.60083524212718,768.5222727417103
0.012720715932243429,2.7220850594826556,6945.751666841786,664.6337398885277,246.11552581795252,1062.6303301205826
0.005833236773827077,1.008455198414882,9672.211816748,5035.365111428018,138.3629690229768,5712.956273341702
0.014198291313068897,1.5235634528695452,12414.839376627806,1608.4145854674277,279.537378017085,1534.8203865908358
0.009320614140683548,2.4350071835524734,119.13034074526398,118.2446703597675,101.90072905056583,222.94321232592367
0.007980318158410557,10.85531947785953,17688.20339392606,2039.5995425986498,279.1138467956457,337.0345584333947
0.010172140601953716,0.6056153724244046,266.0098957199007,201.10912799955037,40.80961590283728,1400.5269549895686
0.008243316879858173,4.045506595607554,12162.655284121616,1244.1647365582605,224.7388801513802,647.4437099905068
0.010764072217718315,0.9991758364223206,6926.401641028354,2759.7452432523482,219.67124866873624,3242.613229485988
0.005958600325852797,0.7947626243521831,915.6709631514542,246.32870066514676,92.43036037476013,917.6494137678961
0.007884314729403444,1.0074003899598136,13841.780334197136,969.9453902492997,270.34872678246984,1221.866875829257
0.005954468168088495,4.046257817992842,5854.131421978643,3377.6553634727106,101.57567338697714,1652.3913349912862
0.0100752655999409,0.6046966543685307,2802.2093283148265,964.6533389807248,97.62540954506288,4929.861756049
0.010008303443702363,2.4723471318960857,3006.076973705924,320.745879628472,54.43185967582336,755.8530668044344
0.00802992841997563,2.979404348013047,13746.441258552195,1010.8446542995745,266.73941918398316,579.6230593729363
0.007860520589467537,1.5669763123131584,7869.400803649653,4106.7501704459855,218.9887545498826,2734.476493196146
0.007758194835904046,0.9973671660232856,7140.5026527110585,1749.7843732711365,74.99689851761883,3996.7953095584667
0.010014807613703876,2.0231366877213968,11926.23060709596,783.8057005880362,108.06070624789373,1479.058603797582
0.007906046095876005,2.960618420259363,9908.335866503861,4034.7579935780996,263.0386616832061,1460.3943984463692
0.010000254395857706,1.2542138742382696,2308.8334102395224,1699.178347209657,132.0687108535113,3547.6848037006503
0.00800691574181795,2.4675261435009315,12543.931952684818,3194.994444217916,261.454718746233,1415.061902541588
0.007840284368561391,3.0119705740844767,14650.57139078354,2993.095642540307,216.0118764494487,1521.4527292160235
0.013260873044304636,3.6931000174817523,10244.525707977195,2037.602319835655,289.51248336116976,1017.1750467637968
0.0077204889824969624,0.2513714501140566,9731.819947651296,2010.4148565988723,136.5893717114959,7302.267239683046
0.007883710164761332,2.98380520363862,17945.23073597546,3999.469277706802,332.4397436732751,1229.9647966794075
0.009886353080275375,1.0078112514723483,9842.039268494767,941.4508384291269,123.85342382115437,2802.9833983124145
0.008109124041366307,0.760740155687503,7771.299202747508,2205.6404787542665,188.12930280512165,3559.5564647757346
0.007615400671583034,2.076081107576501,806.9710574671701,319.36766145194275,114.42175230230548,612.1340213362183
0.010712063108771232,4.045580632565706,6836.606004132937,2790.4544887119,281.01587247169675,1137.7058341759348
0.0038258362193908475,0.8038380820369306,9773.706598833734,5007.399844167598,248.75052762726054,2876.076119653525
0.007946742435956309,3.6293438885343328,14115.238247689229,5046.901499673404,329.9801061776087,1127.1102009961094
0.00796100651984831,2.9648848086688875,17879.36267763495,4084.7913636647063,329.567189099996,1303.2017934580065
0.009999208396750203,0.9942923756108862,2036.1641192316554,386.56185680028216,64.06934279602181,2036.4552495065514
0.005868983420071013,4.054258443091041,17753.947438301995,3299.3416753919314,198.8669898996584,1279.2568809365061
0.006066808900761195,0.7803233308916833,7794.071066861592,4879.630679895641,287.88458583876064,2355.4737113182937
0.00809378089905856,3.0020094558240524,7135.7301069325285,2514.7084853347865,273.4734514301404,1131.510576097165
0.01103871164426276,0.9946511525001253,15686.739708567107,958.395571230198,317.5614364928182,977.9555928292779
0.009330361355353145,0.6033726335777279,131.05566521303376,163.04099766551516,100.81751795370133,1019.6872016681258
0.006254164048209843,0.9202280181861927,6991.642704939194,1846.422623116403,187.7983515242743,3178.555589898161
0.00998222927064421,1.9859590627952621,13710.382520742805,3903.280163396433,326.60858062860484,1418.91132416125
0.007887278698952888,0.781170308077503,14564.2144915297,1024.5412616895305,208.86165855982705,1859.5673430881675
0.008095218542662807,0.9957952575100601,9797.709146829548,1037.2071202837508,299.6482729761883,1428.7501979089836
0.010108418738779842,2.0049231453914866,7040.994222823512,2764.0065010875155,166.14708721489717,2816.36166272296
0.009953092710549862,2.505141964538994,993.329207174086,227.9783394220034,40.63524314954471,531.7514287846565
0.008025079256217552,1.5686079441364227,9807.562646342154,2243.364760513759,262.4205482953664,1675.4129231904085
0.005056207356228417,2.6503960133857087,17435.26918483908,2962.5158206444466,262.6499221458099,1177.6459062160009
0.007671375683631892,2.0500220738346964,1431.0020997327913,383.99914463980656,127.55787004055468,717.7691448621931
0.0058323672342354424,2.945549927482215,17584.826508226608,4920.557137092532,136.7263138229649,2718.8446369221297
0.00988996352914119,0.9897072222039329,12004.462475932098,601.2294892964661,109.57708042174292,2224.0262819960103
0.00801359606721773,0.9983420857122906,9732.962843556888,4060.8335239024723,140.7884717112367,5612.980491678445
0.006019182599128786,0.7959398533711006,113.17795199445082,194.60367598026153,27.3298524491133,684.1167246834807
0.007938555939877101,2.00595667955303,5929.590171968029,1411.6956062221027,59.22419885066746,2415.2583734466257
0.005520253913162651,1.7515759532778301,7010.868357293643,1902.8761080274394,253.89127071635463,1474.1204989220548
0.014980176246489863,3.209417510566995,6473.164445580074,1123.409363682528,271.44085601188505,1076.853731142103
0.007925855112836437,1.004427769739697,9938.602706917221,981.4247706185764,159.24855330162794,2316.417348629816
0.012955779738462857,1.5194981868229025,2961.949277933456,746.5045323747162,43.19983846553992,2918.353175116727
0.009913886020274256,4.949983833400802,19728.692149782095,817.1705330539137,259.8516138382372,368.83726516779956
0.007900854986889558,2.4565659536550557,10011.235578849048,2174.469381628423,223.6598952948493,1488.0723401023342
0.0107805182858414,1.9830484927427043,13675.175584860634,1521.765438341971,302.5348196277533,930.6016142017896
0.010624378035314441,4.022424137274351,13511.04452849144,1013.3246559078453,58.63254508401338,1027.0572828566037
0.01090110769262452,6.012944012813032,17570.292838088582,1572.6156900324024,205.66768625569856,719.4992974300515
0.007885817409616977,3.0216842966355806,15814.990432576475,991.5290991811291,323.59415861835066,408.9884090048813
0.007947335080789444,5.05052231173224,16211.546082308892,1004.50079139787,332.9191815499038,234.99206958283222
0.00801439568801278,0.9991714266105965,6819.218272378694,4016.7108830798393,118.78777423229958,5664.220785530821
0.010863759425519362,2.007008276106552,5916.176607587669,1015.5940302084615,218.1170333448358,1686.2151909870138
0.009946708207117724,5.038025534029138,11894.743092823102,2814.7040502640325,301.4859658603714,683.8801448510799
0.009895851883083716,2.049908509347548,13826.760080028052,1374.3317503026865,175.9842826033043,1617.493946632445
0.006008930188513132,0.9747070923718857,3134.800918046683,512.8744305050234,109.8164195111434,1694.4730682077407
0.00604792302123032,0.500540602174119,201.9901108715448,250.91177721893538,29.91559349921559,1195.302870209006
0.010077674382062161,0.9936990385843489,8026.33323778537,1503.5765753522385,84.55561258235791,4085.2962148642723
0.006193719534527846,0.912903237819503,7066.657680353184,5362.1370087523,189.95248778237433,4950.070306663458
0.007944675410074289,0.7745613993987884,17668.358587125313,2190.63648153471,279.22768930899764,2323.421910527425
0.005597427463022864,0.4304271248297581,6924.718024750527,1011.5512961554067,210.71586636181544,4102.009587203371
0.012721079339043918,5.5911556068474395,6939.9247081143785,1359.576064350509,215.30144413904978,856.4167555761055
0.010127099364791371,2.9844568759986836,9922.34121821529,5196.915727586727,208.86835894962624,2628.907042726086
0.00999157526586955,1.5140812473713148,8045.498946473165,2539.1482094281605,137.90018749885905,3435.4753468051285
0.010020435999929175,1.9623362012421084,7861.308782166486,1395.5090120939826,192.321897827281,1873.5040570918588
0.005795908504462851,3.0199206000731,5854.551065031438,1507.3844981914012,177.9660226751118,1035.605977184311
0.008167041122386524,5.937384142152841,6833.855617415805,3953.5067815874118,273.1733306452305,984.458181101992
0.008179977824135026,3.613167199712242,11994.390169879965,5016.881737710227,309.52381911257174,1220.4907319094984
0.00920942085966043,3.068594403057139,17904.628317568637,4085.6814046509962,325.416620002056,1518.6102906968438
0.008230655318073892,5.354417966024118,15599.74592575818,1518.1385662650011,220.64047211217607,567.4597006310523
0.00791637052490658,1.9667037159080252,5933.02060820391,982.3132688566399,240.39661889303474,1293.7159191702958
0.007986444878611327,0.9911892738184553,9712.80052349331,2018.631400442886,121.08491702219011,3940.0983323006426
0.005815405383747176,2.027080157726007,14665.98127435542,3432.6387306832894,327.78727001116204,1054.2002373472062
0.010089486763487907,3.0288304113824656,6948.261450636783,1685.9489429553485,175.14711840653567,1695.3094074258995
0.009992773179889683,2.069457317317265,1466.1703243065726,312.84599097140733,161.12132195844296,748.6677306520561
0.007978167041989443,1.5630146284487263,7807.702769302721,2185.0013727323862,231.36285383927796,2102.042248543561
0.007948265243382767,1.9886291736875272,17732.182329929896,1508.597145150752,180.26829304829573,1456.5274149298623
0.007822231876302831,1.9862857140229162,7711.338851068579,2785.5842601570175,257.14053492192306,1766.8028428125892
0.005735033837010986,2.0253436324739003,10040.362033414209,2637.9525827472953,283.15559429491327,1169.883476167014
0.008047742078055954,2.982711038460249,9888.13366006623,1972.9622979467927,219.14923755550544,1187.3613400459371
0.00942364750743085,3.0695502981889136,113.86621433435482,92.57702235835208,67.97291859117297,152.37488898213556
0.008130676189278646,3.991855459826164,14113.951659776856,756.2427948878466,233.07536142168428,447.16886743116424
0.00991479569411219,1.2367901755024373,1223.0447094465767,373.33546849402114,56.879230954339,1529.589171800763
0.00809685995815236,4.861913019915533,4954.085364887558,2480.8095081201864,253.30979653053808,794.555008889711
0.005905282197684609,5.067805462611215,9615.106748132937,4940.062073530107,296.6880625851964,794.0581145058377
0.003837406456165557,0.7867649967414404,7761.36454343577,4999.374862173581,175.3565331279152,4131.762467573758
0.003908246790718001,1.0098049210899962,3064.7480865451653,1873.8277692178835,67.75533231223416,3089.21811852065
0.00988999495867287,1.2504167985386296,2691.7648710894505,209.47886911564083,41.96981710495418,986.817953827607
0.0060404057738203875,1.344905916392766,106.8746610901624,149.8734369657628,29.651695382764807,346.4579571540543
0.010751537704862792,1.0105031688580548,13643.667379590046,1475.4927869930557,240.01645765365785,2170.441435530267
0.008092410302206069,2.4283508194703187,14632.439795639355,3118.101108982093,306.2610002194509,1274.793393119268
0.013415481306095054,3.6224622904083565,15779.473497551355,2062.6852127247275,279.5881808570703,1096.5556814981621
0.008037698241644941,1.5680284456559417,17906.809194045007,1603.9858981746372,256.00177382970224,1347.1663623694483
0.010065816600414754,2.525376024773561,1778.3947778997738,1105.445171132165,112.14516148785664,1546.6211541867913
0.009317554587040642,1.8329890948256011,118.73833273201163,120.49308318253667,92.38165690232121,333.87590715835466
0.009824977833819904,4.955616261415167,10108.235620473566,1833.624978684747,213.37605153385468,944.4028541872542
0.011098358191106064,0.9830112328058579,7829.395873944281,980.8042459762737,282.5158566827028,2107.3150278802195
0.01005200394223255,3.048133861856104,19932.621107692397,2076.032906570408,349.93849663586286,743.4717504534933
0.008226322103775417,5.375490494866349,14653.857528622722,2329.6842830070887,270.2146102715293,617.5243279693549
0.00572942522234298,3.0188012647281237,15619.231412269048,1515.0940985655411,115.47518713159539,971.341787409617
0.008053553286607871,10.856653879941796,6864.718680601564,1515.9759371474915,178.75763184000385,416.7421805017662
0.0057660084820980485,3.032055598492446,11609.996146015834,1511.3889350857728,97.20108119292141,1082.9127046896754
0.01462781102129644,5.984447751302803,15829.833423528547,562.9772188883989,238.85286315704622,404.8905764445628
0.015078687724196044,3.2017311299100957,6517.690914635593,3005.8581290702364,236.46411636049734,1658.5737517933044
0.0080839927571452,2.954652440953625,17839.849793749552,1013.6361132880705,173.55541035693952,789.3671927400345
0.01334117164591753,3.018382687405944,2940.5404690645933,1018.203842963915,57.191875863704034,1961.533762349175
0.010116493388511855,1.9959425623561782,2586.147887156436,646.0086505342268,88.26455026719866,1486.6076938052195
0.008040022566282303,3.5158092128220626,7858.772512468617,1014.6290176719558,220.10811717482275,785.2661202742372
0.008004156429780165,11.020647451988099,17689.52995009981,1973.8037223644837,178.71296946683253,461.6462030692467
0.007871434727069842,2.0426609607282393,13746.216231332242,977.8232389788648,159.32216744576823,1176.889302933606
0.006029738620929797,0.8159719132105581,313.77157983873366,100.55347615953079,28.13322007238115,351.15069574360575
0.008226908669512136,2.0111498861953057,18005.413261737915,997.5771423562948,343.4147369911538,428.23369761010315
0.010837307999768528,1.985450023639984,13580.90923859329,1108.15911353628,158.80462668918872,1557.0202201010118
0.008023059468956671,0.997587647959011,17660.824841256137,501.6184019864607,111.52943215904482,1285.494093586584
0.010593349359197769,3.858680675697241,19568.225464999923,765.8643100051697,153.36171723137204,717.1547211730878
0.013252006818840515,3.635420556750906,3461.9305416277143,2017.7977029962653,182.34411827061402,1847.4737711675348
0.007981426764134828,1.561636163758762,7672.664668620236,3251.574322761313,190.309218865912,2793.6242050258484
0.009893612167871067,2.0040131445635696,13481.42206919678,4219.31846243703,324.2921465873131,1519.8879176782918
0.008155814102423243,0.7733432487096726,7739.354001111499,1611.9887188290706,219.97263371626389,2977.6772161419467
0.007971067104283533,3.019340200731436,17597.387485802585,4063.3901750085793,339.8364400431482,1103.4167781295628
0.009959042369389933,0.9991987315378824,301.6921897157655,101.68347879546687,52.19251952200259,549.176394389757
0.005912412494696949,0.8093107289961226,494.22413220791066,99.5826986308954,65.92044097605856,360.156452699706
0.005812707167734747,2.9939897102482065,17795.805172097087,3334.383873352664,95.93626337411824,2138.76727199087
0.005769630139294266,1.0025638965815793,15427.603901707265,1502.139243293348,279.80380816147346,1250.807099358445
0.0077681089626718165,2.983554071053668,17739.868222889403,1942.6101778538014,153.30677036448702,1517.99919431031
0.008030070331599531,0.40814182710108926,2503.509768036872,4979.004886255423,51.20896859919878,10746.487621602197
0.009506591320870018,1.8308384161213513,5585.148232373953,1368.2093560436658,201.32018402046,2067.2069225135874
0.006121774000860329,0.9161341777790578,6853.28179856898,1875.2094670335625,155.14930314115244,3347.4993821316334
0.00801416331541579,3.0272680737144353,18178.576058202205,1531.6273059528016,342.2976355739527,413.89494410219424
0.012843025664240981,0.9129661180802496,10261.380792191387,1402.6822629055462,244.0800318832635,2429.8641292133625
0.007851319785837552,4.010017468522703,9806.2585634903,2763.2833552456773,261.8202183311923,904.7347178054703
0.00811303952148696,0.7893393346285322,7899.648858799754,1007.3089165104815,203.40172963008095,2548.4389106215867
0.01271314323543348,0.911209027330048,6787.142581991376,2716.83159712542,227.21099742917548,3194.7918472404867
0.006250357205672901,0.9158207584219555,10380.708341967502,2701.1889543365805,181.49685896655603,3591.144938100616
0.010877272390017338,6.03025230435686,19641.39533764059,998.8867178871833,278.9976552288145,361.07864010154367
0.012761041002436586,1.815950540730097,6845.563443751928,1434.7607982948361,195.16775508824412,2254.0864828731856
0.007842318502243074,3.0127454002626655,17624.30962316741,1018.1957925878966,182.3282076026702,762.1306360306776
0.009955318396292615,0.9972317390382338,17769.745809972526,363.7125283887152,95.88175378493918,1493.586876034057
0.010045116198241834,2.9743910357751333,16066.978893917683,489.6148136406073,248.9835343485551,437.6343330854797
0.015387527879310152,2.36870372582754,4905.25181305524,2145.266638982658,196.20989744528868,2508.419999354352
0.007657605141539079,2.5906949894702773,11651.149891928157,3232.5255308261144,181.9370807839455,1933.4408331466432
0.008157373036799531,11.079249115058575,9833.243428083173,2775.1657454286737,272.0436644103501,404.7017594265853
0.00803748825620188,2.428221102146755,17485.500136520353,2736.2123469792746,294.02719159563685,1355.3273306567523
0.009947483810365492,4.951481028110653,5024.191440915582,3528.3116575757886,244.7427760756139,1209.858431543002
0.008052123536212043,2.507182470848052,9803.421336292668,1588.5506451903216,257.1843680437325,1039.6608869984732
0.009950424305787292,1.977756918492258,17497.443402720677,445.0147248146766,171.79698732584134,702.2889010669923
0.007931651469596271,1.0119833762180852,5057.326964993647,2734.659508647758,83.34159074385612,4794.126220324392
0.010886403158458437,2.9749496812001865,13661.278418210053,2772.891399834909,312.3879799552529,841.6509775723287
0.015148783445096061,4.020139422891786,5003.044125610414,1163.1642669020264,186.20910936185723,1359.3543906906916
0.007995619058263213,3.4684468928323864,12665.778070734315,1998.2857711999766,151.96891770288158,1250.099348651241
0.005695986964541986,0.6230052505388002,13953.948354315688,1298.8462149416328,81.86817266739405,3239.6819696036846
0.007935199021148543,0.7891565008496538,7875.566452145674,983.6490398263236,127.98925171868936,2945.8209229105296
0.010565687196294376,1.777069283226339,13725.598732043834,951.1655576052968,297.88490589619647,810.8210915116038
0.00985128355220681,2.003516474272593,17988.047094692698,542.7182753086356,163.72589479420375,811.5665786379157
0.005711342392559613,2.025444721218418,18115.434461293033,2097.2214481404285,303.7908052866161,915.9319997702777
0.008057572473145098,10.925063154914714,6865.803828849663,2023.334777540202,261.18431382136936,386.32085344825236
0.010119474851071966,4.965148256350508,14036.793034460792,2776.4517619993344,315.69013702394915,630.9433867318767
0.01349035057633536,3.6583760601907365,10479.821035573867,2013.867791002461,248.66961142896355,1286.3883529391096
0.008149752325738838,0.992401781155237,6861.448965649981,998.4399247157852,98.292976446366,2867.465782939541
0.008117027991974387,1.587369378245485,17661.01351908057,3207.202833367779,299.6065170148779,1987.7992913617265
0.009955768491959314,1.023248200761688,13922.048381440636,668.430229750512,166.5774329734061,1829.0554793749288
0.005962264621895898,0.7874510749923403,9673.610660324093,4074.9474258317464,298.46100044425765,1928.3314558759628
0.00802347563866498,0.9962375023037481,17895.43169922732,972.0337508689273,274.79407081117137,1193.3857788406558
0.005858675601902682,5.952868030370931,14963.595661710011,3350.014857983076,305.2788061141534,523.1039362237306
0.005842455204572166,4.021877437848219,7947.400082656322,5073.680325384479,141.72202376086383,1977.414085005789
0.00985476866240803,3.1319009661221116,3095.8381997358256,459.1843575612654,120.51352999151256,772.7496414633781
0.008070247967413777,2.0028177254693795,11968.135592481178,2035.4411945415543,313.0245112678092,863.9962243455635
0.005748882094649527,2.9795134079889447,17961.11732867774,1489.9386338655552,338.8358192824291,353.46998011566825
0.010074206239450116,4.954082858168343,15549.409253655225,3529.935545197305,330.21689875002005,828.0015166832078
0.008171582485842965,0.9983769421676227,7041.90739869526,1002.3916213689747,169.6574615958821,2554.1977914180375
0.009263522172637463,3.6028993736799895,7026.663464147993,4182.828959549728,211.73168328044537,1946.1477325292235
0.007745572481306928,0.7825266267774361,4919.418088793103,3235.41084414617,240.5110759065479,3487.1153292190816
0.01281634764878712,1.9388572347253383,5152.780396904469,3830.709096802732,200.8183666707821,2952.281365133606
0.010813479990736796,2.02505911260157,13934.133402027423,1014.0119668849733,177.39486754541505,1351.9561410841857
0.012721872919562574,0.9197581526113542,6820.820585115903,932.9491385668603,185.22810026757043,3125.0432297177585
0.005721443847898955,2.9442729764348075,19640.413158384967,1467.8107995927144,277.8544418628921,567.4784383069419
0.012910302350840017,2.498309427708752,1615.228836632385,974.7595189566458,51.4250053973713,2021.1154037948854
0.0077466011969642866,6.054578913633547,14026.959830626594,3992.8557625101143,78.41674477667091,1687.3017446959625
0.007482046920203671,3.7820390258057763,17835.98650849297,2481.817865702852,222.6817600348504,1180.4241213474781
0.00986942459595246,2.010105398392139,12007.114184949476,2054.2684198724955,129.93178546849973,2596.2425104900076
0.009248663619648621,3.7265575136192295,6996.657849797956,2952.3229753620835,185.29313952302087,1685.522979207267
0.00798165278683478,3.654733143918309,17865.435763832087,4006.6440806105543,254.77366786336538,1712.9900862200075
0.005986313468325267,0.9985639383949559,4010.295395707903,1747.237149756663,58.160910282070326,4242.850400266947
0.007964009426538505,1.5625037697638944,12710.001041566578,1582.6921607583074,97.76780658368817,2389.8972408736076
0.006115232540284117,0.783887026676401,9758.232690029487,4004.1092095256627,235.50958938847978,3289.123287942758
0.007704630629445882,0.2514144982452217,7861.096629500088,2039.8977152482585,181.0742835866811,6390.483702472903
0.007834499758587132,0.256417629233052,14744.012116857179,1503.577011819139,173.63440904815778,5387.994445230091
0.007707760587176185,0.24960441962953692,5867.799727511016,1537.4677785942156,136.6858777530743,6867.44059199025
0.008028730732600494,1.9789874597528214,15969.912730678978,1493.3280602849293,335.44350049708174,604.0229512853293
0.010648243676854009,4.050504352094331,5960.488928407019,1018.2332989622741,199.93665549051934,951.6354660259399
0.011502901773285302,2.0035118251510817,7014.159253097564,2038.7403795561452,252.21724218949376,2072.8026547649233
0.01039474917376067,1.8396692178423983,13788.008522130678,675.4114470742313,248.06642628830994,891.0002747476194
0.00580980794747551,1.9990058247106581,11727.249021905185,1475.486136669461,295.19673098884954,695.688214504222
0.00992465223822134,5.038215605761971,9707.79634295376,2469.1187068145673,284.5409071075408,702.892803443901
0.002434956925402471,0.5047959131922211,3045.7429830657634,615.2011243479972,34.855672428868836,1635.7439817728
0.009951451498290074,4.999028549862376,11653.786647251594,637.8181430977556,305.9013366250278,270.11206713926543
0.010146248514943782,2.9789890253581364,17733.20988162445,2400.1471535823234,253.96504784536418,1457.0996455662416
0.007968035638240613,1.9629410166633539,2948.7488920782334,1599.5283558558442,179.33258651406067,1925.1761092607182
0.005793468843389555,2.9734067219154636,5946.405252716472,5000.903015661847,178.45089109128608,2174.0617739979143
0.01519232132796329,4.090794075772428,6463.06866483206,1508.2890618713234,273.268687620367,1017.0218852400475
0.009913797773719136,0.9936948867710859,6917.383880586911,600.6095745174559,153.98409100627487,2395.9682160984607
0.008434665507521175,5.228033258955877,13777.740331938377,1949.7567903649344,279.62283393763937,524.2732892184061
0.00508340633983223,2.584699020307992,11779.415487378858,3475.236591527307,141.29872725466902,1727.3189873529477
0.00998163635144981,2.0061740411717417,13856.76848699894,1583.369534089699,114.9516627251065,2224.9228374114496
0.010703557110061213,4.890657915148396,9784.182421388748,2050.219704386926,256.241278529976,766.4759737040077
0.007946327860901504,3.0233210013515524,17308.585332290808,1034.3120476429724,261.36844466638905,572.1701823043801
0.005824047204060177,3.985985893812055,17687.345454523005,5131.665456827162,340.0819765595392,876.4416401203196
0.010627364113235357,4.0073341684765955,6989.780981235044,2007.0345147106398,220.87262172776684,1243.9935083013806
0.00823471510036286,5.318762238665026,9761.644199442899,1506.9458347676573,109.60796747709526,882.7381896959989
0.013038641847282127,2.7722566921378453,3042.717592586128,950.6130435622313,51.50983601870729,2019.8855593167093
0.010169629864724687,0.9987871781151032,11576.563038603748,679.1536889364787,99.50304855001261,2466.4237553796356
0.015261840573511737,6.055463143888406,14710.192173079322,526.8938100675969,215.54027492619986,446.6197784532432
0.0051303919693336825,2.55640992442252,9578.531407942153,2010.588050445177,168.11547596824306,1135.8789414662513
0.012844354378421243,1.966454178036155,7060.501153691956,945.3578141229654,246.97591175935605,1710.0561813276327
0.01508579247608091,4.026832370463578,4976.295462675276,1106.72403074751,243.22255739499937,1081.9022891415016
0.008251047527825059,3.0146559518830878,11749.695527517639,1474.1421388491026,298.37720779256574,610.2410417107387
0.011036324458372103,5.9445538775512565,14658.106134756263,2621.7311172048576,260.06893330475856,909.1691386947646
0.009894394945091062,0.9911503622127151,4065.2034806156626,1088.657469188591,41.203198151583244,4064.0026355928226
0.008044402224907588,1.5466329803445917,12594.239465327842,1012.1372849466109,292.88995454979056,835.0134954408171
0.00805016253090447,0.978416849962688,12873.755961605199,3940.631295481777,304.1596092345878,2234.45537563639
0.007953460123115852,1.0144071928119476,3079.3183272092692,2952.402175090153,81.95818837548437,5217.5924365301935
0.01008878119516379,2.9690434706756417,13753.370480865004,3172.5608460250046,311.38583489658083,1057.22911268104
0.010502153248721887,3.8493694847833977,14702.96391457033,2685.4051073927017,314.57014094517956,771.6257267170786
0.00819635828513318,3.0178452241942932,7012.232119881488,1024.7367570779807,275.9694888800818,804.2672424909575
0.008024437094823218,1.628081771189861,15745.747088176146,1124.6541305909757,270.30391513930124,918.0690347834962
0.00799460419734462,5.961359509935276,18358.45347074755,1242.2716714566993,345.6992473630883,181.74441895476127
0.01069771703617178,3.0683784226163775,19258.344494270586,993.0554320695213,299.9072046107676,556.1830530907569
0.008173989485069104,3.951980100384107,18291.556081495364,1967.2941332447726,257.4506259525367,883.534765962772
0.008001962761036452,0.7806384629059069,7811.19846909743,1005.4692049555111,221.90718761252822,2515.644272964326
0.009891158969284398,1.9716345396842319,14179.79196792228,898.9456000392693,114.4472623960241,1521.46264051644
0.0051056251187622664,2.569134834648021,11709.262487842598,4002.313040471551,255.16071000968407,1163.5309376061975
0.008021528378888384,1.9990489964615716,9899.506765447832,1492.6905368932532,116.02898202712365,1849.028244689674
0.007987061297912653,1.5744582096599962,9893.099466932308,3233.616570745184,228.98605612933957,2320.739192779744
0.006015821930752372,0.7958781352010457,9600.57265773899,5114.991472230189,267.1520143031461,2854.832120441575
0.012635355352797457,3.6942445888847155,6931.173740267882,2461.204093971151,270.16233863674154,1342.4122432692868
0.008022589319143205,1.667384613868337,15726.552667164658,1249.8612305636668,264.74259739627456,1058.546299057141
0.009932562519063779,2.006805667296448,15470.50748698809,948.4703083945428,186.68745101492075,1222.916296493019
0.007648278596456844,2.5601106989352913,14509.642815966494,2782.01657133696,182.2308237724399,1887.358462939413
0.009827260674311606,4.955237899630141,18135.608735423495,1789.4265607940508,336.8268194799976,443.66452215372885
0.008072097038072013,0.990840952605481,17755.59336080558,3975.1902696112434,260.04463679278444,4082.285131425102
0.010695672666410362,3.964123033811161,14523.515388299198,986.9494898877914,260.6632898132563,575.0230888244786
0.0077906150388792825,5.954471158717283,15019.250233725686,998.4025285208476,125.22139299178384,492.60883288124563
0.0150628781662403,6.088437123785419,13876.366780035376,1519.3118289078593,258.2959223741466,679.4607189906335
0.008067168680308651,2.0191542529748046,15798.139128974126,2788.6239343168736,321.5839129492967,1154.0797739377288
0.008077441187225684,1.0161810286943143,12227.490334236407,1267.1126711149382,314.5901317324946,1284.0737454283483
0.009257397420526352,1.9952013833224205,6974.444389066876,3404.3072217459217,274.3284412402389,1992.634524014314
0.010611189206130859,3.7999640577532205,9916.73036957657,881.1864989345983,209.7620856011683,766.3988533373712
0.007950424529138677,0.8055647801034596,4867.082986061204,992.2976689626671,187.26550065573628,3161.108139506906
0.007936417542399961,1.8344742633717264,988.3291863168891,1017.2080213963224,98.72933339375813,1571.4982808385864
0.009871509099370622,1.0319543783701195,947.374160950465,222.8173652623403,129.30360835605916,1042.4112134548802
0.009926367767400524,0.59158631573642,1872.175950772712,1181.776214472044,103.26734324579958,4918.008890097718
0.005836909499558322,5.967932406570745,13529.305075014707,3449.138450360577,137.6852211768479,1016.7744292877413
0.008041564913370124,0.7894545244520539,9757.57400724263,1017.0857582383913,79.4932353133751,3292.782805216126
0.008117580323389178,5.317855811263994,14770.61134859101,1969.129464491867,313.14419460448966,436.33074983118814
0.005869813631663166,5.025616745271444,13736.038923966109,4946.3695777178655,323.1098164770427,777.6349221369495
0.008060642122314396,0.7842107512265086,2905.3923167294097,981.1018213227758,199.35314363962394,3109.61653659958
0.010122086080241854,1.0039099649406713,9869.50967549562,562.5284553030347,112.38720219494719,2078.513661546256
0.010805850272887189,5.985685745784226,13964.422623969016,2819.39278900072,258.83173845670836,820.0134548052541
0.009876608390634206,5.0499941036898175,19768.620827701703,4340.014270704875,346.7782223428388,978.3508087337619
0.007980616304219812,0.784321406461476,2928.794282832778,1705.2647626111416,138.26401642160695,4613.228174373925
0.003926697343609688,2.0794123870743673,2362.245962040046,1690.1196485007683,51.551933603800514,1435.3202891037154
0.007963286538797342,3.4904233767705666,14611.482413675196,990.4628822716707,217.05500751938195,601.5633113153508
0.009949315792998507,2.965242231054323,12034.623222845741,1170.9470016920734,223.44780300366145,944.2962635558549
0.010042581155554786,1.2471068724085839,1937.2630330419647,213.0184185482504,40.93872341668294,988.3148492043805
0.010541596234495593,1.7831037852651623,13847.346933778668,1746.1750907388948,321.41979730419695,811.561589046871
0.010079811373934267,1.476524961314624,695.5644583018941,683.9427357107218,87.36160147128587,1500.186358056066
0.008061849895104427,15.255935797109444,9842.547977290129,2000.713965874495,270.8147378351228,239.92199327438206
0.0058473730720514485,1.9963281786640392,15472.770670235877,3442.94556415811,196.94652854855187,2114.493177925743
0.01083632643794949,1.0099797582992376,11924.787773758555,1977.1631496035118,235.47429864966287,2541.9836702436455
0.014910470261497454,5.241308698798127,4003.87420186996,675.433793000034,179.54734153141374,801.8606296019307
0.010821095012987112,3.9875155813156353,19459.448653035208,2835.2571597901724,298.8139307945475,1134.2214997205188
0.00999342297139569,1.997912407294598,8013.636226162357,612.3045882858589,77.81398211677286,1480.1942053743217
0.008190916543864083,3.0002494199019196,2985.903911251261,2934.3658228221734,131.58640947924448,2249.7898106454736
0.008066606269559594,1.5666923202143164,2941.632637730118,2697.260006979488,185.33284967941387,3100.850177525784
0.0051638678311745085,2.5761086484641793,11764.799749595582,3916.206690793034,158.48890533020176,1755.1840515700803
0.01317249879732749,2.764523701064017,3510.075436254966,586.7806341012189,43.93663137481726,1447.8075519420483
0.005996271887966227,0.9985039039738922,591.2599597374422,149.61707068504523,77.006171799351,478.9993415120651
0.012780841550838109,3.6621159113597286,6753.731045782946,2498.000072026869,263.063684867702,1415.9481390476394
0.0062805170217449715,0.906290287583704,10175.932862011117,3738.575303705798,163.30176291832348,4731.096289907847
0.00787787915275039,2.986889433207707,13574.011420378776,1985.6862675873313,161.05179625827992,1427.5015991841683
0.010097696899136737,0.954004868070573,914.2628653476402,182.54060422778886,40.23689812683449,1051.6785631024165
0.01006442745878481,2.013509180957234,9950.841681242113,1153.659537991589,123.6245902882038,1909.3461737503133
0.005983930638825697,3.225264684417144,6971.965903052415,2184.7065648729363,286.8512150977988,319.3029848986306
0.008031368969120335,1.5447035782599836,2970.0837213990562,3963.416451032312,188.29329574872023,3357.2627207618148
0.012322925579373032,5.512453787667805,6822.808791149159,1343.0209679819575,243.01151554292625,820.1151976013231
0.011071696006535285,0.9935992792403345,15685.740467243953,972.0845927919542,217.62895062052152,1812.9129898470776
0.003883888611955945,0.9864218432093858,4999.287147669925,3081.808227846021,59.93060959756189,4131.200110827042
0.005982499130145313,4.028976164654863,7109.751240234768,2224.067342269998,217.693947575586,837.1362272132104
0.008046325024941478,1.3945751565556288,306.8583961417649,58.81134321986153,62.12913518804745,164.35425741393274
0.006206771965363481,0.799112844349567,12950.917646717235,2699.4619419571613,265.0338085360075,2429.9469912464424
0.003899057818906494,1.0510017764996424,1106.4059748635104,957.9569509267815,56.92560177334802,1595.4214768987738
0.008081595063873993,1.5807267934140108,14893.46546482754,2202.9646198304426,191.78880243751578,2215.7505584612272
0.00988526208499395,5.02393809484175,11930.10844392376,1286.3104337429056,226.35038877980205,647.0113623146592
0.008066460146003285,2.025986532556097,7056.494462078679,2003.5943086208408,281.1230706271898,1440.45626823562
0.009992096706920044,2.021976217053052,2862.7493281501947,628.8844330712186,88.05000574889449,1502.3298461229112
0.010121976496311027,2.9886798820105893,13919.921887410388,2942.895538621993,232.85859532426232,1713.9934298634266
0.011401161453713868,1.3566087471753534,7088.087878497599,2025.361423838402,280.5697817847687,2334.1562622596116
0.01124648637980199,5.971441322463813,14899.285267806923,987.2238950515533,297.6846476852883,299.70132704564185
0.0100682762120623,1.989069413619374,3091.119734875264,364.31566134818695,31.446363015771258,1010.4640183144486
0.009950571809488752,4.92060653629169,16028.021780404813,707.4906959470032,248.4426239155052,385.40083863791835
0.008239932556861994,10.869610702638436,9788.876385379586,2736.34218825797,281.1432129777129,393.80144462993917
0.006225413763470122,0.9048412350393087,10221.419885020065,2759.3696963381985,238.5004404134347,2871.8711415038515
0.010831154620000508,3.9880540232159656,16016.686303872499,1023.0509386655962,78.88324720348906,973.1856789402264
0.009993357596306913,2.507781992507814,2257.260507349897,1348.8043830577953,115.88745553855797,1777.6180805098202
0.00932823846194119,3.0511895553820674,13913.192055173478,4148.877787571859,272.771782141477,1656.441235720822
0.005399998054811223,2.5107070340147173,9707.247693002182,6944.648009011118,298.56477590602896,1805.6872382439262
0.00603184752477294,1.0037607465420435,5093.589174938306,3896.7578434518796,93.8838354006361,4960.158523904155
0.006231783016241687,0.9134699425972118,6818.546020682168,2834.2629451583725,181.489427965016,3904.598167663421
0.009818584012214773,2.003882616993813,13778.578418145296,710.3538152923561,200.4875963662259,997.6685084034627
0.008149897946145927,2.98258460447309,13746.999035081704,1000.1985414913404,62.0060647966777,1081.519729322296
0.009857291000149312,0.5934844473282267,1479.0490594801004,233.39148925157576,40.61268397644635,2007.2549429290252
0.010389162098930229,3.753406664536232,19361.26989046175,3249.2698330906846,289.9860901970795,1401.9376194068252
0.009980014054319678,3.001677037940052,6941.975102238522,821.4334507760818,218.28386047283692,1019.6653385155903
0.009894887566066768,1.5035657606773642,6870.866069011815,277.4693798441388,97.94249678124199,1022.3677803750486
0.007844208700437111,2.946747828445258,13503.59408410449,1027.406366180497,126.52967322819585,969.1289786568841
0.003966113704443645,2.0598498791662005,1697.5408573501747,1173.040375638859,56.56607548870991,1017.3461138729189
0.01294609650885755,1.514502491785565,981.9501667802149,757.3917439485202,54.90223027717712,2446.5620918979453
0.006050718513894066,0.99148867561946,3037.6102927664197,4655.861784111427,105.10584153271134,5568.129073494896
0.008151423219107445,3.9812531232129835,15957.044691570241,757.8193988106535,244.8303829836208,415.57231066693595
0.008053196157487483,1.5833347734378624,9766.315113941204,2221.6868083019185,116.26385616936004,2906.1544587973453
0.008079542234963441,0.7696038326707958,7789.237226458269,1604.2524821239574,154.56239024237,3517.7904294205155
0.009285808904017886,1.2192028497251202,111.79440019883276,92.76658425779205,91.44577662555827,357.9006048063876
0.008149627641354209,5.0173070300609055,14670.239014415525,1582.5854615542555,307.78786588154185,378.58100098550085
0.007986851577927563,0.7744543277150147,9791.417834603735,1579.6858333573668,111.81983278037603,4072.1557076836452
0.013111901432546624,1.498345009158328,2881.772526410453,577.5540951032702,41.858761144879566,2606.6808406060727
0.012792812231358126,0.9588561395224386,3185.629908730234,288.38788265429224,61.314399382712196,2034.335543286401
0.007936945143730612,1.9866267927444146,5881.686920017451,2030.0378937581384,197.44456309176624,2061.2714248688603
0.00984532512936862,0.9553477067549655,1271.6152448139082,1194.051433513585,113.91716336133238,3441.4853004250917
0.007900164853999966,10.807481074012985,6780.354094457057,1983.3647988151733,201.69326913088798,459.89138905613055
0.007951503350683106,0.971356401905022,13838.494784849147,1979.6334873250535,310.1993327360436,1444.6090625087518
0.010923052905855058,5.932787821681533,13625.737670904788,497.7710437024512,265.2961800416938,233.86113258262915
0.010658626261898497,5.921090959955401,7785.827372330366,489.54841711641564,241.3355528532933,374.5374390942793
0.010466039439428795,3.796815928180394,9745.975748418037,1705.0515844043846,207.22632369117096,1111.3741914013142
0.006225914982775735,1.816108251867554,6685.3442879480135,2725.5252630211658,235.339442762359,1875.3226147943367
0.01019003314771036,4.846015810345773,6941.589336506957,2937.0765534321563,256.0290221977154,1064.1889685581568
0.010099559734657527,3.0106509368612304,11984.613824770233,4092.959021838871,230.74648780353874,2078.188655726672
0.007974461458258425,2.985186959688095,6906.733787851761,2012.4375589445003,162.06066732109352,1597.219886548515
0.010286066044768113,3.6558640089951893,6949.106687007032,6671.175786348288,213.15172697020216,2358.2297449901707
0.009848254625306556,0.9849599076871961,15758.929822927534,663.9909483779531,106.13077180343774,2154.1644564754824
0.008059271178653286,5.014961195886757,16010.983434535674,1988.0585352910625,244.6687971950747,699.0852789801665
0.010166002774794602,1.4915490145360264,1973.9080543645905,432.26608134332633,74.08758537280694,1542.7285809935527
0.008046688701532545,3.9618616280050483,13705.998518953751,1521.843801912902,57.55927748384467,1138.0553554428236
0.015251297089385957,1.6243319064200117,4966.313427350945,2175.633176632082,198.18758245007686,2790.3495609046263
0.010167963142193757,0.9797516406379577,13779.168322767642,1300.5103810618828,196.28733863330214,2381.208049510676
0.008127733165305287,1.6032848803221553,7827.923232062624,2687.272580849178,160.374993303214,2815.2430119979513
0.009493593909508165,3.6644218397745942,6896.287612616077,5467.50464045288,235.8727607752104,2060.624967957881
0.010488272641500677,3.769809703921567,15879.786231613263,2440.535674235757,214.0579988269937,1398.1842637762204
0.012125660447627721,0.993928177147134,521.7252442725645,98.50464788291636,29.511996196726308,620.5474763963472
0.013337020014032086,1.999356423392397,1974.7811228740095,672.4033231799464,41.39335732769535,2034.8810949307199
0.010076959133935815,1.9946994462573713,14100.699800093784,1667.914172361003,121.54903198692313,2321.280641007208
0.007858499119369608,3.088107851935763,13712.783834885377,3998.5092364882385,204.1849065849264,1987.24190238928
0.010016810568930851,1.0136166020426345,1515.4254143523199,401.1375489490894,66.28915023901426,1995.3260547145012
0.010415945169633015,3.818989076091667,9828.35487439767,2216.487938128218,169.49386793899234,1496.257526985103
0.012905765692991487,1.952524226017635,7106.346612846,5358.050780726798,177.60562721357502,4204.792540793607
0.00596820583810801,0.8036443378738475,14582.31442301831,2220.7103617229373,238.11969576040352,2432.641090287348
0.010006715198085306,2.010177493950082,8020.214104982859,2284.1329779588787,201.53542662902538,2287.9906184369156
0.005496795537561658,1.740518776798488,7042.425412207011,1994.0045522148598,211.70506018965904,1780.5061727399495
0.015063413786057876,2.3509502110993203,5033.954585225042,3916.2958001187267,210.2998902760131,2448.3617596399513
0.01271690491101047,1.9218096357857688,5119.415259429255,2601.9110409850673,176.62946919532715,2956.07534615872
0.008050542179215615,1.979374881192909,17614.84225841581,2757.784865265091,95.8607580921646,3263.991415287318
0.005760811318682212,5.083748118142334,17247.542074717257,1508.080832763077,281.61206956973183,351.89649891374404
0.007974221316825948,14.995737921106365,9833.350305867218,2029.914523957255,254.5242724994315,251.65482168055192
0.007724012161573505,5.922088809632549,7096.4659452528695,1041.7809828860372,136.18427565408402,629.5132508560862
0.007756301281847419,1.0075444655872894,7024.487620069938,3999.839476907217,151.41074508259638,4475.674142206928
0.0099729576180136,1.23700728975779,910.333269471234,1226.97982250548,124.58425689176022,2549.431470092095
0.008087192642084027,1.7886525230058687,10141.388346241638,5211.155598981365,232.69367006055919,2906.65562466416
0.007778305411419926,0.994001152342702,6991.610924862703,1989.9067732660176,133.20059201173473,3614.447648744724
0.007911436613731154,3.489488698968091,9783.912592157356,1989.5461796970055,103.12562308099818,1513.3730013018574
0.005837735985364706,4.907929461156385,9859.600910459692,3232.123113988211,276.01858370989646,566.1998420188607
0.007998538281574447,3.494950591030628,9697.587497359043,1990.13804699294,159.12532979554683,1316.8301932474244
0.010757230931077893,1.003536479512086,11633.445476804261,2720.481450915858,198.5599821703621,4075.1341255464167
0.006010740839224255,2.3716721881673792,6859.507964888947,2200.740784779456,245.59752291891317,1181.505711338402
0.008054600818661183,1.598392543735697,7938.975290744728,2745.61558962744,181.92683556110546,2636.068309652042
0.00996016499147039,5.02129934945993,6994.943392257293,1154.4636195283763,190.51247283100736,840.9837311641274
0.008210939990432854,2.010805381489635,13754.011741605937,1001.0474406430882,57.308270908826564,1544.4784475951276
0.009849984929530242,4.952416577106167,15750.813404662007,372.2517468974242,243.21367666370725,241.3152057767798
0.010024822238528953,2.981089224196244,4979.75738466096,597.9636581391736,126.41049836613351,1049.6579056753415
0.008099297305463318,1.5745636641717584,9731.105981803621,3213.145383065476,301.01315711285474,1390.1416166906995
0.010020428389034771,1.0113065143200877,4003.0326920459706,425.4420219066846,46.510575575449494,2290.3492835563193
0.005498522898459694,0.8702480066988363,7077.020811712487,4410.287191596343,209.30791402424575,3476.902423876322
0.010706526612556942,4.045292518389553,7794.588795733725,1016.8308352305996,237.51117438527183,799.9201762862544
0.007965454425691628,10.92755289229295,9886.758423619,2742.107660307175,274.5526436058016,400.67141090248333
0.009572001156170419,1.8596428453637368,8197.833931973411,2705.251746015009,255.0371537302048,1869.740440046541
0.009863360708377967,0.602514778694552,2423.8183167131824,660.7968189038197,80.77031369228126,4213.8754589512655
0.007588122522783729,2.5882420620766227,14645.047876387887,5028.015506701267,280.19124212034484,1905.4698737153542
0.005756170068635727,5.972111343410355,13744.98364104821,1513.890703231942,197.74367017651295,421.79080952429473
0.00941938489147147,3.097582062295095,11151.947677185815,1054.8528278892622,200.57061822681104,916.4731603312346
0.007882438477530361,2.9846740003942607,6737.591112859467,2002.426863465286,208.55749847673698,1385.27933063753
0.008002897375899145,2.9770414645570606,9916.407305132643,1995.6307888733168,244.52035195210928,1118.5613146738588
0.01501880288242639,4.046798728399178,4986.28815507555,1145.464036579561,248.17748630745982,1183.192415324678
0.0107132830373824,6.041000742133045,14408.379981069986,2814.1799216850613,277.83950771874976,790.4190520091691
0.005906580462437261,5.92073617691998,15553.800809337441,3327.555983950038,300.5242260396571,523.3855520052092
0.005931589436221243,0.7980972579195023,579.0015725326244,150.74042813030633,27.136477759649942,634.7896071006891
0.009594886309124208,1.8472259978253847,11003.141414398218,342.6448964351825,287.5403680017624,548.7612142246671
0.00810044839490691,0.9974812372836607,16216.934946277264,1501.6724120846834,338.110591795096,1015.8408008226696
0.0120185484504161,1.2074660093210143,295.2966137744581,389.5912878704693,30.55309826740276,1759.0889576671307
0.008013996201179615,5.013446676508277,10201.563139785121,2996.1760814732547,211.8638538508331,1093.4029333786548
0.012620425799139998,1.9401730917686784,6989.486371654823,1967.347557511353,157.0277034366116,2674.5612833785326
0.007875018006389938,0.24939102927096032,5778.216988240263,1520.5350048390485,118.02254748603114,7342.765220941796
0.014269689271645012,1.2577885581853812,11157.755693273562,3379.85602283708,302.755658267994,2007.2157668115904
0.0077392846731812424,1.0472387237094674,882.1740270618436,263.28973074190003,92.75034335162205,991.5960390704861
0.010165503587361922,2.936972531682743,14028.07131660519,380.0440301585748,233.51475410983798,399.59414393911817
0.005896104442941707,5.991024997936773,15733.259748045339,5032.666544854652,198.81954462155124,1220.6182455625508
0.007789966416335872,2.978004094099795,9535.911980863915,3991.9746933048123,257.4718480315964,1496.6229774144035
0.0060881995032674675,0.8004478347537622,7869.42622023041,2672.1969646507155,243.47515112037732,2829.5074114121994
0.008081047343400604,0.7780009782307388,4879.987913999743,2727.9869029792744,219.80347312532928,3806.512180194613
0.006090465641453307,2.383466791817461,6906.381207603691,1149.4531674534423,267.32608001397705,821.7412839270544
0.009297135082528996,5.472374561518175,6940.097435204138,5288.742338638631,252.68874118372727,1376.2258176809494
0.009940936847342733,4.978848641411258,14043.484591566106,1051.5679363395561,233.6182991373603,522.7060148347978
0.012889565972897206,0.9211387732981443,10086.278402059477,1346.7181504381176,185.89249822864903,3077.9435496789642
0.007856608535098054,2.9539734801399393,17433.176887397054,1994.0937082963842,261.380970374904,1039.8666680059498
0.006108756149577517,0.7904140324085852,17526.150571172067,5126.086113186294,319.8252613468898,2816.640157019064
0.009958194988458855,0.9867502875374142,13938.681762258368,1662.8857463029897,211.96011028998933,2742.157241243363
0.010067349404729514,1.0291505851807516,15730.079247588219,628.7850566847762,107.96650549975163,2043.3608915951547
0.009808787006950885,4.956003856675876,3024.220168356366,2897.5931391607523,210.33971918256833,1111.1747929405865
0.008122778320637928,4.045554293227299,11942.585306682038,2507.9988715965765,314.34786621849844,564.9422199050036
0.008138462733729139,15.06592805737951,13985.52537412111,1983.9162204929385,219.0905931376285,273.7465084472384
0.010314912773109735,4.9469510142631155,6927.052317874914,1455.7174345246174,184.31171090109808,994.7904187680551
0.015088434206802333,5.934582981100501,9942.088583192557,995.9255841785116,218.44726373468114,730.9979031074512
0.012804142000256166,1.9397682752303116,5094.362275887717,1901.2777014181977,257.1493414905763,2230.278389946002
0.0134033999007762,2.8158325468706917,2296.884519202518,631.3016417017487,42.79889359580291,1496.986720971242
0.010349463689829088,3.8563620573293247,9838.418099925795,1333.174292036585,253.3383483047285,751.3590309894688
0.011024770085391258,6.052937824364018,12447.081417731733,1603.7386588570835,199.92653023945456,701.9811481379919
0.008002037432837944,5.035386055899825,14908.689930236782,3157.0610217082485,307.19482138801857,682.6350705404698
0.0056552122371297826,5.993451078186676,15476.589107568805,3376.329769113393,219.5994120024616,782.5381288461115
0.011042028615849788,6.059270726560868,9821.72452903374,3169.8243602985676,270.72645144452974,942.5043224008463
0.003829246655957382,0.7967565489288125,14828.041107208534,4010.7870255613716,305.38516888994366,1892.271993051696
0.010844642455307923,2.006944166123786,5883.096228698825,539.4722202145065,180.81323344696654,1308.8530647250668
0.007989136922295952,1.004482320629866,6791.9976712346615,497.0606745916856,129.56170869938828,1811.1086778292026
0.008068806247693018,1.5556704755985582,14455.570819589862,3223.866319140517,249.78900059594042,2288.6993572077313
0.007930903258446033,0.9956290531318343,9650.751053023985,496.31901269549564,149.0265612866319,1564.0147672554908
0.007959332819686684,2.9583330900212066,6884.053582969387,990.2648387485949,252.3357211146217,852.8535711363982
0.0109149831069693,0.8603910367022607,7035.607147131375,3818.6710783386575,213.17835023950008,4222.269026447327
0.00576381064709727,2.9568169706754186,15488.501895932415,3301.660048433723,158.2891356734826,1686.4809837362177
0.010844813995226748,0.9945992242651739,7878.741990416213,1479.0876321258706,198.13338810391875,2784.6167885994605
0.009280690824265529,1.8491793115360018,116.22250441890564,118.0911950986261,92.28764867212388,314.6187775670626
0.0039330110203687155,1.02966953775003,2773.519541227407,725.5181309978084,43.18362342317832,1549.3568474544984
0.010149533507298384,2.9596357541651,7942.656615228997,596.7554695195739,115.62621115836745,1003.064728677665
0.005861477589233453,0.9929303105411857,14503.11359743691,3376.2552810578363,199.46452964786545,3622.752369661324
0.010116366389636087,4.958602254352816,15503.50789388024,2064.8333757209634,325.66435403839944,484.93981499245007
0.013197538670134451,1.7574815098351373,1297.1153226767467,898.8835858518013,46.58540594459689,2423.6233300251347
0.01525404742095611,2.480532510788377,4954.2629087875675,2294.0035284794744,206.99986622408144,2358.036031627886
0.014995318147135684,3.1924696992189925,4985.539805662402,2216.3894011122998,213.84998372202654,2016.9807209913204
0.007937991374854647,5.967341478031576,14777.009313982824,2002.9129924775514,324.72999467409056,345.94413683108104
0.007643122246506196,3.102330272886185,3252.9431629289984,395.69808480220775,100.67392165262984,558.5445418094403
0.010447769985988774,3.7765858751332027,17801.559982705756,1254.922453007136,246.80402000872323,686.5410278071457
0.010927244730305935,1.980275472684574,17663.729618441244,1994.0212686074783,282.6751912483962,1444.591063902759
0.008129309700863799,2.011267742508515,18029.998537485924,1992.7330611600985,260.23159064186365,1472.7435749700153
0.010245384696691392,3.8186275449376845,9753.674945591223,2275.0340440449113,241.32375506302873,1099.0425604331408
0.005722938251282422,2.0216973548926034,15682.308656763382,1494.9509722635157,220.35789948533082,1000.4174727744659
0.010595334234992494,3.9325022706797705,14703.948548830762,1969.150400309463,320.78864790838844,598.0586878308173
0.008006442930403592,0.7894243430300986,7862.53271423924,3151.899774115735,166.9490907130791,4563.282450792143
0.007961537942685636,2.9597928860842204,13899.985429886532,500.6899129357495,126.34891705007638,573.2987363899489
0.010033998973610932,2.0141985030642147,3058.760441986874,341.24191751159924,60.90198246305445,982.2849990081704
0.007982258295987874,3.033952516633484,9618.626149916508,501.65574253590813,225.14171346072314,531.4491119999682
0.014726482020136926,2.3456254793420475,6381.436810920741,3822.3068846823353,239.67682820272358,2039.8871797324898
0.008109580554183204,3.658697443012847,2046.4978443738928,503.8267055251755,189.13707274625818,495.70007687767884
0.007976634994500074,1.756435032035323,6954.498938599701,3953.8793736835532,223.16171952277656,2478.6793851249313
0.009981708395085429,1.265640005951102,1664.05661174391,1303.6249443921204,123.10082077984423,2984.334067138493
0.007978530739695023,4.020474321432902,17936.200200026295,4005.9556545313176,253.94060200723752,1608.586346561688
0.012704626559026561,5.58641056612154,6780.705003856718,677.0320346638567,235.4973880116938,574.9518562265846
0.0038982683897042457,2.0602100592929866,1930.464322270818,1097.3842847088151,60.63732895089208,1034.4087070076728
0.00997991133421648,1.9959973789935932,8051.9266899637205,405.2745670050382,99.2053588415629,1073.4079821462653
0.00788943405826099,2.019886688252407,9806.704946678721,2010.6332667749089,202.01175802790306,1742.3214655898696
0.010759637446650712,1.010034016580788,17806.745064498722,1039.1050553602488,201.37835165653286,1829.2701173563546
0.007968890441275373,5.031966774564371,17743.83774801439,2216.09432795037,278.5506200455927,663.9963855616079
0.0060787194293192995,0.7913411096250601,9740.255899489284,3193.5720470192036,259.6790377704543,2492.115771570428
0.007954615817630134,1.5851857435125125,7754.846379648415,1003.9938503029394,164.03870076958177,1819.129874908664
0.007821388110636016,1.005817240619913,14718.052180274146,603.7782632828469,285.900812463302,816.5485907282516
0.010740521464681435,4.927163038599441,19562.49761005032,1019.0015025930052,255.98415006678803,457.9633441852118
0.009241705755362074,3.078410797494845,11260.273983604215,4106.047760535302,237.75446891656978,1725.0566948960347
0.008201839532852265,5.024275977447911,7042.89371654316,997.4977664447853,274.58141977431166,489.4166977780049
0.010383838017579647,1.8121541604359612,13983.325250805341,676.5672220781065,238.29543102168796,957.4035350372258
0.006971297032714804,0.563908520105204,6900.984682692084,3440.102140454066,251.4853603108273,3833.3555623567017
0.008117589459304218,3.6506492454971484,3010.8475082015807,746.7119872225452,136.53693059581062,821.6722523973893
0.008501807261758544,1.6525766397607335,7849.766820809676,1696.7367999059904,152.6195360730228,2262.4544202245447
0.012117895228988377,1.2091994277946048,293.8757742961245,306.565032291007,59.65969378978179,1311.7450442277232
0.009641845635054332,1.8565292716898938,2750.446850084074,334.06914000211856,91.314528532306,940.2939927470799
0.0077100255041838706,2.5985944285993536,14681.62314934243,3039.6967778148737,324.40994065030964,757.8644537765032
0.00808169690698433,0.24563368827082321,1514.8214867047177,2214.8657140545492,51.04425929768078,9954.45654392638
0.00997309190496708,1.0040660173628477,14105.661203605336,1088.1632730420517,199.5149238886081,2193.9179922192775
0.008152797575323327,4.91555014460302,14019.264517054338,1261.305714371182,234.36140967398876,529.6640460816474
0.015041948155768248,6.073987194777743,11805.350060567514,1023.2582417524391,197.80761202119172,751.0869742856647
0.008015460801882928,3.5147441581085697,9656.09455298838,2013.7899864262777,246.65146674360457,914.0328839698944
0.008012293550472283,15.188712966450359,13743.186898321446,2000.0122873582027,240.4757409155153,241.93584297463727
0.013010554429858557,2.4694177001019235,2306.108774488924,532.5937174058619,41.23777768257043,1440.3655474459824
0.010041390957717212,4.921858837995404,12105.648922572924,782.6570868386704,225.44191249211823,465.6155771615935
0.008016429134829488,3.062308164790492,17737.56789282926,2000.6432333877915,239.22499852216814,1153.1267433844178
0.010254344614655677,0.9946419081022632,16070.132360888994,657.1907952270575,108.88768165213743,2156.3133940201865
0.01036137366133472,3.8120843191995992,15806.490577796569,2005.6247050823513,301.42639349994,709.0340917289852
0.007827476759246424,2.0023470936547243,5848.506055467743,989.877626551581,261.8412024318997,1195.3787058778341
0.011069644188713423,6.090860313146542,12852.50295029904,1597.7872035201465,280.4906880478882,465.26249217037093
0.008011258620948472,0.8006328996516242,108.68026566610335,59.82326139733569,58.17880285704147,281.7092456820359
0.010155450910275716,1.0086799499332297,4016.0557622346396,1220.8054867453523,39.1782373776453,4300.618925751732
0.006958903841698253,0.5607174435371217,6802.470312967853,3338.1903058227076,267.74257605461975,3406.7134954132243
0.007980629683976908,0.7812729042239506,14793.468880593717,2213.416656300524,277.45903704129375,2342.98674626001
0.00808216251580632,2.4266564952528724,17726.754759106298,3954.9078121511075,334.629746581159,1315.0898446136985
0.009986219828111221,2.0026597200514895,14196.263793488331,6669.5274479879245,319.9456532054471,2358.9116728662298
0.005816614244944975,2.975584355327973,11850.689949075788,1516.6902564021339,116.12283927795382,1012.5036050014958
0.010694348249460759,0.8583006324609174,7267.663628827319,3427.071203278226,251.92649250051014,2888.46047809538
0.01087391655961936,2.0167797326965307,6751.365192344182,1009.2448008576005,257.2363033482516,1491.3167460672785
0.007976491359625132,1.5434951783062327,2963.642464475959,1005.4021155094083,75.86176115482115,2341.4641715830558
0.0038396581410238325,1.0449998412247685,2742.1363359100196,898.5785230496629,62.80523531208243,1830.935617988383
0.0059221724941416936,3.9862067117442335,9642.279643485235,3302.218743555954,201.27135105871793,1160.3149196607674
0.005923653951346567,1.3398658363506706,106.77824903780984,101.00192517369332,28.136302357595785,224.31147825999673
0.003019579992046645,0.5085546949402725,5173.822271987941,2476.6958413686643,52.66844467452718,5106.683970441467
0.008005544335566635,3.676328645271654,10064.169722564811,1000.7797683106146,208.80503510890804,708.9632916164549
0.007905923810141813,2.0064506347863564,11986.069227727334,993.8034291542368,96.4409460936745,1425.7705608083822
0.007990831938749362,2.986232019047128,15685.075281386728,3351.6429223633654,278.2989978065111,1357.162271461541
0.008101542163298612,3.9593822193291923,14031.303722331077,6071.489643668308,327.68414795496835,1300.9860754411836
0.00802180065740341,0.7730732125597826,7811.528671384551,3225.2012470864283,175.37750104845392,4518.627824407491
0.00796188257260407,0.7795953184257678,9694.68232363393,974.9769203440704,259.14179660979033,1895.6851235574734
0.01276565846596256,1.939654804037615,7020.54747183582,2734.878569509648,203.50963124550046,2509.3105982116776
0.009481272989206473,1.8335786435876187,15224.817411670483,1323.101596754476,203.95854032811275,1459.8844424865197
0.008005410681663707,1.9681434134250995,2994.9455346161662,1531.1325934775632,223.20461310657947,1522.4612503821534
0.0057590555534882985,2.0160721363444534,14637.8703970817,1480.5480737277712,197.46948909200893,1088.8874892056144
0.007705616024488384,7.104341269055082,17943.476933632242,2792.1646615458885,261.8935260767086,671.9093512434969
0.010058370655755045,0.9995892012370358,13725.910869897707,1449.5314653503835,121.59038884490484,3361.3300969566844
0.010764664930003302,2.997878456600701,13733.917237452244,499.12629659611775,275.9418634003231,430.6052331128926
0.010070604340247428,2.007872203347321,6898.4849127606885,3224.086926793362,191.40793252951704,2583.389386690481
0.008026645535468549,2.9666391995811545,13698.018292082648,999.8080407755397,242.46932949768657,647.234512053797
0.009235180396294507,0.6136611835006219,117.99546374557193,118.71814737959993,56.904287304346845,819.632884781015
0.008061463606611642,2.007661406095795,13423.712975514565,2781.1581536735785,279.489906255476,1362.553857541288
0.005802931541921822,1.0039291572715812,9613.259876894295,3369.6839490947086,115.50552071215768,4407.6129253797635
0.012701092900419217,1.919407634711035,6988.704973856341,2676.70640343394,116.35692658721038,3604.2490375058396
0.008265314242143955,5.272908360615368,14842.14882724751,2048.731517817262,247.8575181119236,633.2187526106188
0.007999787652494789,3.035343356577511,9737.391529347951,2001.9594530481806,285.74614322202206,882.1090437303578
0.005765263138086826,1.0074475748298233,11806.83120950775,1494.6426242638345,239.36361098406695,1790.5269418271646
0.00995860518939307,0.9997385887547872,505.1969931432857,99.75764757017016,47.115969801382306,576.7809069200142
0.00782323405393492,2.9722999512593957,9670.911234324914,2016.3336387592774,74.80079123163148,1911.8108804226904
0.010028992431357112,1.249301377162384,3464.808454099193,99.69815854729774,38.502537262796785,501.8396071231393
0.009980274810758286,1.9538960332529798,12121.843961743436,383.3105357763366,103.77047964609577,900.5296976648275
0.010441807441413278,3.8064162523336322,14676.331113699323,531.2201349334348,306.5546698777326,334.3774334889632
0.013069562752097835,1.5014686495628458,1628.9339188022457,863.4654870596238,42.6217047566039,3012.149818934408
0.00796209846187793,1.6493917135393845,11521.23119959954,4120.870444767156,297.51481694121236,1473.0771147831924
0.010056321439575182,0.9943804023025914,9634.683316361848,1650.6383912244266,120.3604210387877,3940.4429220538914
0.009931148601395004,2.005157533596028,7925.219521920668,664.8793836245518,95.10521793708554,1525.247004528186
0.007995806194679057,1.5663794184712962,9918.277131946099,4996.994957526145,267.23138889652034,2112.167536014873
0.01094750703028808,5.9844959435610505,9707.36572598833,3692.856992383919,294.6722471503993,947.8006136641266
0.007838561512723915,1.0092991282658732,17366.25568409481,1976.3168994186026,331.8914776678781,1362.8799198908787
0.006196747639279632,4.520316457689152,6861.351748054743,2659.842948406659,258.1242928833615,810.5993114586128
0.013396267495258877,1.982897922579698,3468.181821988585,393.98934606757626,34.748013512351015,1426.844257549973
0.007857904979261058,2.004296834942825,11649.94758642835,1473.438040268873,76.87582588808083,2006.4370740284517
0.007932591464939943,0.49829411846143157,490.61573643396133,151.84099062633666,70.19454182316004,1123.339642562557
0.010055830406508441,1.9943309127932531,15975.884783495201,229.077625729168,123.63775718336929,486.48931229737894
0.012591746663310033,4.8983063253321335,6710.811144104277,1326.1046840936508,239.8541379096065,942.7120988851759
0.010673038577513803,4.9907842983765764,15814.301775841384,1032.114577509187,265.18534606647336,479.50951284725676
0.008202858163682103,1.9836638309934194,4987.9826983873245,1281.0929942255052,256.35379955067816,1365.2956110811797
0.005402123563229922,2.5088416071264104,9524.046154939066,7010.564266272248,247.50662217194775,2159.51678851519
0.010314536937996893,3.767080027687412,19681.411685810366,3311.5633377990894,284.98819061295256,1373.8196879999846
0.010071627210515978,2.9683248473979438,11862.757444757472,1335.237340255403,305.9258704840895,648.7916957833277
0.010590045388689866,1.9468609305329712,17672.84929335308,1005.2436376605976,199.54957902266318,1199.7585483377206
0.005879231557317812,3.99227521781421,17768.912611460793,1504.4766195961133,262.38722134559845,484.3641887310733
0.008073159363505342,0.9954734947401737,17641.53455120572,994.5178993752496,310.3912196270185,1042.1555671971382
0.013171555648136735,0.9799376665131229,1070.7782500339183,331.33872618599975,70.42441377387802,1956.7274721215997
0.005818464825418094,1.9947124293599003,13755.966053946011,4969.465583235629,235.1855486905875,2327.5364501827034
0.007985346744295933,3.9986811855282522,13923.78443718041,2520.6638939485147,236.7933046085349,970.273692488219
0.005713894516576521,0.9881376139728218,9791.437261507379,4976.261122987037,177.22167866187286,4792.516846724602
0.012687257220763389,1.9199098884598316,7028.332867636567,1982.9609738752824,200.7069296484061,2447.682473690693
0.012233268990388239,1.8175132104472194,292.7401551891665,302.01386108444973,105.70636716905011,848.2138626318799
0.007891644208351041,0.7765309337510122,7750.7550948731205,1594.111636371198,167.5259652689619,3408.607914682536
0.0077912470047411305,7.038954797087147,17736.25566436126,1499.3031748636486,279.8694639022692,344.60916740024874
0.009911099824139772,0.6025577122077619,2490.458998408312,430.3135608421537,57.14227442342942,3404.298322046266
0.007888615456037413,5.932491134573505,9865.409141555572,507.05065624508785,128.43487915187555,334.91162972583055
0.010939482170701224,6.0306154813798285,17853.03541891926,2095.9129314729134,304.97837983917145,649.2642198656363
0.006094556100073888,1.0099204186379702,6992.849961050701,1039.0943502968153,83.96884350910949,2810.4978463783127
0.007896638383044479,0.9954508824066606,13671.109768910972,2047.1048026067815,316.13058428105643,1339.239630328518
0.008063815942397459,1.0052033453414315,15726.496900707889,2000.3035755145881,323.2364675135982,1278.7623948306182
0.005744289674152544,2.0062158865159336,9780.85639960768,3499.869672133697,297.22852767302277,1130.4458386578533
0.007997472403274882,1.0246248140997147,9893.385817646917,2013.5616006151017,238.3395086835002,2433.839603037457
0.007467673781475881,3.8273842657863177,9706.56547171042,3918.9074800013645,264.22501398538225,1152.3522871881978
0.0057690224263687645,2.966350333673734,9577.10173974915,1524.2665478296294,298.9619983921271,484.39790465488875
0.009965226251390121,2.026102428146151,6998.855236067458,3563.7112630968572,156.29802804795946,3129.0953729614457
0.010697273859295949,3.0406355854394875,5864.442533003703,505.75806707261535,158.87415619378157,858.3468192464784
0.007970286222988824,4.992255460122555,13976.076931460491,4989.098711497974,239.21446927861712,1581.9315520786784
0.0056976585107922995,3.0389295162893215,9838.211224796918,3360.384129982694,199.59788102498888,1427.4257831923408
0.0076679030542706715,2.064568004402946,1823.095050278263,532.3254999827857,110.48934376550132,988.3217264636999
0.009949256297325872,2.4733029802909066,1350.88910481552,1259.167334391279,129.67718168363794,1520.0143503206725
0.00804496114236941,1.976631045024401,12668.464246818798,1003.1257045981478,224.88184118666734,981.3613667029755
0.009826969291887751,2.0144479054352873,13816.073499489064,2141.228363609132,120.51803584306049,2782.6630054324087
0.011119424461549178,5.976130461726526,17817.867315993346,1558.9800173128572,310.8190390876015,424.18499894009756
0.006126153495003766,0.9991551685637726,4011.751252822087,565.6654806895763,44.64491770324825,2010.0905801703555
0.010921597223402786,2.0002050818346415,6959.983291662532,1514.0879891422364,261.85544544574606,1735.1482655483596
0.008049131969346646,2.977928916901781,18151.72998767579,998.5374381777475,227.78440597749906,641.5272525031146
0.007988512928159322,0.7705309951411834,7880.3346081737645,3927.6845661545717,240.35614353328356,3214.7867346194025
0.008140039020628877,10.68748386450262,13851.730106976525,1026.734437037606,78.10193554430487,318.7136170427542
0.010449113315399081,5.975748500198156,19421.07344564755,1532.1952836142723,281.3997078126518,555.4920025117007
0.012542249977315796,1.8337579068003262,6958.281649239654,1316.5750183437906,265.0146562283918,1789.2725870823824
0.010683115681428804,5.059375952629241,11716.068820571983,2027.4503281453146,298.1804579344924,544.3364419575064
0.003980024708932883,1.0336041451914326,3486.526815051278,856.0130335839222,59.91024214614559,1745.6516486260957
0.009844784169466289,2.242391799465503,3221.991150268709,714.8373917424956,98.63669588191027,1476.7765795243338
0.006079773881325918,0.4992976462494226,300.2791520004035,98.54325576693996,43.42786121658944,577.3074470749305
0.007058351023009266,0.5620248685322164,5156.275187313782,2826.0876273623658,238.28164784556634,4346.113149353795
0.01016384114515125,2.270998071871455,1145.504453631265,1071.1566539453331,104.42762172268533,1536.2643528599926
0.009889254299762614,2.9903867362566463,4973.240335908655,880.0700465739784,240.54001065076724,1040.7193843712864
0.005121049974919087,2.5752686343146687,14808.669820877547,1960.2814286384137,175.03393772712047,1144.5731604334942
0.007800499632673105,2.100069804010949,2472.57766754552,689.3538427815669,128.19260211705367,1183.5276232475746
0.010839119009611159,2.051848785485452,6865.2505052765355,989.389808808882,239.1848161516963,1590.478534135238
0.00813829496293998,1.5727004320394364,10031.346713769433,2185.50115162664,291.2458695616042,1415.1766665685427
0.007743952911500271,0.9933819213924607,9735.88089118405,3964.555724005775,298.7778901823151,1882.4384280794607
0.00579546332849964,0.9932354904677423,15475.441595070433,4954.511623758462,159.6612147099774,6214.946916110547
0.013212216434710355,2.4676395272937675,3380.2008334742345,311.6690663223292,29.106051535080674,1009.0167927278156
0.011946903695467187,0.9491349657797234,295.04736794323867,301.4624085174272,58.00124602192515,1555.2715168197442
0.007751612482107744,5.964818208515006,17953.280765839616,2002.0445383676347,334.2649247068697,333.0845327663787
0.005924139691037809,4.025670317372417,17818.1372406832,3307.6187844905276,154.40201598564508,1443.678925271203
0.009970306592402877,2.074364615387572,1888.8813833056588,434.4358161610614,121.26469672983687,1067.5693680260415
0.009606888821750658,1.720759850120261,6817.40151182447,4286.543395508623,181.72963603445132,3295.655714018093
0.009957071044553985,2.015042616735457,3031.983616934227,992.1178983384483,103.92106918257707,2008.3030159624802
0.005416224150084226,2.4638766727266614,7098.937082122198,4237.364878587996,223.47286121066907,1693.8320650138635
0.008247006907027924,3.9991914591541926,13928.648965925082,5057.065228775902,237.25764412950912,1851.972046452414
0.009852615968676414,0.6028852724077477,1188.060706696466,601.8832249960914,62.98489384545806,3917.464263155395
0.00790213751010398,0.7857965074645776,9651.744035787582,1589.1534000279303,192.115267717865,3014.1715450883685
0.012985401963912764,2.5010583450225963,1768.3561151198846,560.802575648436,41.18160473372858,1454.0772588142177
0.007850547098144287,1.0042006368414256,7182.850439446084,461.2755820973729,59.284733058932865,1944.283446451135
0.007903365687237231,3.0359110183891294,9908.072923941165,1001.4462305541217,250.02024428065056,712.4566917271679
0.009349224323033497,1.1918657880582717,114.5942759435284,91.3874534961099,79.9556320854361,383.24034417008954
0.010865313631423243,3.021453842953998,11726.485586174722,2771.0555809303155,302.7582004774465,948.7562593147034
0.009967609728103776,1.2299383665087387,3539.7455949479863,327.8818682720826,54.712826330129054,1523.6302788792573
0.0061352666997058665,0.9891308667004413,1149.9195437134629,1028.7528254931683,57.79791687530129,2514.031834821895
0.008004201506980604,0.7621995275507253,7769.694185640274,3887.465432625262,231.75069386103203,3620.4511860637735
0.010159053149371398,4.9428226924903145,11974.442672228193,4788.058830281687,307.45770876446477,1147.0231150986192
0.005501845930800341,2.536566398678706,9432.44738485716,6475.382625780468,280.2542440016123,1774.116820997633
0.006044165285925728,0.7785564698015448,12761.21970009138,2222.353568979238,258.6525414041975,2167.0001840724294
0.00800436372222779,1.0062781691840212,13714.353425971254,2007.7860264997926,136.3619304735395,3318.622659094698
0.00581081894754162,1.9868269184552176,18033.038679328496,3451.9642484523224,95.94341342620922,3214.0888440297363
0.008162017902672814,4.991857549123288,16281.62631456039,1245.158316564384,334.0824792702269,259.6443675994635
0.007981248145126076,1.587922388841241,7885.066597970382,2700.9505182024564,261.2206021508864,1946.006406124879
0.009527909135303495,1.8462948430200812,13792.140614526475,1381.1759267899224,261.7714953352337,1135.369090298001
0.009993917631463397,4.966420866206441,12003.772268446866,545.7062017397783,224.20065362562048,361.99327239957523
0.007836812434753058,0.2476069244564045,13662.94882575111,1520.828790702472,140.71611190275192,6377.89941250538
0.013272978510845277,3.621053166707174,15602.367406009813,2013.177312181619,320.6919417363975,854.0504315519445
0.007324957971727059,3.7027186456651746,17715.341138416225,4263.598814227837,308.2177976575701,1156.2798190418869
0.010330870491294258,3.741178424589011,17853.283488266366,2276.853492021322,116.02395579490408,1877.2653233934398
0.008102226130100912,1.6522859616145473,15720.90537229528,4147.909782649865,302.5257157089408,2171.731799770309
0.0059760350249469275,0.5005518637081051,303.7026847888561,102.08480473215602,30.3081913886808,578.984604844053
0.007898579287180421,1.0058754374229837,9765.815470195788,1002.2786256099544,245.0041576362313,1839.0243049649432
0.012931657118484029,1.92707261795368,5267.97674073277,1344.647479102481,201.4863247082053,2333.620279657581
0.0058938358043368905,3.9913868423236862,7949.721539849315,5007.534164667116,158.8699057584525,1846.4823266029707
0.008286349234469624,5.2886477741670745,13987.139173166468,2296.953696719758,274.028545434801,620.2898973178474
0.009246058017009808,3.106296434779092,6884.062386595936,1967.6754631526849,214.29674046769486,1516.0524805171503
0.013124305653150694,0.9522303077371013,1224.0185374163832,332.06949488453904,68.36322900074683,1952.7268871443675
0.009956520220754375,3.053566611396811,17584.07888453497,3682.7132564723715,255.03694221274577,2184.374418064222
0.008302131521721344,6.038190236158531,11629.958311912971,2811.930416639047,251.0962135526665,666.9416067841476
0.005970524968116738,1.1909443120077794,498.55847410098346,98.47970325125907,30.593701936644294,257.43002399212054
0.007946436453370108,6.125404162024224,7052.376087908824,1970.145705148759,207.32386267747822,730.6900873555608
0.013492619777729269,3.6469567335601774,3487.8882757511315,2002.7679403105094,184.06961084686836,1827.6133772938274
0.007866847833002443,2.9983338609465555,9891.218848974187,1037.009966420904,135.16395693057572,1104.0961579192115
0.012777224872145559,1.9515584754629185,5200.546260974169,1347.570962867852,207.90566369979217,2296.950152825774
0.01006015086708727,2.065195235047695,12217.554293257494,1023.1673803175469,119.24475005448608,1742.8872431018872
0.00793160078421535,1.0030591421266013,13567.353167154877,3919.097245919937,194.55013456094133,5064.328144001594
0.013497408593146671,3.603806252104694,15189.993385461927,1983.5996196329224,316.63841283801264,813.7122025080645
0.005860375356514863,3.955754430041199,14066.359012354438,4971.2515174853725,277.2673912927189,1153.3312028978162
0.005798438817822675,4.9820193384239575,19411.036556776377,3346.700617861268,158.99641101720093,1187.1667572207798
0.008025750365339224,0.7957859377715903,14779.198590441325,992.2174294925587,156.7554410231437,2060.7809167120095
0.010054256716395251,0.998539376884879,8117.3335929926,2804.286460500141,103.59761724330954,5434.503961739694
0.008098223493281131,3.954388018553403,2991.403742292472,1255.2004814976583,133.85728628415092,994.498276713616
0.008128645758431636,3.723589359248833,15968.818531137284,2531.2279115887955,340.3898968289095,547.194617999818
0.00998406655492281,1.014029889689359,13974.844293786231,2142.1863676957473,208.18433283388703,3284.2310588619403
0.009958855171241959,0.9959417791965168,7812.021164345976,465.65750720846853,127.51816387998728,1971.489054850625
0.00797347717728439,0.9800014291471791,3050.2797291847564,448.7266948648893,67.32360844953196,1897.6103427548164
0.010199788266221626,4.9292276949527185,15686.225749607427,2481.950478316739,243.07763905206966,995.4041283927762
0.008096485422125821,2.950236495937106,9720.787256836267,1975.5876245122975,103.47732686514486,1674.5746262447478
0.006131396769089266,3.5860973623799137,7045.912680854568,1368.4846875877324,254.15074657530988,725.0133635974914
0.007867908653942258,5.938199262589277,11997.42959435668,3017.135387405322,312.8250230913017,438.0307417741874
0.014201556363713693,1.0031857031650169,11027.851578262233,2728.4931600070267,287.6036087479575,2346.5339044826887
0.006040787933531419,0.7932442139635517,12681.202972791294,4013.1188285678554,278.7075482839857,2588.6166447429746
0.008117427171085816,1.5532088937113722,9949.72525706688,1581.2319926423584,201.1688765474461,1955.4482349703312
0.007997339318686385,2.9977863435499454,9811.595786812602,2023.1329345946524,194.81682574315795,1322.6058971360346
0.005916454575042918,4.044635504490004,6941.810662981743,1100.99575038796,235.3147337600701,549.6402452300795
0.00582780342710841,1.9858158661562013,5852.174060276405,1525.0868492724094,180.4177973851634,1521.1876559861412
0.008012690835349804,1.3960346051177521,990.3474323444282,991.3706653747253,140.6742670262642,1814.4246011561545
0.01046791934499916,3.822549071604755,9756.90987393539,2036.5454799690074,290.9524786669923,773.7022739602919
0.008014688951997325,2.9733633057594457,11869.802151563932,3028.1757609716183,316.5871401873272,796.0589393121007
0.01007015022458212,4.966799146613908,17548.850119627055,2305.65205998145,341.8990329408708,550.3028554066948
0.0076639228091910155,6.013572088645714,13993.01439916251,1005.5948229723614,168.88772877472655,455.8525467233052
0.008578602031992885,1.8168039942804242,9964.329166823214,1652.093577757662,252.39132484052303,1518.112233697602
0.007988020134418133,3.4550102435520094,9674.353870761697,1995.0188535010384,243.56587674632442,987.5670114847288
0.009788578758752636,1.0168703666295429,7822.58150892389,963.3909990647973,127.70353332426463,2872.568164600015
0.01092321781226369,5.763476182342801,13714.49880728768,1009.3575611119725,259.9028310569545,415.30653590169226
0.007766910722723318,1.8098725101226192,1934.695064311709,2034.629615378742,203.2815844336348,1905.0398864592669
0.005745101779890309,2.029652002478084,11616.791683445908,4953.252599101595,157.72808240979876,3189.875169406824
0.007982213255711162,1.6225278741087696,13987.466728704454,1266.8535196790301,291.1503428975028,983.2109586274346
0.01317993733414259,3.0525974316329387,2112.5676728843514,745.0706551153928,44.35468728527075,1527.886840855968
0.010673963307613239,0.9799551129219494,7913.215569607039,1497.0744293757732,135.6635831499016,3543.7985291053687
0.005990416338113086,0.7979473978097262,14697.184260709195,4041.1105122749022,283.6519451025163,2987.5314815243937
0.015418748409672412,2.4695444876580464,5025.907730008861,3029.025341098948,241.13105418340578,2310.1032682802315
0.008024632526651167,0.7777001557830204,9685.176389844273,3202.365705261075,243.7425248039004,3232.8351352993673
0.007939722425743806,0.9939219932708471,9730.519591038117,498.0161917583846,273.0715706909687,1152.1616590735684
0.008034739677692953,2.975943104225264,13885.635964081855,1263.3702206061253,233.21549672546882,794.0070000185394
0.007896543150899318,1.558631298128863,12651.720486852893,2737.827126289057,219.96316271469342,2285.6725055320035
0.008052748802267957,1.5627392761169885,9716.860810370521,1004.4357282581772,297.8710305261235,997.5077779637115
0.004001626276267391,0.4997258863821369,11700.866726140886,4450.0864106786885,199.24377371187248,5191.691037934483
0.010259353098376577,3.830714986310614,9731.676815896091,2827.6085730967693,195.97824950876978,1471.5949555944114
0.007753901802453592,2.9480595206279743,13965.875232925622,2009.077983120199,245.2858546633468,990.45485614212
0.010840705177585088,2.9967778984102202,13701.860231767334,979.692032794571,158.55593098395312,1031.1583774147007
0.012824840009825403,1.9350768242497671,7134.948145957442,1377.9411873744377,221.68534178968565,2010.0209269462755
0.009960665224788176,1.9754090755019642,18061.11041989957,1439.2939141741228,153.16724276493377,1860.3009316052546
0.007904968574590707,5.9731915677621075,13595.451122449926,990.2371777579849,265.8658425800539,302.04046381134134
0.007752750838883568,5.928952721528946,17690.928731274325,4004.121964126207,202.84084920218203,1424.4769638875425
0.0038291310898906114,1.5185451811621846,9825.56727312037,3946.902598370997,281.6892321659337,1398.5159771813987
0.012703199844458647,4.568587282249233,6793.618192964803,2712.435495684023,226.75167553896014,1457.3075543445016
0.00988680259772057,2.007189316301519,15673.040157916319,3164.4788132555636,337.1122870062752,1239.0907593105705
0.008000387388945096,0.7625540805892711,4904.658340944473,1626.4035014149667,193.45349139095387,3682.4526874591556
0.009861320638345057,1.4872784261713727,8958.537383880766,824.5898065391643,94.0700086519153,2078.1727074095857
0.009452075884628638,1.8268898625462462,13798.73175105247,342.3676966885707,94.03407906760444,782.3747368906191
0.010105800777281682,1.9921591494033013,2766.1517077134827,351.4175664900213,64.58834433166471,984.0506369030879
0.009896399138016241,1.7341439509362477,2925.991976790551,296.8369391885092,59.15432685825754,997.1904713896412
0.01085631441851156,5.973096218168756,15482.50104237478,509.2232693626312,300.95880681482345,183.4440252757165
0.008043222540864203,1.0069446447036718,13756.545184139584,2793.1237228386567,284.48223025856873,2201.5166389598176
0.008196754233509098,5.394653668112656,11708.562504903197,999.270076176773,218.28289842797165,442.4653381752182
0.0080249705283067,1.6067017923380056,301.79754038415786,101.76695377199917,29.72630692939704,281.35819753680676
0.009909145296213822,0.6052678883049717,736.1743298866987,259.1004712315823,41.480212673957865,2013.5481403940173
0.00990638011212797,3.0122020803485468,18118.354136477414,2997.507520030121,339.118796288461,1056.6088400481544
0.005780075021913893,4.080260899321087,14637.501772787655,1513.0478879170253,220.34627682034653,553.3870734695172
0.0058510972091465815,4.0980763060852965,5827.917011488067,3304.865176814931,263.3966639640749,1006.0229428614886
0.008046700512732246,1.578553785727493,12563.221771864217,1624.5237918849234,89.08935640896811,2485.3983792037316
0.010815813011744111,3.0228171567435695,17631.39986952141,2787.7559709151315,269.80324390964665,1557.9537481305122
0.008236908117830781,5.410821104269697,9923.186120098815,1013.4713982755927,99.58486356727137,704.0231468478288
0.012411893529639288,2.770462486629521,7005.494667582631,1362.9572686347801,209.1475837455559,1746.9237072386184
0.014402628867168053,1.5205372789885294,12258.686592016446,1995.2708082717838,314.5063823585508,1258.4539766873213
0.009964891852038749,2.0066226356715497,10092.075998180875,456.1432318938192,109.73145850184578,1066.4020418143284
0.010087798064375349,1.7275166162421145,2367.3313124828946,537.2795109718968,82.61344267338502,1540.4057342657165
0.006149445531855166,0.7935851422123533,9803.200497019187,4026.544991878756,300.9282545344892,1951.4647219689905
0.00815165117128226,3.6225994910062376,15824.596626079856,1258.5280303940708,333.70168834073235,324.96339537757507
0.010078778009350487,1.0054319773412888,10086.667429931322,519.8270903376331,77.82359322365845,2234.7548146098065
0.008058462809998378,0.7617944595313034,4854.957679547934,2185.302486933445,168.35924007388198,4246.702308736232
0.01003272537653499,1.0067299126631293,16135.153401553558,507.7424989179231,105.9318420402961,1747.7520645939874
0.010836155865925958,3.89481797002066,9787.979890926421,1024.6029830533107,259.149566997132,649.7455501999746
0.008066762875731697,3.4946916959648577,2945.468316397885,2000.4609898671188,222.50837340885369,1007.7483974944256
0.012496613330913443,2.453416967970394,6962.382443549557,1336.1531706307674,220.02722663002174,1777.659103226389
0.009445912178658374,1.8597219967004834,121.19806793593715,120.79826416912063,59.85673396275212,363.2596387209384
0.0099250107383366,1.0067996689467655,9916.712212303262,338.1397736919167,119.00486413351483,1539.5769657185808
0.007868036915502228,5.905029419211056,14800.65015727382,2997.389399822074,98.09774065064742,1323.2151673931876
0.010717764406645666,0.8621336397290325,7117.806132670601,4034.31189398962,227.4243474482436,4143.025510405475
0.009552522280220382,1.861625729397413,13706.458039244566,2729.9975614683276,150.87184238303183,3278.4439312538175
0.00575214671175207,2.971312674641147,17724.590185327248,1480.3657135276908,96.59240209973056,1042.9247103592652
0.007794647425575502,2.5675441365735767,14644.29067913078,1044.0300761233586,257.0764371901098,741.6600790323592
0.005987085865004754,1.6114630086232966,7002.481568030112,2225.418096441125,222.05419338442806,1980.1001896044354
0.013166343928062853,1.7629272203143738,3052.1673550643663,335.9097811782564,32.37070882852412,1449.8186383112493
0.013135758571465197,2.766034860581619,1555.4500257890459,702.8092027245477,42.96440651737918,1458.8824682705051
0.009949329319709245,1.0034045990710159,1361.9017001398643,163.72671412359978,33.365955917868,989.8320093490101
0.007987630766385683,3.0096002660508114,17709.33577082383,4018.2975669180514,271.3219328725997,1702.1575617540002
0.006041497475246145,1.0084848830499369,3063.7436314318043,1113.5768199812915,87.19121662751947,3027.178398343752
0.005755259640374259,5.0529776958227375,6995.804957167847,3312.170057748886,181.06872088001626,1034.714685721557
0.007928619092278134,1.0077081901462088,2979.3999233743257,2010.7530832903778,147.0893103438352,3636.8643591597584
0.0057195492541441155,1.9810209560847938,6801.770198034229,1479.6275380296531,238.30031586741237,1229.8083786242632
0.01001079560780957,0.3447280764506326,2187.7136389102657,3275.162462422292,22.530400305381743,11519.747916139915
0.010084063327234603,1.2613474532525033,3533.550754100515,1453.6145803066352,128.47923114653247,3263.676070853515
0.012789917205815939,0.9427370037528736,2153.193829895579,300.66386471420594,63.63046768057612,2027.4576907565252
0.00797912869781084,6.040739034649857,9833.764350328305,487.8444284013386,204.90061512061544,269.975222996274
0.008132925078702221,0.7893190526983316,7809.957009365499,2181.690101609074,111.61639001208222,4754.131480430414
0.005139624292214762,2.6429984766415924,11784.259905115223,1983.3899382831355,145.19017079322276,1190.4901926020398
0.008017912196629314,1.0040111165919656,2969.5983824431546,989.4078600778399,150.23303989648983,2790.7201879503186
0.008271490336458225,4.023408472944842,18064.293997954057,502.1030428658,251.33140892161822,298.5209247900138
0.007808260139056644,2.061809640590593,1252.1348640687877,387.3185293985511,102.81183917475282,757.4660087742978
0.010020016224287833,2.2782460785883183,1232.0952374385354,194.9410732500317,47.825549541302166,503.9988486313211
0.005736881098116416,1.0031113996343388,14738.588604394246,3331.8235094940565,253.60584857687385,2675.0303881022455
0.00798271917231908,1.5976219714356477,10032.607375028954,2623.744330154545,264.8919363956903,1741.1295433102428
0.008173962304583558,5.297890957412125,14715.387145723322,2009.8009428964142,280.7705484997297,541.9690807039901
0.007900410581307526,1.5917715683384583,7803.478135348365,1048.7463336250994,170.6758303046358,1871.7035250812523
0.009893525513877654,4.954255827349398,4982.551260765712,2602.9231479010086,164.5538430848598,1498.798710000407
0.009255718425361366,1.7116153903753664,6933.6287538871575,1949.270298757581,211.54561652235046,2330.570943857856
0.012831088320927551,1.9460961941993786,6940.32532814866,1922.7816796086443,224.32505130459703,2235.0975240368907
0.009804539195596497,0.35513682124379986,1626.2320129240431,2331.577661426225,24.831633764729215,9818.536049674598
0.01264304534087131,1.852404757287728,6807.348340046916,674.9943615062887,193.47993849319178,1484.5028351460337
0.00784202155041283,3.008734101990127,9605.895142432644,4015.053498242005,241.46832839393804,1617.3985381950954
0.003896805621503554,1.5524713705707027,7767.238564569545,4026.5219137397717,262.401999054974,1588.014863017435
0.007973919954208906,3.011802507381033,18042.009143355728,503.1680407709318,218.82308146444979,389.5544497393493
0.01281443090544628,0.9536194041093784,2202.477220498491,300.2313214719828,64.8240065896141,2006.551371585734
0.010012869864097858,1.0042157545043162,16043.255414859948,565.8869046162606,101.56520832956312,1869.5888950608862
0.0058828121273130345,3.9688751602631336,17515.291288495733,1526.989237323989,277.26189626012217,460.49225245127553
0.007910080434344031,2.504397477125864,2898.737676483098,1002.1155677244849,213.79174055795502,1063.2400171689592
0.010084222772372671,1.2369192453448785,1864.6136881858865,1198.6420286110836,121.64846409917908,3009.3692121192694
0.010079160214741178,3.023035845643036,15601.165659728551,802.0961788873542,321.07605671636173,405.9999900322251
0.00682156109564835,1.2035047652080169,7618.232041233104,3930.3565545470647,272.5378184409198,2203.252337583038
0.00997250736945723,1.0088908589132495,401.3027684242451,57.15750097179767,58.95727063707575,325.88534643334305
0.008058047797512003,0.7759609267815523,4958.962460263484,2257.3818235069075,225.32596917739113,3475.7804191260557
0.007925604303691616,1.6099991708747265,7765.031239677739,4041.5392589186404,265.38340968436177,2060.4512664105246
0.00803304463057839,3.003160597224961,9962.073461050273,4020.649961337692,245.859756373651,1528.128730658897
0.009337267465587062,3.0980771297234524,11092.466118251496,4077.6254266945148,216.917084048449,1878.0427464173883
0.010079331508098354,2.0239209688560362,12067.953763326857,1573.963739907792,122.81864065723069,2193.153175138612
0.009963166678906768,3.148548954807826,2982.5238230020686,553.7567596258407,144.24809498407302,908.7207951268443
0.00931466748880849,2.4196840810891875,123.07640678910073,119.43735608189569,91.57739303116094,234.63170782290973
0.01524199178809858,1.6498443534764091,4982.754955967917,2170.7423670220155,258.2645677090469,1894.9626616572916
0.0079102334548132,5.924695953935233,7258.155498586091,1082.5117407118641,192.9151494818458,565.7170098267894
0.012809651212551433,4.549651461820922,6952.111366766357,2683.9995371258483,246.0392373065499,1318.4038142414088
0.00988815633439938,2.0185697399200917,13750.929682895056,966.4419682821158,187.37574687509942,1197.899686379819
0.01001337714442226,1.7157572316206846,1793.189926621736,1001.248867972772,115.84901432324924,2021.4447620956644
0.010029770914847965,1.2475309469501858,3275.3154260947736,702.479788328742,109.9045204073142,2469.578650637287
0.009897843529152526,1.0087678361878833,13810.338150107238,500.2475363089349,97.61480605894366,1844.0348528975935
0.010961769306344479,6.083818648453683,9735.361063659042,998.8045892181224,220.45726429257655,526.5444360805118
0.0074197639645048555,3.8536630832497907,17776.20045515258,3381.7164219523584,276.3447338078144,1175.0389228002568
0.01002084778908399,2.9761274260565798,15497.67801265185,1951.9837760295475,231.22581902981298,1247.7919617507735
0.00804912356570252,2.999991077174845,12098.940397518423,4944.579283572612,227.6859168717206,2141.026994581532
0.008162342279242974,3.0010216902655857,9865.70439591518,1964.893288424993,50.38687020599322,1873.420775625728
0.013133164755511496,1.7582487615698852,2319.5032526006617,340.63030797199093,32.173760669276206,1483.7992688389857
0.008097827965329723,1.5557045108047431,9744.967696871003,3276.251980420574,199.44965507657793,2661.376715845137
0.007878765691389407,0.9993051171527936,1975.220306247036,979.2217640144854,129.68885619213702,2839.930539547379
0.010011921460223729,2.9954817584298596,14006.507470632443,2060.8813253016506,242.36321316530928,1151.827832087945
0.005884747143955731,4.039714398536284,19626.111614709902,1502.377175887888,242.54057899169152,543.0328074482444
0.008033902001896078,2.9262312888837503,13684.536267945054,2817.842012809758,324.2854199970843,711.9946925992236
0.008028275210417646,5.887899437913915,18196.396200405856,1014.7267825167972,211.44108066494,400.7563545616492
0.00591222233014245,6.047581176580873,13905.550049725489,1515.1530515696697,157.77271770632598,480.0682720078356
0.009770497686138574,1.51157275033475,1089.7728366718866,1008.5714123662142,109.7422346928701,2037.7747033078267
0.008139027402644293,2.0134004626583573,11981.567821502123,3961.5395467639028,315.13274165002997,1239.7148768242055
0.007905402030158194,2.6221874056046164,11851.759341367986,2297.539662479985,179.53701230815864,1495.4185327835573
0.010028391736068986,2.9784381415564796,18011.93817548245,2049.6531411292563,258.5134530960397,1221.9333438942458
0.010778644182556677,1.0103925321647582,6771.792121300197,992.3681031844621,120.6704513540198,3083.820958047567
0.01005832027444102,1.2715784841485787,2253.888659931937,1099.136856813453,121.04129100120174,2959.255225929446
0.007895280536632876,3.4680288237149086,9695.45804251389,2027.8403856946027,132.87825696739017,1431.629282222414
0.006094821343777255,0.7801107519810394,12810.452304737526,7459.404020209556,280.5461489804308,4416.2583893236715
0.0060325383455070315,0.7977486630893549,14680.471266248946,5020.467178984084,282.30913779384963,3404.6963000302385
0.010572448985321455,5.981411137060789,7896.372544024471,1507.0178136241834,260.75918165979834,627.7210584366669
0.00992772736858546,0.9660730087230901,1276.374808758443,404.5902632202372,59.61554860009619,1944.709609211959
0.009208627924916868,1.3580092684774407,7165.8192024173895,4061.707144904411,209.6063180565334,3273.550750986192
0.010090130609902225,1.9865706583207938,17642.681209821996,802.3805515182246,137.43008263736104,1220.850014440681
0.010070305229797927,0.9882833146612632,15824.807947493044,787.8583464480305,192.3300047788156,1667.0712602340232
0.010650808846783086,4.046076544390885,17546.709579493414,2754.763145935725,322.5404599548866,925.0100384936858
0.006089439101458174,0.7935754748111333,9847.061726136848,7533.172076762278,239.7946208486883,4928.1639064168385
0.011102208665948899,5.9845218772157285,14787.489657159378,2212.8251576999032,283.13658794102804,632.122052112459
0.007974278184932274,10.859126463024195,13911.186719911833,1009.7300172507074,196.46329858047588,211.54426800439114
0.005736666535086051,1.0121170797766492,13801.932139057713,5061.646888092913,140.39133083695864,6499.470981884129
0.007846788638728761,2.99506740116388,14869.939240472562,1995.885858502639,219.93509867777038,1085.3077365917338
0.00998324348875451,4.9603773122940344,16365.504183967663,522.8813006183052,328.3584372485033,198.13198906453067
0.008052129751689929,0.7983227442356805,2915.231717516193,3216.105360098078,150.97838463813298,5108.582312718264
0.009930141040266885,4.992978902408385,9749.359694890427,3324.7334043226483,291.8944231744472,915.886570051687
0.005737335636224235,0.9975724243051579,17753.860538345816,4970.982508372367,257.48204435850005,3936.5575268598736
0.009537221120860091,1.8372854976672817,15209.692243265423,1343.4789272582686,289.81548834601693,918.8656483568114
0.006088763150336998,0.8053264544297625,9803.820483278401,4023.461022269797,280.6589099166443,2256.0566164345173
0.009243884299703546,2.003402972806897,7050.6706648089585,2034.077641044719,221.61893316556547,2186.904070936417
0.009312316774715636,3.072250320295849,7046.857171359673,965.0572656043522,208.12991827445657,1059.767531887843
0.00786022381825028,6.928671637417171,17435.044754702656,1014.6870224057362,281.4681436524592,252.51683247125644
0.0078947213450866,0.9974089870491425,9713.541831665336,1966.4698953039474,303.9716436127304,1550.1232848379666
0.007967138829357462,0.9951811912425645,17674.30392020056,974.5175022591798,194.72945437763335,1604.171555964773
0.00809658103173678,5.014277819933397,17880.310242357606,2531.542472864598,258.24609039265425,884.9270035206848
0.01314680902475052,3.674714363773249,17692.856126738556,2083.6670101564023,291.0900131535067,1196.1352709282698
0.00583570769133607,2.008333210848947,13764.996176968918,1613.0865313327317,297.6323542139428,721.7920844115733
0.006121667156221522,0.7840461745502156,14856.037589865073,1010.1452817920788,307.7753037038483,971.931860287305
0.01437717738019439,1.5363974210471403,11335.908698015497,1012.7193770436126,264.59723812990995,1589.4658169480233
0.010483689140624622,1.7935149210589059,13941.265213647506,949.0198852238767,311.2103065381447,760.7291454971516
0.01066949943304763,3.0448347996455802,19836.22424043861,997.10845509495,322.3226654372693,490.7459022432113
0.010129897143332022,1.5125186837941247,7015.312237655266,712.8072573711128,129.67604916802685,1986.127500438177
0.012270633818599233,0.7423027355547173,685.9424936397799,202.54223381644445,132.4670663402783,949.1144809030213
0.00585265137246463,2.0023846620955985,17608.255288720848,3451.202967580444,298.4415221585413,1481.3259005047441
0.008037547980734937,3.0163974642988642,17820.764232877948,4051.2375534501703,135.8944955433569,2773.9471721302607
0.012610183710764711,1.9465585733071533,10417.570179703034,5351.129899485264,189.95652210299286,4740.532361219738
0.008164386658889487,1.583586991771724,17871.486226769954,1585.942308869028,343.08815261244195,777.7810030938742
0.008054149921324064,1.5568649836493251,2966.142968357769,3248.6462124962245,172.27408933949442,3408.7871514937838
0.005883252464375014,6.053505063649813,6878.329211146919,1475.8115367252462,238.2146715942384,460.4945793601191
0.007962484937843293,2.9948651808190823,9975.509413464752,501.80041539976156,161.17234113708767,621.7933227441505
0.005755384643882934,2.9946079082911656,15511.439155847425,1485.413584273923,199.0744698910942,730.524538258038
0.00584980176077524,1.0128960129237574,6767.156233479254,5007.632529427374,220.12389063973555,3305.5585136322097
0.003979376758908165,1.0420461185278056,2517.2300060995594,737.9995321024544,52.6723704800317,1514.210546456099
0.007844523180337312,6.076327518041241,6831.566858782351,994.516739690349,133.78854331883187,574.508900443296
0.0038336263925735398,0.7886215092447131,9835.396744711383,5006.835093529935,240.01689481795785,3052.6995385521677
0.008057983417738532,3.0251909547334757,11615.009373942907,1509.2911583110072,280.9304849645236,691.8572252978112
0.013180148583321727,1.9613486775785633,2764.099547449106,258.13908255212596,27.023647292840803,1011.7882083691056
0.00820953195489886,5.360133883179985,19459.686441958012,1976.296120254229,337.71737109509166,400.29342976018023
0.007627669081954559,2.576573250463082,14783.887232335917,1993.1326474030789,248.88384855069944,1106.4745188988334
0.008277324125082409,5.876323344234539,15756.414618786615,2769.441753049813,285.12700610011393,705.9723262200421
0.007854488634258052,1.004275166899327,17717.5990182687,4005.6559591760265,216.19349148826527,4750.555119606061
0.007897396955752482,3.0086967467567702,7048.346706721539,1987.9236284715657,274.61047282895277,978.3904551146023
0.007913127734014671,2.220450489101544,12863.666840790635,1638.1536782991184,267.1216935016189,968.7514618814248
0.007951914447610006,2.9176782741983014,14833.917757603715,1002.2697049806666,284.1856048660355,531.7988508447484
0.010096854844738707,3.016311551896402,9858.110921249856,743.5266149674809,294.2481866708651,624.8881202300599
0.012903877593451378,1.9269986523478488,10405.097127876796,2724.2379499048793,230.90187232875653,2269.575804548574
0.010789133009306907,2.011263483568035,13619.488394493841,2748.88230785845,281.5603796723967,1533.5385056052114
0.009974645927920522,1.007312307943942,2486.291924817248,723.9787465267492,105.34364564604788,3014.4313157625093
0.007601735421061108,2.1151786352911253,4098.556972625539,600.1268461877688,111.78015622224727,1154.6071879596598
0.007982187189690841,1.006028660297038,9968.723115345227,981.6124526701713,266.3428259396604,1669.7070558509502
0.008011434532183566,3.4617112145455233,12984.11509112938,990.8228255871737,280.75975889157485,473.72970439980884
0.007722685972761746,2.6016410873503206,14520.963748784256,3660.4536819858804,276.67747014972934,1501.880787970888
0.008165805707787684,1.0128184669168268,13531.898871530288,2001.0409868480083,321.3102070533858,1235.4850475681053
0.007677514166973777,2.5802145966491925,14652.58364020659,3514.927458395202,267.8691855606017,1515.5234969111223
0.007865424045732554,3.943526553806859,15932.718234967906,3335.2648217663977,260.48299724480654,1230.5524266242433
0.012217206296503485,0.6081887683811528,692.3220890078575,102.04784145066914,126.52158380394457,795.0239151361815
0.014277076954464403,1.5270377252023628,12596.54670633972,1005.0510171886566,260.3479058256969,1517.7843757195074
0.008000933788606158,1.5524747368642884,9789.934093090787,4027.789619873677,276.1474741796615,1736.9624870420296
0.009409473415263912,0.6071417268507138,117.3147850825868,117.0252235002326,69.74401469460365,709.2680553531679
0.00787069963669161,1.4983612243947535,14737.335096448358,1514.9447860306332,213.38523197374204,1521.8590728260467
0.012506589126097015,5.510134767895078,7005.110342833343,3951.909289565037,210.6818887399929,1736.8284870934285
0.007595297113167033,2.582986419529856,14726.812761510457,3008.7350041847967,247.81537766131663,1473.074139052527
0.010837242187485979,2.9714831614119483,17726.45697049494,1996.7511063331813,302.6598457521142,994.6815665171688
0.010099243457564218,2.012309316630601,4943.495363598699,2440.825288237166,143.16965554544842,2890.5698744216947
0.010897661401193321,5.997536699310689,9974.825843528492,955.017227141047,210.8514581885599,536.800630847765
0.007949815958566272,1.9996049306435646,8019.745203392938,1458.0928862130663,281.94465370954515,1188.0369280529897
0.007890822371763749,3.0474669960984335,14730.17268823963,2991.6666121003327,300.4226643372048,967.522524285705
0.007945365266173744,3.4515021654469997,12930.380512184229,1004.7630485953143,81.84407729726169,901.5332892654226
0.007776281783325707,1.6357738648643498,19604.785808482244,3250.316938132254,324.4743703625106,1565.9117530226647
0.00919332571591013,3.0446152023764737,13774.689946084323,2057.061269264676,275.6235652161689,929.5044346082561
0.005780019630243016,2.9980230394746963,11534.759763789838,5008.724183909794,295.8607137321912,1204.5692730588244
0.010033780516336742,2.9990546320584186,18029.835399724077,685.2264550842373,335.4096941239527,342.71625121640005
0.010618436425779929,3.7862818894003487,11818.179764050576,604.3979311470546,166.3909187455179,697.5432148372284
0.010285268121292835,3.873509842448149,15131.995182033195,659.7872852503377,299.5715162287197,379.8717971449843
0.01091541379182766,5.970957890172544,9654.39847704171,2264.5614759860005,255.72827136905886,755.5858202311397
0.008354754661507934,3.655181987270215,9867.810554662461,5930.445259726692,299.5043629707283,1560.6823479937666
0.01000764824281328,0.605882350840035,1572.2486765072326,432.6136440433791,49.615732220006386,3371.652275062262
0.006096552674034174,0.6874882618151634,101.80439410315019,661.3273099803843,30.075928203921723,2062.832244447704
0.005819029439597684,4.992889932103232,9856.195385910112,5079.144164120461,196.9194823075696,1286.3320998935428
0.009291310142581435,1.2113067126901476,132.38078541643117,161.33793023861827,83.40954813613456,582.1548823221251
0.010082249602398759,3.4839358603651553,7979.059295855062,331.7340583013606,98.12207134746515,522.2741291253702
0.007661126027240538,5.975462352203581,10024.90805067953,2038.3116342715714,215.20735649693574,622.2631768731161
0.008108142704360635,1.9812150633893837,9995.77879197842,1240.7821901223226,301.7516996045007,863.7060305969922
0.005848877624123204,3.9958411584215416,9895.721108586622,4962.773231210225,78.85249155014671,2109.372827016204
0.00801085082181709,0.5700485642842228,11647.91135619694,1008.4917356265142,244.46922689177066,2300.532377776827
0.010478188001359946,3.8066835558684384,17543.536868685278,1242.3021705327274,244.55900827001665,697.1064043075098
0.009950168500733108,2.484113983312588,7093.167926032804,1210.1328192828362,207.0719214612227,1516.576782171362
0.007978701230548559,2.9743369734882257,9890.563104941497,1966.021109813511,222.31247826547778,1225.2124130586385
0.005759603224329612,4.005634498417122,15764.784450868774,3260.135015977291,195.40939184136144,1226.8827513988313
0.010055045878632417,0.9609453068765618,2490.8201738948487,181.99614352076415,36.14286868708953,1147.8657091257674
0.015404767863718517,2.4331371515034133,5043.779008594474,1116.9591924848203,220.33129378141493,1788.0757475223622
0.01005868007351326,2.005037176977611,15878.509242426551,1476.983322832766,200.64282630103335,1533.0808872096823
0.008050308221277235,3.706695761916521,9783.772530850743,2535.1133603567464,301.1121509814928,728.4963730150798
0.007919508533575108,0.992916050434223,14935.883285747144,3541.9735552044326,309.97898207631454,1921.1589984536204
0.005823355362432564,0.9906624795401986,13740.905144177636,3343.4122497872577,199.51539686493663,3500.6006790524857
0.008056904930014801,1.5997989633687082,14776.815939740487,3206.385338214404,206.49200994252186,2754.904738563813
0.010707327359150299,4.999562161516299,6822.2098598228995,1521.9101717827282,258.56965208621335,775.6428993386911
0.007679800558421611,1.663552402218647,17495.95046754391,821.1668240865711,186.97346746691096,967.325408003797
0.007770366533352794,1.0147490550034115,13683.158785427833,1053.3427915441255,315.8001833146467,1068.7949224906008
0.009987413225079808,0.9943379892161781,6906.6010432709,582.8340099366768,155.46202453384302,2302.9742253391605
0.009957224909485073,1.0024408213717777,11820.11508552278,596.0059546915088,96.67960551569813,2099.528012948165
0.009491702502295519,1.8306131542116524,13877.3413187395,4037.7279168097452,314.38258887686237,1565.5725373376215
0.009944303576899537,1.7674865222506406,1564.392361215654,324.08446690057025,62.53563237573905,991.16312737172
0.010417908955344921,3.815853601721446,14596.628204236924,1675.085677267984,265.1789572521296,747.5182960923772
0.005936045569389278,1.0020746183603433,3027.123923390681,4000.979009404526,98.04889642795398,5472.55347498153
0.005727024272397208,5.029781233409206,6830.115827279268,3338.6409264210024,259.9871008369364,755.3274758230128
0.009853147675811844,0.9584852668303281,2773.3588246262425,1402.9849315868253,114.59298728719189,4113.330557887206
0.008011833977980847,1.5806935923141547,17459.160894134824,1626.1099330670859,232.17559635674075,1535.7375899173678
0.005751113261007265,1.0037763174082646,15556.84199365796,1494.953805875881,115.97737938221351,2370.332579504837
0.007831410637064527,1.6365129018028628,9689.28062647518,3018.6700929295134,268.2294362230338,1742.142708826598
0.00998883506814843,1.5161489496994558,1071.4417933565271,304.82098094243037,55.235223766449614,1039.3472973568098
0.007936106874043928,1.0122822594951024,17476.889851001397,2034.0244338022276,329.9977561677557,1335.2984159144014
0.00587724569778283,3.976944618455043,17695.03714394326,1520.1855719520556,200.31323297478198,630.1701518560683
0.006067365156190682,0.780240051639712,9878.103509496144,2208.1306400323674,178.9749474872213,3193.6101987849397
0.006002529760369707,0.9982459730911275,3029.0446330570967,784.5088759395042,50.210549650538155,2512.3310289794595
0.010034564209509116,1.0052738096978244,14089.26920448499,1462.5305835729882,206.10578400444376,2477.0691918864254
0.01119264124727974,1.0034010939293714,5858.050862584814,964.1892652685497,241.9761400076225,2699.2705083596484
0.009878737273862806,1.4928294004865488,2841.141151697834,402.3211410743057,71.74292650587776,1509.529464128869
0.007846300835307624,3.0353363100467683,14727.10218235503,1001.9697863503756,136.5302499374614,858.8077272630601
0.012039769540236034,0.9659584539432667,291.63764554222314,490.467464752186,118.2362263561542,2074.2262634755043
0.007860445492936184,2.096044464139357,3528.89678787556,591.0548418885572,104.70785459972254,1151.8099781566088
0.013600354149602652,3.6826685338705683,10313.725307797895,2051.20632496904,282.94671788595576,1055.3378265567228
0.009930234965147356,3.0223044334490536,17579.138403711673,5471.304046640753,259.33507234635886,2910.5050140351705
0.00811491061466341,6.0885202987414635,15835.31003076396,1996.0424729590134,322.487687089267,358.72271807639095
0.010620100246054368,3.0243983009386564,6863.240811687401,994.7604327972504,202.4624343643096,1219.962273484781
0.014840323744141414,2.4341721177265336,5009.6209384096455,3700.1479549923984,239.3437908429271,2361.4888106154276
0.007998696483605105,3.010854552612874,9974.409426857528,4049.182158561857,174.52413976225486,2148.9951264886904
0.010063899568000408,2.98754866966479,18087.84080621045,1853.0800786313168,259.33254135655113,1173.4130665571804
0.007687909801833208,2.5327804699547807,14477.604062771909,5515.412721637372,321.88574702640585,1541.704554104497
0.007752384795479135,0.9970245992045008,3102.949665673616,369.8526159537807,66.04227189663985,1643.4137806196313
0.00798095215173157,1.9610591934714845,17586.25004444983,2003.72791685254,302.8946407413991,1115.0751555338195
0.005472606212871316,2.521950561099861,9579.838271449955,4353.141379913356,252.9562206505072,1459.6141946597404
0.00800130340947253,3.975958717743497,17566.49328134718,3322.085488354162,285.9402754527039,1192.786373049183
0.008036639802328306,1.5897492367605053,9769.650972877285,2742.773091119662,187.11700424906195,2492.589333163462
0.00546895457391387,2.5017020614387415,9499.764451337249,4965.833458617935,304.73350839484436,1125.3830090586682
0.009854863321643799,0.9889828677616196,10082.923106171778,1133.399216823269,129.75480386834312,3263.381282629578
0.010082936390278588,4.934553577617768,11782.27718965424,5686.277383307114,220.85954447651184,1864.105486243606
0.007987480035468114,3.491349439464677,7790.308120079539,1002.2337609366779,105.36798082102676,998.9519278223545
0.010025717846410745,1.499318181895119,6948.827115788299,937.918094393431,92.7280583973372,2437.0468420887482
0.010085778000273028,3.0134851337292337,6948.846197462395,578.4612232357351,106.882265052073,1021.3408685284523
0.010088512570373938,5.035746927417678,14071.901585931231,3006.1192510054316,237.66627333412976,1126.437661865861
0.010044736134872072,0.992268403395772,13673.254563377266,657.5526426725434,99.49393219678724,2078.281124278122
0.007783409102345924,6.02244661432749,9896.579690247938,1010.731641540063,158.23469755901544,476.09921208880536
0.008068958633706028,5.969540389846104,11565.232163607285,2014.7131574246027,297.077046132465,373.35795070382136
0.006028845867865055,0.7886778255756244,7818.072511966207,3930.1815080809624,201.68587840855764,3861.8290335532297
0.00814900286515143,5.277542369369325,14573.21884259034,2000.6788056652624,217.5785792751835,716.5045096350609
0.007747748731028254,2.589535063822831,11953.340225772547,2474.779632017219,136.44893936642939,1957.3342718485385
0.00601364315792168,0.5121310827812948,110.02518574396767,147.65034319962942,31.629561890782686,784.3385446723548
0.00737719750153609,3.785288094443487,17226.82681262425,2933.0899555287324,245.31215671582805,1152.5421796796406
0.010010184000127015,1.9934373917032464,3123.427573694663,598.4414424037428,96.55034475678082,1494.824457277589
0.009762735467624196,0.9975185200562606,6189.019875718595,2010.9512370509256,120.71661172809642,4318.640238245859
0.009925083441121878,2.912640427791948,3979.1107404323247,269.2323994640307,101.19650992457372,512.0095846458142
0.007854281663444531,1.017010810932873,13588.487901493538,1078.483795374811,273.02247976137545,1365.2119901263743
0.009996354321566304,2.2782528336454186,1854.3747244009191,426.715772350945,67.2397142910908,1021.9741887774372
0.0069086634403125475,0.9829756406128218,7011.446404811897,3497.817956323191,275.084226109947,2731.695313243821
0.009835994421177899,2.0108267961030437,9796.394896620193,967.3202682201868,197.030852778747,1447.5523632682746
0.00798994896406371,1.7582375706212672,3002.5585059070104,3051.791580582079,205.09304423394408,2408.103600920271
0.008025959560748516,0.7835836730988196,7777.227390893338,1564.3206318067594,272.62809956774186,2480.421570312683
0.01004209877982537,3.012503264906174,16139.208357580337,2433.912193717307,328.1680016559684,899.9350859205523
0.010499991929344121,1.7498040730905242,13751.967705676256,1331.344334048627,332.2419386389663,759.4903417547367
0.010668401447919048,2.0218097798613806,6884.277355289144,499.9433002529766,259.79336763529625,1010.9408186241349
0.006054786738638772,0.9972168933185417,7144.668184739811,4289.528897393568,115.8193986326403,5205.786828796254
0.009992453410253328,0.602258846983995,788.4764216363262,550.6396373155594,57.36611643174074,3339.7351183798237
0.013354446684368143,2.9475267521334296,2254.464252620201,751.0864320877992,44.26373054489857,1505.4921954016809
0.009297367100368204,1.8368213013421448,208.50354523529862,300.03622016634523,110.63474197378046,641.8883876261615
0.009923627924140189,0.9995199435194455,13981.458858479089,1862.6417289066178,198.65710757713762,3000.004311220102
0.013213483732032634,2.52944374770828,1402.0239640396055,368.9017313767583,32.441767762020696,1000.2386587921662
0.009811645208604133,1.0023099628459038,2067.668096603,219.99183361944256,52.4872428018546,1225.9722471906666
0.009730867379886706,1.9982965095617287,13846.856508048166,801.2940578176136,114.0366557761787,1412.5172105049464
0.010742484140244783,5.8602848813404895,13903.533625151143,993.844739830547,319.6476962506503,265.3170280413811
0.007860043347278498,15.170574736625303,9849.748096747539,2019.3149802457056,276.1369218230277,230.65474312729543
0.00999698063124888,1.5059849326231618,707.8056442748467,136.3428091725318,39.66688613108006,514.9570023277181
0.010066426722435693,2.0163595022350935,8041.486509977411,786.1337632232696,116.78574024077744,1717.5592350348247
0.008058860017257152,3.509292008226776,12593.432790082788,2026.3415148342715,231.69838940140178,912.8192815893219
0.00992708776623117,1.728989734456465,3393.744957284395,778.052534574537,114.09468135646233,1983.9111639304995
0.009963775436466468,2.0079930659502354,17481.913422341557,1665.5504315636263,149.49106486993617,2155.410614942531
0.008012289463669687,1.5727264067780569,9860.7019755954,2211.8433065946438,212.02350944026347,2059.2470892650117
0.009991352315714977,4.920353032787295,14046.935805049647,615.1433649851956,240.51926299896354,354.3821179463525
0.010054182748748907,2.0110820741925446,11966.050004299848,355.17489770632113,165.70627505252278,741.8286966385502
0.010070740130146943,1.0058966092466881,6884.889723322255,409.4709832632984,118.09655646275033,1978.2931665464964
0.00802129829296081,5.977731692005787,5064.884446965692,1274.5855437225923,164.4500861090907,675.3357108555094
0.013200080845615638,2.5019296186208257,2472.359326725746,541.6851330702823,40.39766046269872,1446.8097116457695
0.015066894001596921,6.078641496685161,6843.746940784937,1019.7484129138741,237.12923254811756,756.4326620016288
0.007950709448943988,5.925428959607429,7709.260054930192,1609.605673757965,168.27997211674221,702.3329901149763
0.005762828732664927,1.9950616256462717,17947.641941002534,3429.294427200907,76.51249131194906,3304.394452132847
0.010081783847515022,2.0104620840670973,17828.635790093565,730.9900228819766,152.2082331816596,1070.5923973285246
0.008122862613866869,0.9963161484399976,9841.555001411978,2009.1859814758543,300.9554894998342,1823.8552052863781
0.014914380066974181,3.1761827376494383,4959.482864481973,3072.03359546853,183.29270370526234,2417.8139592702214
0.007972922199596196,0.7790156024527264,7804.000235552521,2178.0200571164296,158.1480538053632,4109.6640894713855
0.012785055934973654,1.8581926630852588,6711.646538639492,1301.932705659518,269.21217862558774,1744.4869843330239
0.005875299935216547,0.9975608338608823,7946.1549047982235,5103.599054441361,217.22131839986451,3356.3531973408044
0.010090823761933217,1.982288163710853,6946.939621238652,604.5096302169597,270.01059913857983,1066.2855140320708
0.00577340906323847,3.012042984472953,9643.437256998877,1519.0121045773083,220.01055007436443,772.1278412424697
0.009995033022140463,2.020353837314988,14086.846973952846,327.99363198817883,191.70572510981367,646.9682417254945
0.008091581995153353,11.105233921455762,13473.649535222808,1007.6175748179564,239.89266477794067,185.6793083572304
0.008250079188307407,5.420458530859094,11700.30894964701,1531.5881683738064,222.30769335672178,600.9804138939053
0.01278015381338348,1.9007328610888299,6920.2081787830975,2724.4656072699872,115.20498354131789,3641.6203769753756
0.007896923989309404,3.00323150633352,9693.738105471997,2040.6962616219364,152.0373339811232,1563.8855995331637
0.005738561487982249,1.0036129171744073,6927.511882531664,5042.929236201124,177.9566716546257,4294.725160752624
0.007956817078651703,1.0008204883121785,399.0004055795326,152.0492247149277,61.32200768262904,587.3444043370281
0.009521162829761178,1.8325755581742418,15005.895208589365,1330.738907503236,315.376776053665,737.6210342413999
0.0079309546430955,0.7955339230289514,9781.564925000988,2222.697044510261,115.32978470954433,4593.100013562365
0.007884543936546248,1.5468509496967762,14536.542824918877,2729.6766942654167,295.7149718323347,1465.805654437703
0.008018401176721753,3.020032859084818,9672.521467636561,4081.253727531986,183.7367357142248,2027.9761905176388
0.007976211314411185,0.391482966276013,1989.105158653139,4755.318055029088,130.91445688405526,7681.416891576137
0.013463380203225739,3.7010017410479596,2593.468720833056,2048.479993235085,187.34644556721037,1618.0364623148096
0.0058810481262113945,4.052075035438558,19701.331342644105,3339.371257291673,137.0864488442613,1586.8143014023399
0.00984767376119223,4.967574912944518,17605.827237126305,1325.1571633289998,329.38742298807415,323.0619933026032
0.009921328518678451,4.979547655328227,15832.426724346375,4281.894678321746,248.42251600098012,1643.3770079737367
0.01001912757630483,1.0034119466777214,15765.126470255205,1108.1605714094126,126.44833562342457,2939.655548091747
0.007960851617272016,0.7740820769512178,9900.907349077135,2191.5881138782624,221.15554543126157,3038.0012471253513
0.008137213357876759,2.0135952241247597,9861.747198529267,996.7532059387559,257.46337945322455,1016.519376835255
0.009978311698131896,1.7649003300282375,2496.321345396062,859.8364773171216,109.8823235657667,2036.5757561386365
0.013420421294797905,3.662029462679932,18336.95821588506,2028.9131622091295,332.11689321082184,894.0689422427575
0.007860528897412247,5.996862691060293,14615.137841452703,1015.2045461212681,281.71037011366735,261.93442579241275
0.005896088227354305,3.960995378406555,7952.634410346524,1503.0008560049312,99.65210877695519,921.9481048039629
0.010776821719347447,5.866326463622594,19400.08085363314,1539.4629160298268,242.45487862759498,668.9027256266146
0.00981962080462303,1.7691829673282076,892.1242857257197,155.83119168253904,43.11102696809271,530.1001278400151
0.008044120758325269,1.5918854870279266,12592.055409571987,3995.7167874958313,303.6536726775459,1710.4080253813495
0.008182636348878026,5.316866539683447,11551.784499636477,2013.539416797379,291.544556463623,472.8807778130022
0.008195341438803292,5.323175492379892,11659.065339255278,1493.2766566236953,241.1717947278877,562.1314608654005
0.0058564460693186025,1.9992910761232237,6839.141031309835,1476.3054071235279,78.51109393253229,1854.0450047967834
0.010983752092988982,5.94442383339673,13617.293162345004,1562.3745542429665,216.70554194410317,637.8480341908819
0.007922215022533702,1.560539950033386,17806.116052823778,494.920408690455,331.2949510894735,410.61057763435684
0.00585417596112616,3.99086473979147,7864.4944448064425,4998.320828334196,261.6829691049062,1185.7279645628128
0.012544418676967616,1.8379673746943854,6964.557957429729,1955.4792399247249,256.45531719833,2112.1634945505352
0.008048922240069686,3.4816960361326683,1002.0062782509266,1006.1101504807855,166.25312187474353,601.8703212353047
0.012887665277895675,1.9292573465781502,7163.397823965078,3771.957043730936,269.20700975100414,1990.1606884418118
0.005822087876636249,5.923775942623354,14827.950840079884,4959.457421228151,199.61477991708995,1191.6713226584636
0.008058109692920345,0.9898444073462772,17601.31159386799,2001.7900078049763,193.62720346783098,2778.056310370792
0.007902693203988457,2.985154251849976,9666.145872753543,3933.642229387864,116.22336218021411,2576.616252602987
0.008050621434702055,1.573959834946499,12945.05755969472,2733.617984111347,308.99600639526557,1155.366601418647
0.00808605895456729,2.023965618350185,7935.025398775361,2780.9652624473156,97.58314162362925,2862.51405278385
0.0039706533233354,1.4906931930587584,5081.585696388433,1348.7277266655115,78.38496570395596,1826.681391313879
0.0060307972879454505,0.7911220208218465,12636.168080972633,2205.8025588973323,323.79232973170133,1302.359053675593
0.00819288758297235,1.0060961166979294,13873.884608191816,1978.533334070409,325.65566199980003,1200.9605696903516
0.010493136641742918,5.947200680797232,5977.353753442696,1024.0689385482224,259.0896893979722,543.7563669038931
0.003861342401492042,1.5447670619660911,9707.487515282279,3988.0078337983787,200.29921199896972,2007.8446293555373
0.010132716289925878,1.5262287665252214,3990.5799695183678,283.3696437205559,83.79405321946244,1049.1556758778681
0.009317246913046723,3.1182146453198216,11396.642687632158,2037.6354123025171,235.83666678159824,1150.913809942164
0.0061124360198577,1.0023445254485481,1133.724325597665,1442.8663966944498,57.63303890656687,3063.458966086442
0.009986634055630684,5.005357850781769,17797.46717712394,696.6917903586377,333.98462864963375,225.29585474010432
0.008004260760837005,3.7131590425306227,13828.489300058918,2489.5494581676967,239.9091576744027,1049.3806703371808
0.01006067757910069,1.0114558839317207,3987.81881666925,308.2142778762867,46.190395821228954,1774.5462772605583
0.01537283843328208,2.4293408619753194,4972.403040403778,1529.7904146682968,263.05609928128985,1050.7552507416603
0.007829538004598438,3.026826369786927,9975.301473744054,2048.7965638071437,129.07427356191977,1626.796635175929
0.00827784656282863,2.9818831014396663,17710.884200082684,5030.604843507294,346.5196364115376,1263.0852121291791
0.009827940018330513,4.9144693463496285,13834.03075466829,2253.7901372291244,316.84312069147404,512.1701397559309
0.006083217171592619,4.543861263629935,6954.081012280332,2728.4144028315695,262.98030451269483,781.1293316977024
0.005969849278301869,4.018945519411606,6985.303548836605,2220.82880803423,286.8362882111718,379.48699728092333
0.0038373647588509194,0.7994938604161007,9691.052358043744,4911.467542952995,271.19811904544156,2575.6985405746223
0.009883665572964974,0.9668367895148237,1945.5984333725391,395.79679404871223,57.12753076968659,2034.6576988207955
0.009962658472331628,2.9996163682101926,19968.58673316401,836.2382752866419,339.87966415054774,338.58471431699195
0.011410234755323382,1.3634332962282083,7064.239487235413,2072.5398214664187,260.45858556666525,2438.513036955527
0.007964561837874265,1.658175581169701,17609.48423711656,3775.3718407147294,319.5541335559125,1901.7117670758525
0.010087471804966776,2.01083531712854,9988.107220332911,591.1903324650701,176.23144602644243,1100.5465407907018
0.012818232517657097,1.9253876765039208,6884.604806045544,1909.6523433272844,277.19983372674903,1801.379250115605
0.010823824773121804,1.9866605875604761,13824.896611172697,1507.2873323754434,199.1327707733122,1610.3902084757833
0.007933355329289628,1.992128379550088,7701.992759027677,1986.1038410539923,239.70134822227064,1656.8764084376603
0.009919491380424354,3.0753580855662275,20042.853284848057,1335.4810284711848,348.6059577248122,485.17031444423185
0.009762634184896053,0.6058959142293998,6018.721164765086,3807.931151174275,175.97144820629507,6031.73763256962
0.007748920444003878,6.00119160096197,7023.292892730496,1037.4212845970333,155.27400766118723,604.8603907729862
0.0077529972559941904,5.983856511721817,14574.531302207259,3040.001060719221,235.88981825101652,835.9952798969873
0.007917984822891666,3.0309373430254647,13832.933841583152,996.6764734843282,83.78390339562894,1048.3193227458462
0.008126700771796187,0.2391293989681904,995.9026749449056,4983.244300838332,86.61665541740898,10136.271511837576
0.009959696837352375,3.0067430488662645,9872.043687085106,1179.9943078583572,291.64280937515696,744.1137301438704
0.005788375530925393,3.0226756520776226,15870.653791670306,3323.166986676424,218.22506052885885,1409.473420495033
0.010037645848384909,0.9597547756067991,1807.7171251832056,1103.6202156814418,110.85667442900784,3522.3244824708886
0.0057581170181985235,1.004226671158539,9902.987494490906,5101.563801711374,221.35447802089936,3712.7342136621396
0.013171961091008986,0.975156522191342,1643.558842160189,211.18379667387137,51.3568521866599,1443.1078396222097
0.00793113567753042,1.5553420721634097,7923.886320149292,2132.0620451693303,184.29066511280317,2464.2089629260504
0.007974737804289794,3.5146770210693936,7900.3124576228665,998.6012742667251,237.67544713903132,714.8471021006392
0.007811990857022132,5.992460748967296,13912.816824694464,1003.3126750272215,259.1334780680038,304.89305554884055
0.00803021188379288,5.029014646686978,15789.491512679373,1509.4948503059559,336.093902042799,285.8189960563713
0.005979584334758612,0.8026808260174803,902.4781937261904,103.91961064495364,27.55944408152376,385.91904040373726
0.007807521948758746,3.0545690246220842,15884.159266314724,2780.3529515226323,305.6035597480271,1002.8815662121125
0.007990039066358359,3.464567205333614,12775.974493474048,1009.6486464506768,290.86556638202137,441.71581570108793
0.0058112773136436875,0.9928757261689952,11856.964473558026,4990.996239068306,307.3327069484295,1941.635489187403
0.005885631743097259,2.9907614798406787,17213.726579079546,5068.024748095847,179.820946317222,2468.2312761516114
0.008028176644543791,3.0074633133079076,6877.928437972271,3999.787482460251,59.608711554058,2980.596545521758
0.007933983546242376,3.0200951872909383,9638.992236697291,1976.7815726881845,168.82503528223697,1420.9117747394323
0.012872309705026716,1.9379650670532462,5155.278014053616,3820.7175465945083,186.4493585361097,3068.614905194871
0.0050553043326761705,2.5891963258302475,9900.39468880764,5330.861708571238,206.7549639087068,1823.1212653610046
0.010152205661013724,2.062047082163231,3139.6276099886313,288.1375575327946,149.44020282576923,740.1532832173403
0.008027982432554618,2.9968869364312685,13848.088934390049,985.4916356502797,207.52769056104876,740.6347909654426
0.010134252294272207,1.0122434787001724,16021.800436523992,1505.5245822197621,126.38456094617707,3434.480301920799
0.009815677933715785,1.4853178392617383,5991.632108599804,2362.2916295964624,122.87463783232859,3406.8384840870563
0.008149176198681917,5.364591609588095,15520.734873918615,1520.2313391023004,272.134062769789,476.7426594847544
0.009841210960986791,1.9856717099627315,6796.627691071446,3408.35557205585,140.9660368916886,3092.120913751984
0.006091850687157372,0.9771125899911376,1130.9090103973215,1328.1424706752032,70.18325972284254,3008.1518962042674
0.00783586352006644,1.0056474923264827,6983.5293323979195,988.6460314546725,96.9633181726405,2916.622376465843
0.008139951122015399,3.0049310505070945,11901.247898891183,1266.778279299629,221.47721806488644,878.0219222983536
0.007975919823530337,1.5809692521274317,4919.611248422657,2166.8152343124216,241.7099824874854,2221.6828391004124
0.008146151608254827,5.026223304620787,14217.671374912241,2013.9268183249962,232.1561296429928,693.8577532191275
0.010691019860613155,6.0156310156039146,19600.62096070872,1558.6184826065296,256.9240764201665,613.6398251115588
0.009203314956431575,1.1860870157929555,113.83594630568294,92.29994989381082,69.60777568015929,381.2949109268586
0.008030750821848582,0.24657472239485073,11703.608625411187,2000.233110189387,219.3883822774847,5325.547786683857
0.006040098490772578,0.9929231468865886,7110.901702471442,848.4051746356981,87.14457834198669,2582.4759791806823
0.007842407483719975,1.0134606126567767,5158.578157252332,475.0617845132721,60.22694800329525,2078.006690106602
0.009994831718757358,4.98366428234986,11744.6627878069,1079.8177377427007,307.3484981537405,339.915205914762
0.0057978940767152935,0.6103809596437192,13634.680615667707,5304.330316796752,120.97226311728845,8037.0441096802515
0.006049126387171911,0.7962758658827824,7843.831154580043,2191.6964594235596,172.16969266956517,3358.9258278710663
0.012776240388081266,1.9048156623480845,6944.477325078756,1775.881197463705,46.75417134725438,3473.719546727798
0.007924630618497058,0.9803634098770476,6843.639461015832,4039.26487659479,170.5919938814573,4153.969927028193
0.010193029500283654,1.5098510842139103,1412.407123876221,477.294367693951,76.82933895925993,1514.99431538586
0.008045140864931029,3.0312959154525796,9660.42610664883,497.92017663336077,167.39081440314555,618.3318379578456
0.009962720502429266,3.00329820259366,12078.529428144142,6376.704824234189,235.1713044031688,2977.7139848084257
0.009881264197773998,1.0030974176803897,13618.903129957484,313.5326247666893,93.10863172593685,1367.7185990007374
0.0078644879303278,1.9723234891466779,13733.84389225945,969.1999143432148,136.80850033575405,1255.4311996582176
0.009242042772168828,2.4466726863981823,144.3125101894921,160.37581471751483,89.32973249428986,330.96059137940796
0.008080016886642423,3.02780612878834,13904.35550022422,496.01981691491227,266.81345017937355,367.1672081139549
0.01083422176312601,3.033309938930213,17819.775422710703,1002.5802155598368,239.8936491728996,753.0345642987766
0.010043838848491811,3.021585949528284,5012.007874910483,1479.5623521163807,241.69359687435795,1300.611742637588
0.009874263511243115,0.9975373658650237,9792.487808002996,2799.092942675672,140.85734755409584,5019.101807845016
0.007908286293351136,0.24846637894737786,9806.880963309923,2010.8655979418652,115.85575354795995,8043.483698129956
0.010701310880304902,2.9724507204245927,6787.036913634258,987.2484846095194,119.157292836988,1513.631268054249
0.00788736317054947,0.9889120652421529,9826.912214738128,2013.6338428087913,197.84781535443332,2843.8201343423366
0.009960159214201875,0.9850501700988015,7940.077331058005,1062.7362700165586,89.71385268559189,3389.6395439897365
0.0058505571516227674,3.996446129851647,15054.637588422527,5024.757395528471,197.1812872568109,1732.3634117192423
0.010759177812552454,0.9934769651966509,6875.746665904896,1522.9230100646362,239.75718588512552,2688.7997200081486
0.00796882363579207,1.9933852714749194,11906.03088821945,2024.9416295214144,279.00605907860614,1095.1802208526615
0.008096819656591038,3.0110942887556122,7055.270871954504,4945.17809457462,277.310406210652,1723.8402223395065
0.005980007742311952,0.4922988023204533,704.8671835317166,99.65359957035189,28.165940190590455,593.4086044411421
0.009320766331199493,3.0624211024141523,6889.655630690399,2726.569553745526,269.1532506195376,1310.7377438093774
0.0038335813466392156,1.5273737525896058,12567.65086638823,3874.935209413089,282.2057513096553,1364.8551418393622
0.00936311778140527,1.2196600631015795,195.40064320500375,295.3216103765483,87.17572778388649,953.6274616477177
0.005721175563438491,2.9629789510114266,7818.214855275834,3331.19470806473,157.71097213530226,1758.2528750754557
0.009872182410085275,3.001900890679793,15596.527584837877,898.9498834478517,244.45289106202648,680.2873094885051
0.014222349556776011,1.2654978583998113,8736.192348211269,2648.2961722593896,273.41440677297396,2183.1856637002998
0.005874138918268749,4.005366725805453,14873.377334070723,1496.502459486026,323.8396405112816,287.1662715797461
0.00789795131729969,3.0303184501162233,6966.8518437112725,4003.846105867346,246.91773576272792,1855.3674899394184
0.007570579775830561,1.5415047092382403,11997.499644261057,1468.4946580091541,250.35254020907445,1482.1260630278723
0.012355756551609599,5.500998193008429,6774.434704898849,1316.7307222656286,240.35887616358255,847.1557174452141
0.008013610673995933,0.9853699502215072,13690.396669845135,2006.2511206237161,290.64797671873987,1640.1278670945137
0.007932855685464252,1.006870869844641,17531.420746199845,499.40107230741796,305.83051453046835,683.2661214695773
0.00995945629246342,3.002918367085653,9917.731896563224,5574.5779065596425,292.5339114527982,1693.8869469833235
0.007938320667664537,0.9903549883384807,13578.502359044782,2009.3499444384688,276.2644219797783,1883.9184497808953
0.0058473283115391,5.940743403248788,6894.449553873625,4941.159061678999,200.83427653451758,1104.8051817471965
0.006017349600345214,0.801442424798021,7790.533967272401,2205.0765583409425,231.1658653086607,2805.0100000750454
0.007847704521639423,1.5668523702605903,17872.956554817272,1620.1301933273255,198.02500170542262,1805.4032376203027
0.00978422137219915,2.9971153994915807,16121.690306424802,462.0712939964893,250.09987335397912,409.1201227308009
0.01301817144940748,1.9421259745939352,6892.20870099249,3787.2488093955694,147.9725387042664,3784.3829183825
0.006051852334663752,1.0101351834103527,3032.4251005409237,691.3244376458808,44.29092568510848,2336.000950097889
0.008122336125764084,1.9880342663003623,15497.727769795058,992.7651771830942,254.33515821491787,879.5237474809163
0.005756396765585931,2.9819988342413355,7892.152211638627,1497.3736297546304,162.27815695320473,1035.9725148107875
0.006688752050354526,1.8875989491431944,9819.297990702635,3306.88536502567,278.50388546182455,1629.0301984722437
0.00796900679356802,1.0120308507251865,9830.442782058328,1952.8758691623657,254.99099512055233,2157.392955687531
0.009976484252215517,3.458710768255714,6921.624139185055,667.8592615736244,93.4619061514932,991.6261543192549
0.010091605750758193,1.9874100185947319,17971.50447626882,865.2919692338984,113.48276545552353,1347.7406890189168
0.010058834201348836,0.9968934122963677,13808.509168407863,1492.3448704163418,131.1609885014699,3274.0615619028335
0.010742541230825851,6.03635300544408,14625.012988701143,1550.9405838068958,219.41490647025918,639.2660064587428
0.00786312994974337,1.6101701292475366,9854.497552276245,2669.345192925514,245.4134763008257,1887.9558357827013
0.008206376462089859,3.9447895526102164,2958.016064094212,1491.2935358765865,221.91543840199571,788.5302028828205
0.010117085656069252,1.0044278630927248,3151.9914779135415,277.79072704386465,48.97989896605543,1510.3242093056492
0.00776584897451141,2.572657274722858,14606.984140578967,1761.3051806407454,66.51400682711356,1884.6304091638174
0.00798618891529523,2.9754745418930266,13421.036134327198,501.99584427206014,110.29910853245815,566.4201877140943
0.0058251263748592755,4.047614134077884,13401.248925201164,1507.6646193763045,199.4187459851123,608.1804919349264
0.007901697872014076,1.5532696651848032,7793.000313812294,3195.815025368387,198.98151126938527,2736.84336910614
0.003923526049368994,0.9963363402687143,4992.629036502693,2414.147381542419,57.438592681311036,3712.213547355247
0.008252995847955292,2.9616609467227915,10221.026869759215,2463.7690994558857,211.6189401137196,1466.3938002655784
0.003979255744633174,2.055554217765503,2493.6468419639177,1018.423669168419,59.24710352131768,1013.2066649621385
0.008108211610201106,3.017692752247167,5033.14412860246,5034.854338120071,252.77758192189944,1868.9063095417293
0.007970978525819065,3.0389369679160456,17738.060018434062,494.02767684060444,183.2238223881921,430.5195632681903
0.009910887863002161,1.7663348008887017,2793.028779559541,1367.5895229260361,133.97760268759117,2494.3036143068566
0.009908686997742359,2.9614084278614605,14241.030934665401,4708.974631576115,316.77219651453186,1471.8509784108885
0.007982439562716666,0.4914012619716814,392.20443532063615,197.64995981698354,59.980471764133796,1281.6940544333402
0.0039279619944596,3.131607857615137,2407.9405417849953,872.3972168222767,57.42773703447652,662.927488853917
0.010560362060374265,3.8180165529950005,9782.11227240618,1107.3997378373483,240.72972040768673,774.0225277280456
0.008014777627495128,10.873532327041833,9841.26603218201,2735.6084358517273,300.36458106992825,359.03043316775444
0.0151731475864946,4.029905169958857,6450.355878253303,2182.452921669007,246.4081574948425,1316.6885997523998
0.0057698276048491525,2.0027297844963785,7879.016787996277,4911.365072676871,240.35796431811264,2217.4086970610233
0.008026784531568548,6.079161071573834,7804.3401633285675,2701.600812694382,275.6623967436313,696.4574169693018
0.00783906257728067,1.0452810512461932,2254.8738594430924,220.70865156500383,75.71697670728575,947.9024258550945
0.008009103742800444,3.0481563368277325,9978.499872000704,997.1427525595657,252.79493164226074,706.2535250251673
0.01045511252941843,3.798608023223594,14797.513356900707,893.6959083201776,173.5043205520157,756.751568237639
0.006304982982432044,0.9082874942160893,6841.493128715393,7379.4787834029485,221.39248812098913,4565.843416286276
0.013057368720935875,2.5303952690192735,1840.1447124296642,917.1255484970122,49.87257151227328,2029.5372416238174
0.007980758414202722,2.0186275090549044,5844.801297467122,982.656333540959,179.4112158953653,1572.3015247622266
0.007979090124676496,5.900858166505327,10044.542952072961,2014.8541745559953,211.49610926360373,654.1782518795478
0.004048665380729092,0.5019876475530274,7836.175621909981,4414.970125544954,160.9290348155479,5507.013019244269
0.003912821827248298,1.4930719891325996,5135.689429444503,2906.4972291290264,61.86729619100793,2914.806323947216
0.009878930928320404,4.922331878064634,4942.078102243491,2898.1779548414324,243.96552431751257,1082.1973766715296
0.007997007031184876,0.9976746721400086,13431.045654112944,992.135387908138,191.68043406818202,1951.2633947368424
0.008075009719257186,3.004076263945745,17544.320897507172,2008.8774721461962,268.3143627938224,987.7620243527773
0.0057677954770300735,4.887407688608714,19532.791892311565,1493.650459793015,218.99769228895866,458.24823564868456
0.012539813734604433,1.9194622612350933,7035.260842485423,3831.7728358749423,183.11480997927134,3210.8133522747876
0.01086277712890776,5.941067161360984,17580.28134327122,1570.830152898788,239.88785094667898,645.1979431688808
0.005806198098481515,2.9894282112484163,11711.262098276587,1512.8533142473345,235.2720138110831,696.178165128865
0.0058572778151069335,3.966879820045107,13783.486932979571,1504.2932518905327,318.24356256493746,303.02767811931034
0.012621271672359626,4.80281332644231,6835.496153930436,948.9198994595668,267.5265364018353,709.6071295066471
0.008073119704267098,0.24259326449785912,1005.6242060838377,4968.161780232635,95.10239257272337,8580.883062746489
0.01054387332702574,5.959977212129119,7726.822708198114,1523.2667932996667,281.29795003167004,575.9137914237319
0.00994958697452628,0.9533889892603948,997.6273887148649,1263.8326134297324,113.95079904613439,3463.389972837898
0.013163764211602586,3.7293533969969674,12942.637972678775,2058.891932930345,308.05528010152284,797.9295639401604
0.005730971258486501,4.014434398341247,15310.638967413528,4971.4255659355,202.7880834611671,1749.030942049999
0.008198688288443447,5.3692980565506065,14834.313287825531,2004.5060280776167,269.2870750207573,564.0501812789682
0.009896373140169923,2.037966505711744,1086.8133397072486,212.61735588402587,148.7265290465501,543.77462489957
0.007861566302277714,1.9670720516916824,11711.344319364944,2867.9396942334724,277.91955773569646,1235.4798098178437
0.008041876768023974,1.5981946290602513,14579.245976357135,3207.07122511857,302.79919954706025,1524.150269430843
0.005777589445614815,2.9048903174222,17527.578247963836,3361.1074796749053,75.6304371363508,2274.48125476972
0.005894818557570288,3.990163314582291,17479.145149291493,4986.209132841416,134.98637155662183,2239.720944759196
0.009441496529005963,1.8408491433407288,2765.834133750502,664.7828278751551,90.63100365655599,1682.2279777839844
0.00784493098223981,6.026662832272518,14688.329741791818,1507.4321742182476,217.03229530053935,506.05356546903903
0.00987342721798011,0.9754664045171003,2885.8098802364875,371.5309827163254,56.62484792190896,2006.658364597002
0.008092058708374022,3.7168127647968956,9990.626625046656,1260.3022809820457,210.83565962114832,810.4860151844514
0.003972643578946609,2.03985548682411,1467.0597258106484,1231.2413642475617,57.9487586391208,1017.1330117677933
0.010094694003799505,3.7371674520751417,14873.949422040216,2474.3376565075814,198.051385702149,1472.072845108969
0.007710649482707785,6.963569994548727,17725.191107136674,2766.2619879341655,338.87381909235825,421.3718218307519
0.010039878437696388,2.011432362700755,7057.144426889553,791.2576461070272,272.35690874933096,1160.0122806980146
0.012766906164799254,0.9773722388187969,2482.739338932798,734.4716707877935,128.8383723775192,3492.4572741202323
0.007930763185957559,0.7771721477231133,7688.429026598282,3943.4744970724983,243.28305284908143,3397.8630139088764
0.010090049927600367,2.003180112636498,6981.126324058064,3203.771881775672,262.6966072547366,2134.766368568551
0.010096754844244507,0.9891643109959991,14152.180689002595,782.1473552477503,193.82470960149783,1857.5207439741787
0.010709547415272943,4.04236504965569,6834.269575651782,1014.7454758212643,261.4011380007073,778.7153243489729
0.012737822374518436,1.9042034863627362,6795.43610373966,1322.4581417324716,206.0069517316731,2120.190457527406
0.014435890104067269,5.959333917131711,15788.297700699779,1643.4145703862225,301.2886106562797,557.0535332518841
0.006161926613323183,0.9019124080449668,10143.571480573084,5483.987758303503,160.18698822227728,6565.662610192878
0.007909867754241004,3.032926462745412,9892.768407007241,991.7874509028726,277.5087116669375,629.273377245667
0.011139498406558649,5.969768068358252,14669.271563458975,2182.1623066950233,206.37852577950292,913.8002838967327
0.008137683424415993,3.0271196924376227,12086.52827213203,4020.939717087686,221.7610961213232,1759.8687596527618
0.003975760457136732,1.5003840961982289,5173.199384894865,3690.2690511341666,68.38915410442637,3303.4019587395096
0.010029012489189174,0.940414735544787,2428.193145013703,270.05115518967557,39.374925404707376,1577.5685060315066
0.00804528244312974,0.39201366063738996,1925.4330755413134,4834.084002508819,121.3992838076935,7669.090355911693
0.005763840397440969,2.9705770668290854,7908.551604618724,1488.061924029985,182.79386134603573,980.1192149627104
0.00783507969378213,3.0077009094705316,17450.716631987565,4080.010693411677,295.2355090467261,1598.1197780829527
0.009902763148763129,1.0023989064815035,13844.116111708667,590.5819702063372,97.58509568265984,2023.5114034233823
0.008028623711066638,2.961579733951035,17769.750614496475,499.31747777560173,255.46046512909612,346.8070326306324
0.013361841254311465,3.633204784212657,13140.851285473276,1996.596552429513,276.961867422074,925.4361002112121
0.010001243036341968,3.024999612121058,11985.396716010171,782.2505096550973,312.72950302902734,496.8090739248656
0.01005096559942593,1.5296095267827208,4946.623872239634,443.38173387861656,96.92227149365175,1501.0106205181871
0.013332337345720648,3.666388782439176,6859.926180523032,2015.7081265631637,280.50194228377103,1226.2444571355893
0.010072980975253339,1.0118131129233794,14139.43878266349,1143.945911546947,190.92780463487077,2293.0249025175426
0.007941967176310205,1.578089797095029,15034.5003715883,2201.711627406312,330.6758991866967,861.4514860407644
0.007864919787855577,1.0041326389090237,7060.143855561253,350.4521753310459,60.19886817741612,1507.9220033652987
0.0079233000292261,3.0167211596951344,9856.483961140279,977.3552098961845,269.9723755224643,670.9653250444451
0.007927476232564087,3.4678708683480983,14784.10973086275,991.244022635746,266.62592291788167,468.83309034839004
0.009965572657568767,2.970796815289457,17850.483930812767,1333.4213669829633,332.98044596432885,528.3406534454543
0.0082220149267861,5.2994888787450645,11879.718515804441,1004.610544873606,57.02259938070044,710.7405143512692
0.010836934510020919,2.964902102980514,5812.993620210016,1507.690345299734,219.9282566742995,1428.3545932425197
0.008498601927534578,0.6049278526355144,7942.07650918064,3246.7571023596843,216.09911247050943,4408.353144314643
0.00785267692533808,1.0013833714068037,6938.880476122353,2061.142311429108,272.8775935275577,2446.112787630326
0.010110692894559641,3.05122241026649,17982.629657505502,365.39794619029243,258.4975958351439,331.4120139573331
0.01083842014244858,1.0040026301931566,15709.304535419476,1993.6348238801495,160.52011488742687,3794.211666370305
0.008238411423590003,5.981787826436477,13771.148149599672,996.3384802924988,48.90952114245142,623.8891867643945
0.00784325798799232,5.994357734361758,14806.729322397527,2987.383681098592,180.77588382661088,1031.6618208803168
0.009975890961568298,5.007549737178945,3013.576507014013,3398.9816441326484,134.31334451117354,1817.018490688116
0.01327492755469307,1.7478633510023112,3448.4692763689322,333.0383317992164,32.00901048338815,1463.617474629516
0.010152526097404886,1.140966632099516,214.46904961154922,410.9650702219433,33.48010886106695,1228.4857235666984
0.00804514564255951,3.0141059780701616,6862.07097635192,4026.510636935882,217.97156085137314,1821.7576713758094
0.008019256685916354,3.503330881865132,12898.264204560266,985.6599773117116,318.18241183081756,345.54325112021195
0.010114330794446333,1.9867952448102808,9989.927439091349,3328.189331101253,222.16347740482956,2413.6292270930944
0.009792121874396724,3.4515040331817683,8988.912086219154,722.5115842478634,96.50069524605757,968.6033403538753
0.006174717047045716,0.9039677563997511,6784.166415999601,1640.7466098970417,176.88547065987873,3071.3352314761078
0.007883235474791533,3.468833380841143,9943.878360395302,2019.0307472579586,124.33929802578214,1444.6627024960728
0.009963620130916326,2.942141730876682,11798.215978563157,7156.865784873187,226.65320893181254,3284.226944333559
0.007972388308701622,1.5780248608212133,7963.829965620779,4088.6951345748903,269.8443026927424,1979.2995235361943
0.008187257984169869,0.9923828528411321,9810.08308685387,3327.046093857016,279.8131152973154,2130.678893339456
0.005858119687485508,4.991105530910451,17502.541864409723,5035.430698027111,115.86440882079698,1925.0493872205143
0.009915733520278318,2.4588935417566145,4483.763107842387,1556.2296631658983,105.62823697242604,2340.2904572512352
0.0080572281373446,2.9768709679571734,16042.852894698412,2512.3199684881647,243.26305520572558,1292.1670445720865
0.007910023887124293,6.070526358447513,17988.567102587458,996.9898428473318,199.4724583885875,416.7116553725718
0.008006195939438757,0.9908848851851606,9878.219427809188,3959.820205619008,199.92079302392725,4252.777968727472
0.0059911270398083855,0.7925949685313893,9915.923570798415,1604.9448515883648,286.7642721777141,1789.6700324111457
0.012497407996251724,0.6267865013728063,546.6666187598468,99.56647251950238,106.70765067372506,853.0933305016628
0.007667968310402079,2.0932077407130794,13700.46573208724,1557.0987529542413,303.36973866056286,807.6625985333495
0.013197818024085843,2.513015404042568,3384.0943963865816,332.50048749837777,29.353575189934634,1014.5549620496665
0.008109754089091025,1.5867212196420752,14491.705275441416,1624.5916938476719,215.3706061341039,1603.0032615814869
0.006050504794711934,0.7896029627181946,9723.05609258031,7451.15250913936,249.1110941042744,4759.6952424152705
0.0057073497233132665,1.9606262885399102,17427.000650875845,1476.3248498471505,156.43159559441804,1225.9282751395183
0.008182025685875428,5.415432734981364,15026.29728864296,1507.4578998174334,137.7355993299722,765.5881957895134
0.008168668021823863,2.001584225805945,13812.956046688381,988.1888929814448,328.11041252491555,585.476973538264
0.014825649245648321,3.9815123309124867,5036.157742587567,1625.2967570883184,216.4520174527691,1510.0906141447394
0.00926588645243977,3.0812552986692494,7053.7514231850955,4101.15118662613,257.9327468574611,1735.995312161358
0.009949103561946926,2.0154870151141573,3014.6955638206705,1514.8832274926663,212.89982303162034,1773.5496332456664
0.007698322261558622,5.980953177962945,10079.815208798997,4032.987877881006,275.49489261629054,832.9536763090963
0.005753660036682175,1.9590563724084644,9720.596538764827,3418.490471102796,260.96837338738396,1518.91955561264
0.00989424632136947,2.9606964277893635,10106.824205138098,1066.9542674295676,202.4176483409734,1027.2336991255922
0.012974765246933619,2.238403123731115,2229.3873370389215,289.1604327914789,30.0876011831539,1008.0390972846972
0.007872482165661035,1.5836091137894923,12889.156451137911,2499.7559853641737,319.18185815895794,1030.0606705653065
0.012551928241463036,1.9080229637689667,7006.218477103835,1926.989507192602,222.54398316186922,2261.93330183972
0.007704786871036231,2.652952867264946,14706.037736742172,2385.1791475633204,312.86849167014725,759.3886183821905
0.01004573682444131,1.9962890951081407,5044.532202449195,2344.1560407225015,145.41654545148495,3064.6348460646072
0.01510162283351697,5.999626644105232,13738.459894487874,1025.6953176233774,303.3367092799637,453.5416221861185
0.00962147299576283,1.7132567835124275,6808.079588854355,2014.9158236146186,277.5000316254117,1977.8639562659273
0.009758040028303484,2.4792728191464737,1132.6277924941835,219.7274304370351,41.234908166708145,528.8467168712953
0.009375677150590862,3.103445516560607,18270.597230272786,3023.5939940875455,294.8521286215031,1363.311456315578
0.012662695926250266,1.9187194130480254,5144.902427453077,1901.5347151289159,202.56915883878457,2605.588208232306
0.009784741000781617,2.056892187375834,2921.2628766295957,405.008160688701,108.0451658445208,1068.9889844920092
0.010069791844820179,3.014694143083093,11789.64105405564,696.1566069044477,219.27438047553227,699.640492506687
0.01008743840798305,1.958810410988108,13846.761191129695,2626.9254979872826,129.16858142104056,3264.7066519198347
0.01261043392695842,3.7186313982031014,7036.271241705684,1974.1566761662618,249.32701790955525,1377.3052146908187
0.007819628814490182,1.5797965814195536,17752.508942063057,3996.811861808992,339.64075081510737,1558.0080496202468
0.010183752878619645,2.977147394358755,15796.766605087614,439.6236330783491,247.2176060087932,394.12491968772525
0.010007202960918397,2.536640854445988,6957.169976594535,789.2381900447047,124.54077055946905,1456.5502784348525
0.007906894724520155,2.5417109155987108,17741.05793534912,1624.1513987435517,230.72405304369863,1050.2038965717609
0.013029648738103757,3.0240201373963607,1877.0956927789234,422.9115685955019,44.632492397116565,963.7364786452272
0.011135409979013852,1.8376078497490078,10311.921140946062,2059.7440673523497,305.49263707811093,1194.5544896081087
0.008092059940941468,3.9848294816143786,4999.566750992844,755.5046880449311,162.37003858787693,753.873772397953
0.009915704873497182,2.4769910577923224,7022.638497368552,1426.0235001132714,192.80531013580173,1808.8596544239174
0.006063225770438909,0.7903157982378141,7992.790440671725,7458.643117544458,280.04611273447233,2911.242889178314
0.012961731641654345,1.7592521943728252,2558.5971248288597,782.2487501012841,69.65685541712446,2465.3528367768413
0.0078450449955771,1.0002489808505333,6839.724174994486,988.3917185205548,253.12385033509364,2305.224881109035
0.009970097876183791,1.006865307661707,9854.6545491359,1363.0007739054424,120.5044110920837,3643.998989819895
0.011449550745108597,1.856446599036797,10371.84820059275,3354.6195948061722,253.4070574517413,2069.8814377032804
0.015080288569696542,6.053159682529585,13637.871718847704,757.7784786797828,303.804824814707,369.305994709366
0.007961869018765291,1.5544110536832634,7786.070766348275,5015.378148421753,254.8771286296012,2195.450969882575
0.008101134115725479,0.7785396711613409,4942.207459784452,2212.386925960061,138.50003821573313,4418.8867207034455
0.007984470978782453,5.961183893671361,13641.712091799163,995.4485111056231,103.30168087903367,531.657338534734
0.009977370105820931,2.026791468687543,14155.49417881738,2653.359905126388,119.9743524993377,3307.858547078249
0.00807634332045175,14.940280835658122,13795.526572663797,2820.6958305759913,292.1160246424791,257.9518279385636
0.0029954288430878453,0.4995781991171544,5037.110552771329,2282.7485000277484,58.793439524749516,5083.98208207367
0.012027636107548029,1.0067868305296925,513.9314203401065,101.26546693743443,70.16732975347978,610.4268708695843
0.00921618756066136,1.8499544108074237,110.46540497764266,90.81916764314587,71.40262376151026,278.16224417696986
0.009800262067604308,2.017977998714522,13820.670960074984,1325.3238398502613,178.61130112993416,1567.7723923915476
0.010792474697422987,2.981880171110905,17456.66853110159,1504.9985002733035,222.35326549553696,1142.8529106902579
0.007842705409366714,0.7945754065578622,7820.234980852387,1620.5121921427237,190.21380694906378,3247.1782662074993
0.009929926778284252,5.060306411477945,17657.721143669583,4588.871441107974,342.23665108019316,1108.9722698020796
0.007951131025967211,2.4332593825747852,17827.18363613016,2693.0370777427574,313.1053496672463,1164.2640809674199
0.009669797276027623,2.447672321949224,6955.413511300958,1437.9768386332876,228.2223690674103,1512.4586056991586
0.008041772068646381,15.034901087908795,13669.687573694018,1515.9487146675121,241.8914106877615,185.41292492425904
0.0079240469634894,6.024416339741584,13683.426318276086,1000.3881479828913,288.46311966889607,238.83738881156646
0.007965427774971836,2.2100829135496975,12686.204410442127,1649.276057286175,234.51460451785061,1111.5990507493934
0.0060425273383393294,0.8212292470169652,387.8192292003048,98.0993741186599,57.28394509525638,349.30682055596054
0.008206144645888569,5.41011903227766,13950.008906070747,1509.3416243644667,182.9355223999424,672.9424510536876
0.008058662741702928,3.018464472737135,13617.880017412968,1978.6220731341762,240.59524753497612,990.5794117003776
0.010066809135883517,2.0163766140375956,16075.835620272053,4727.260357466011,335.76609730368835,1633.9801994164943
0.007106943193761684,0.5557820147015644,6991.142315348655,2401.571595874305,254.97625896272368,3634.442874534832
0.008027375377747916,0.978682434829411,7031.732738795139,1026.5631376427818,244.85810971618895,2117.8862920796623
0.014327891654897663,0.98063451954297,11035.070327296778,2039.7018729700144,284.8687915519884,2220.593188338374
0.005768341713523171,2.9599382970549653,5860.304703700166,5020.499418113941,119.97420683874692,2596.370527106416
0.009968196593375427,2.4879127309860545,1433.0882294486178,224.86427985722574,41.352035177758744,522.411012270125
0.007964863382874538,0.4992807111396422,205.09308771536044,149.02599670272517,37.827563594654166,1002.2319972132314
0.005673453914946889,2.0386012676569147,7192.442431130658,4048.9693190150247,255.67994680863993,1854.6133824938781
0.009942509204092693,1.00771032998088,325.5332622676533,150.45770818895915,32.254057712382526,767.1902248268094
0.010000614365271842,3.0464195561159975,6965.714724172928,276.35804848416194,104.19118708637252,513.8077511964958
0.007912320873931743,2.488487028893837,17501.646350133455,1600.9189181783906,290.0188082443934,811.92042199517
0.008133436472095067,3.028057448904478,4988.605691723487,2494.6565101411247,161.14234433633385,2008.2813087554546
0.008059605169221388,6.009117356499967,10012.53296698241,2461.295072802817,213.69575948569565,790.1151687285795
0.005999664515919462,0.6741849661674744,102.27957784619221,357.83604721446295,29.038824868589757,1411.369848256565
0.007890697353180988,1.5725814084430694,17901.701802048497,3201.271655868448,339.67921714230215,1388.6619697032465
0.014687166639879453,5.9736959518716555,15580.157854066147,1623.108515823158,281.3629547366388,612.5344351093601
0.009439128370649986,1.8842070941841682,8339.30028710492,1390.5570932137155,259.54086376566914,1546.42466092278
0.007713022167467313,2.0819540575558397,1075.1155261910342,285.21503644462547,103.95570186479418,604.8351880120657
0.01013193468779937,0.6103425856671718,1223.1152504629008,605.9979458017496,70.64190540317458,3842.3358845386797
0.005810199009447568,1.00437168287883,5926.845176538215,1466.0073772783646,98.16301912434311,3338.6123227169546
0.01104490542419915,6.106740077533811,18176.86859029489,981.371811491181,218.22580845282727,449.73850794613037
0.007976911587695463,1.5829967474706739,4927.809551690047,4884.42551501833,228.14091169382715,3017.241602845422
0.003945904309812341,2.0752430873037553,1153.9095961778733,1310.5649220298308,57.91408984011902,1029.4082852969584
0.010633456965473728,6.003106470539934,11780.128087758972,1508.3614949720077,175.0104663901749,781.8732749700422
0.005915217454832681,4.043954693612674,7990.601703988299,4943.368602043494,199.92162387833545,1575.4451562171876
0.00986871113644001,1.981215691680869,10020.119888618694,1718.7472629077647,139.22294088883768,2253.0520091560825
0.009958580315850929,0.5920828204428533,2675.9898820275666,225.38095029389402,40.905435542553775,2033.797563389994
0.00581858728179136,5.9741596977665115,19516.200257734803,1509.7000125076336,222.46907135735202,395.89436067099103
0.010022833398257646,2.004617884052395,7046.295408852675,796.6502948356987,67.46911820507742,1941.884957089409
0.005806422140038017,4.004456258972899,5867.786235090117,1496.4953905985467,139.09928291496996,914.9161216915967
0.008298743849419525,6.047166642137659,15685.476317335233,2756.2760631026517,266.4429743544802,758.4372843321837
0.008095157003076218,5.91298910522342,13560.782904933245,1012.6021810498788,237.85418372368528,346.49649042338433
0.009264402596031495,1.338642899400201,7169.123520099653,2030.6975566559472,279.48763667862886,2180.6415381464944
0.013052900246159772,1.5112504958686634,3604.002463746354,291.89876345995674,29.478050627686333,1469.685814945426
0.005994045869620364,0.3011311154556655,1043.0638886206334,990.2670562866933,25.476586157225533,4270.986170513514
0.008020635103318968,6.108216137942431,4873.856991325092,1548.5473160124889,211.10013311853973,630.4131445219731
0.008095724129104016,0.785634547405362,2944.0258198314273,2166.2098579744857,170.70519998221272,4467.599082577948
0.008015884324446408,1.5891766959762843,7829.204588745726,3240.8894029505955,283.20500478792866,1906.7448383974738
0.01364729381292138,3.6808256488152415,17822.81069892591,2008.0657539827162,314.524781494578,1067.0044156789331
0.008077654299196628,14.91598243905287,17364.607295303605,1989.7278295765361,299.06877171450594,206.80402018301857
0.009904245604371193,2.0130804678673013,8412.673418878541,1343.3346439729007,161.0102064944136,1919.2741129758513
0.008016171589020807,2.470751365641287,14740.46822382991,2214.093006294292,288.7947228576821,945.5911574905053
0.01081343389705436,5.775258467864056,13503.849071502991,1498.8115057950556,285.7190335260808,482.335733997268
0.009762875525189368,1.998550908571724,6964.813730295529,6152.901274883802,221.29366160339484,2842.381074508944
0.0057342953507429975,2.015226937368036,11704.338393208613,1486.2271665073579,137.45681337129557,1375.2677920812123
0.007865772523360836,1.0086711556421324,401.4993109773562,98.69868665778463,38.100566146445274,431.66816906224096
0.008150554592244955,4.910551539690145,15720.804032527816,5011.85607148629,250.09774586453082,1638.0176768663998
0.007877869141307916,3.0091799720353047,13877.858370289527,3959.447710704423,197.87725813233942,2078.430709253944
0.007922811089375934,0.3917774173996124,2473.0385264000956,4723.097988792545,89.37463673029728,9299.230431092476
0.0104344733977339,3.825863435039711,14593.305129466178,1719.9831908697536,270.78119592235896,703.7337204056909
0.0077856315118987746,3.0050542298757583,17579.692493778617,3953.2579544531714,260.1838020293216,1977.2377575542448
0.01319809987972574,2.766175007107054,2035.6355765764959,1054.3886040960315,54.20855631040349,2036.5677747445545
0.0077947396115340874,3.1625313026668698,1398.644684759489,1068.841384236175,126.75249423080888,853.2976655471292
0.005814349570844711,1.9805740596671166,5899.047025939433,3476.850131406949,220.34314940676055,1960.7325990340426
0.008173571339893621,5.294172090684905,15488.414088528354,1016.0296713481536,99.06109240603358,608.122784789253
0.008091974272592518,4.979955777490194,5069.553799210134,1515.2951676613336,257.8001522646776,641.6343086362176
0.00919199507304613,1.2276947827890718,192.74038637381375,298.5200464468121,89.24301343261416,836.341232638645
0.006910462170800102,0.977237283087022,9838.401949436093,2359.5001647470003,291.3082228528012,2155.9235535346843
0.005829860334849024,2.99131544837505,14983.867414522081,1466.0790381476363,284.7550009348943,540.4792119712997
0.010682627730867443,3.9985372670142034,19352.71230305761,1015.9494707613171,259.2369447139001,550.34121764651
0.013492351813075806,3.700337779218073,1717.0039861077175,2073.359111449275,144.8046880188758,1837.3240879911423
0.005995803941504831,3.9906956752878076,17310.077486209124,5009.429628723647,325.08388571153404,1052.9170576462136
0.008065437177910102,2.9702128982889264,17625.465174644247,2034.2057825599336,333.4891370449066,614.3264222303311
0.01000282002900656,2.9646076721630985,2990.9387071835645,3012.50832544535,214.61577427626443,1828.4200752384315
0.00785844131327686,2.001620870885229,11937.191391168468,990.9251128687166,241.47536445066027,1011.8713361544553
0.007891530469379559,0.7783720775866296,2978.6330934102552,2244.5465392527835,219.5648121768021,3930.6810029332523
0.010730979601898142,5.836908692496663,11691.090196862951,1473.0881073225898,282.2195781165335,459.3150042099274
0.005869716635911865,0.9996014268374058,13548.17846870367,3320.603216707222,279.77586883484355,2210.2312988164635
0.007870005997949934,1.9785739978093226,13733.546816114569,1998.6587957842942,219.13721302501048,1583.8940812867909
0.007900921571537347,2.9767685862960342,6887.176178212572,501.4302648462158,220.67385314999544,585.0119302349395
0.010830116862062707,5.958504349921848,11860.147263369701,991.9395638876156,238.41668145520958,439.57396946694735
0.008034638551283491,4.018875047052387,17737.48717610864,2832.3527007476623,280.28483674311417,1026.9360822937533
0.013144584056264544,0.9478842073231399,2564.5037865322915,203.67480797383632,49.274542602630234,1490.9382043926491
0.015336954304369932,6.023931288195608,14819.730850874113,771.1587171410862,243.23320096281668,473.5085611708586
0.0058910658019962845,3.9694404986550507,14817.842040701458,3266.3454376216437,302.7472965630665,683.0073819004265
0.007844710461736083,1.5575393247141032,2902.6816735200223,995.003239143965,134.9426263199801,2050.4191683906697
0.008097251591301997,1.5521218188643542,12606.487968347674,2215.394785686844,199.28252405458196,2137.4612758402013
0.0077636799220968215,1.0066711649664424,9768.255422228576,982.3711180357036,142.83191180078236,2360.367041421387
0.006034552405593259,0.7879980507811957,9855.643752741136,2186.812164365662,203.8528341366865,2926.7321610351073
0.007954364934703383,6.014180138414309,14105.4114625614,1496.9366020152652,323.3436188495921,233.4737269013911
0.007877362540597519,0.7894482423479015,12604.663564619876,975.5322507437887,128.5702080845637,2449.3656266999674
0.0062197063855928885,0.9069246810181876,10389.543235974563,2748.3026150663104,119.10375877618199,4308.722657156157
0.007817495529178842,0.2509505691464875,5948.646291814651,1531.5619961778727,98.47291929506137,7827.3593069690205
0.011181666242424206,1.0003675880438043,5837.842560565242,970.4498561280731,98.39729394944911,3392.9601176411593
0.00978868580386381,0.5963340382151624,2413.9414293669824,1029.2519995405466,95.01185815844912,4906.333723651922
0.012895734319937253,2.2650359967700235,2584.5508020565667,492.9945574324778,38.853822113798394,1499.2552145330658
0.010529593466347548,6.0026638846165055,14533.974666579727,1547.7690161212518,283.262668725647,478.25292602358104
0.012592409450875173,1.9378180376112948,5312.431065124945,5501.372966436001,192.30552427423765,3427.6390464977144
0.007962515484860416,3.927632332577155,13800.763562783697,1507.1407365320047,306.47137086445406,487.7643374579899
0.012521191895230254,2.7778653423673583,6845.823666663751,2632.9669286307176,269.4394264135707,1702.7387039933124
0.01097828455844567,0.9962474055812401,15450.440412221593,962.1759463000512,260.12026010768045,1508.3152750129364
0.005978918124569841,0.9839313918320289,17724.65578580172,3407.7813010330497,317.5845427350035,1930.928227428736
0.009884740953368254,2.0528597600172893,9877.57566454058,1063.0548447606877,198.37823175046955,1516.6575531448557
0.007974598697535872,0.7801673318846605,14669.298038306966,1017.9700161058787,290.6809768374173,1292.3474407039348
0.007962100161714614,1.0063231077602015,9723.600035591266,2031.5681717191155,154.38975122731333,3448.5313528963306
0.009988944409441375,0.9922472072851657,14059.920699209633,388.20821675565463,99.69523342837465,1502.298693672486
0.012781156231997427,1.9324298348812254,7005.271979489705,926.2275786396042,229.77491246168617,1780.153801036511
0.00805840097775881,2.004138796267335,15751.835093598997,3336.592361305599,260.73190153537683,2053.9405261141887
0.008018405948620504,3.408413314934244,3026.6320499269996,2041.3717320717074,224.24034787688092,1017.7826371949669
0.007801651903748186,5.891565827116746,17911.89976752981,1972.965819969022,148.7708284924607,848.6940533277295
0.007917308951227392,1.6366598929614866,15348.955012590553,2827.758122508942,284.1171304389108,1748.5515050515494
0.013449756204505182,3.6706166894183982,10531.90735726575,2035.3900492827934,292.95917108292724,1052.8940204186513
0.010686840969120748,5.810080067081468,11859.773169558743,1005.5747026590153,259.103612723283,401.8237582224198
0.008147870857342197,4.091469055983824,2946.0014664734426,2005.684155726716,134.40290802159555,1361.4520714362648
0.007990322771081294,3.45804159718288,2931.3183837354622,2005.5963894157023,100.38266506971179,1560.669927264646
0.014056875260002098,1.543195420835255,11126.429882559198,1642.3601937542862,296.6873821333687,1493.1914453148474
0.00814510468765553,3.032348723732136,9968.758305715144,3939.8293561961145,277.0549380080161,1404.7981457006174
0.01301237194155745,1.954548328892158,5217.511568383638,3891.7479731725357,158.78770036167103,3588.888377263425
0.00792174282953101,2.995933847042935,13997.373721644994,1031.365869049199,260.2750621610845,605.2471026079088
0.013116455289471302,2.724592904334872,3373.1908000136414,919.2545234215488,52.34632416373567,1981.1062133950427
0.009980734660255756,2.0205128249914033,15951.5115033665,421.75091325859836,181.1642038614644,695.6148096913078
0.005889454843856222,2.003972579810281,9822.328589500676,4216.378330266643,278.74541557679515,1554.28346716311
0.008083929563581763,4.998133272378402,12705.555875058964,1630.4063675734253,259.28653682036986,498.6662998915626
0.00587216446176822,1.993647792590003,17543.596692080344,1498.0326245641002,221.51704724999388,993.1987845746622
0.007825827603877617,2.4229749088417045,14644.804037647309,1023.2741183621097,125.4036925340473,1076.4794819598771
0.005825030515217205,4.080800333049252,9961.1983026567,3282.1269618046804,217.87245531645377,1046.1079821604924
0.009929869715599015,5.07638934484972,16070.53547282733,1527.3773750090152,244.99999010884585,638.5577494521833
0.008000237716910646,1.580285792136265,12642.572918575492,4965.747442284829,280.76346291211553,2376.2337891013167
0.007855303412933383,2.0949283999008714,1999.4696644020426,348.99584244419964,98.67936414795797,728.9238124485237
0.007741652945987749,1.0108910698527434,6778.107361019856,2008.298685289147,151.10108520712896,3313.012042176569
0.008043713910463164,3.4746276082138103,12648.32768272169,999.0297214984987,158.19472397140225,756.0752586450352
0.010858368618903338,3.9538639299001157,17573.793369918596,1002.358437290191,279.3287722921222,479.5556917016352
0.0060128428068943396,0.7887400613545471,17722.961359231653,4057.5751607113343,328.2285973282163,2301.3328324544937
0.010104282053592884,2.984671129468421,7949.882622970359,1014.7268542517659,97.59174658248577,1469.5372349121703
0.010818410818251224,2.97555326043317,19774.078420910664,985.113202780195,300.3869965748285,550.7502559529147
0.00791876577722458,1.3984043883804709,105.85455160913348,143.23800069117218,32.09499960847749,414.8114403468508
0.007957318538652496,1.9665743533203968,12770.473716798657,999.6039818540426,214.59375556426093,1031.7225667649807
0.006184667226680406,5.484329867504836,6884.746692060215,2607.566263702845,260.21583669204307,658.8839943071914
0.005744008685823411,3.9209942030025915,13726.79493809959,1494.5563105567308,235.23035224986566,516.4457211645768
0.015263991497652512,3.150183147242877,4950.476782391531,1522.0864452917474,250.07708299404825,1529.6635681901678
0.0077159743649172245,5.999278493405753,13846.061836227034,1000.9032018259484,311.778638696957,220.04254621930014
0.010942219655634692,6.009048950491327,15018.68675689249,1539.1225084755436,195.6612265265554,674.609823560991
0.007963841083127665,10.964325424416606,9647.425437698079,2001.2294589202781,117.40681692736051,538.4949269176362
0.0059365802044157,3.878256321551924,10039.845034399379,1487.1727368362976,179.90105058554596,702.0127431579592
0.010877324905158343,0.9862423554880558,9656.015896643476,1527.1156431879035,242.87249731655868,2362.0761600465203
0.010000842879379346,1.7644353289482195,3140.5832068973327,295.9675892094049,60.292595111460294,990.3393270526145
0.010095678389142018,1.9813282728417756,12081.974949912257,6570.621944044535,313.2021843950263,2139.7472374879044
0.014930830019604921,3.1723397015947756,6611.093112736047,2237.724878695296,255.4168907465968,1508.5441456321084
0.010835400219448848,6.059481870740852,11882.640930345888,2033.830897429368,323.6278317862874,393.2075590140937
0.010421338067796283,3.7612194724109056,17528.471953475328,3453.285032956869,325.2796173937381,1039.3153641913862
0.008093013299291699,1.0118435382668574,9917.879671999823,2041.141572776586,77.06122433498417,4162.661465429851
0.013173524067270861,3.044416393431642,1486.0485216801237,815.3039004855113,45.003763488092595,1486.8913309921486
0.007980035047678047,0.9959263266638689,108.70373826015388,146.29889222720843,65.91348581884178,522.2831897565995
0.010982142398910922,6.011959745065575,17880.672981639425,1026.9889857068717,290.3505594751512,325.9532334082759
0.006029064976773253,4.8377033128575455,7089.276512644701,2221.0815393910516,223.36789013875045,644.3637965525547
0.00818250107921439,1.6166807214930645,7832.586894452526,2707.6725673668757,230.16228489300047,2170.1528638097016
0.007913655760905426,5.0122758759762,12477.328451075313,2697.6304745342254,294.81114308015844,563.1989448449523
0.005960006136793852,1.0099018625714833,3055.262114688178,816.064673755108,81.14709216527525,2511.794558742097
0.00792882911355448,1.3767664446983274,3018.5296972611145,3987.0420737853633,173.01211724247037,3658.7994436971003
0.010852207961153104,4.042498575970326,11655.683078119857,2767.801771000802,278.87426935469296,947.941351729945
0.00807709786978127,3.4070688403043548,2978.067552819781,1964.9004255549614,83.39010856449973,1663.7732376515628
0.006247101652359936,0.898940702262319,6837.295192040608,7334.1045137107285,222.7010893034615,4646.091754435149
0.008036004334891652,2.5499395067014405,17647.966651850344,1609.8080444214531,181.91692344145102,1235.4802535973974
0.005801392554105269,5.03144214751544,6764.81962590781,3265.923395812448,243.73417948283463,818.0871706479289
0.008033202596580191,1.5747615590820878,14667.499747901997,3184.6365328720517,308.4229409353018,1443.3766939222623
0.008346625836334982,5.2446643969702365,14600.68624029361,2011.7300492941713,299.63530728051524,461.2691566956666
0.010173393085375664,1.4964353402276214,9038.027196286817,294.84931265734645,96.72930982953893,1053.2891391146015
0.009932409748623059,4.998648408104095,19596.34398987481,1405.249691127719,262.0494498230626,600.5599245306081
0.009798813684920788,3.1569870468097614,2591.5688104253422,481.7724821139144,128.6640245981175,790.1594745624726
0.008078930414303366,5.059681077122445,12720.660188186526,2725.274118280649,269.15930848574675,692.984925020364
0.007935996619283537,1.5768035430032856,7952.902508881496,1068.1778181406125,194.21585449770166,1831.4291143232042
0.012622025920598728,1.9482638601788422,7174.1314895445985,1350.337581797301,156.47724685514032,2422.5117877525404
0.007755354436659175,2.0256183461832147,9857.543412581725,969.7569256448755,38.86979682669646,1699.3081445435148
0.010791358923858378,5.080472472920907,15842.10591525244,1013.1057481293303,283.3758494794253,424.81356791143946
0.010072269468758492,0.5933588239123571,267.47645188655315,276.11964716424075,37.41722695445564,1629.615061673862
0.006013719658541193,1.0145343726487375,501.81431650656305,150.06402707503673,115.44857382079512,419.59647163213896
0.007877433896502082,1.5590815683023864,9782.965648708943,2187.9658518933784,162.06811138674604,2465.449458036034
0.007936830480649954,3.5134315376018943,2932.3548387764477,1008.4204557662256,123.25659413581347,965.8285919499958
0.007934377539081557,2.0032328110289956,13901.634011540107,2039.4502732476406,98.43640850099312,2330.266978784177
0.012799616834163354,1.9402946332354207,10290.814506295084,1374.1707965835692,280.9980626761738,1416.0572174930653
0.008031497222182524,3.0073518201704994,7237.354076101046,2005.1264975799154,202.20924362424338,1404.6038895766633
0.015391793848151347,2.4918006491285634,5000.7677004859215,2950.5211933073065,223.853823442367,2290.6528364109236
0.007902642450511872,2.000135012330505,13954.040902802662,2009.5768132255826,116.28034914001536,2233.7091388457065
0.010084694647296197,2.0235217557810885,13958.839458924249,1571.1604344146447,116.33299485932177,2211.5341445230365
0.005899213654009675,4.023722528566078,17798.082247206996,3264.954415290036,56.216815695015526,1809.9098014011188
0.007610566715313557,0.9816040103943078,17809.9792972284,997.078638862344,169.16744144153284,1768.5366896554867
0.005638996268619021,0.8645526941997066,7196.5917857817985,2076.3923637431776,208.79789577252774,2973.0950455113057
0.009958057207823626,1.9706575344775454,11875.682868509222,392.7097655625323,174.80439194744477,808.8708076760862
0.007909061223381258,0.9924056403225514,13800.26663914802,2010.7420073550825,183.53864793595756,3111.4121293348135
0.0059458652969119384,0.9877891369089951,1132.212109076535,1901.1792058100411,69.51308409129125,3810.7111170118906
0.01314459002109441,1.7593747991152067,2082.655259466614,1095.8773774317758,52.03929772416802,2949.662277234917
0.005721973688016211,2.043202624593568,11596.70099318229,5056.338189717992,261.31524971646195,1808.1852021469824
0.010156266276713746,1.9926841403189999,13852.584513704225,1389.8344517533142,111.65655535494678,1994.3463377750854
0.008014658923765433,3.0237594037918254,13544.627226873523,3988.629579024641,320.25324270650765,1132.4079807762773
0.010001875543365277,1.983596279039185,15855.110584497452,482.3397408791598,180.70505270367224,750.424018380573
0.007952864129919572,0.9922832178491543,6978.503491131582,1984.2135489247637,252.54428102319687,2344.233399099711
0.00806422138422191,2.994042110578499,12180.359389237992,766.6351045556918,224.15042027076782,645.9979503449575
0.015140423450396219,4.0459288024901126,5030.17431864094,1510.3153348193562,189.2063883486264,1533.462556617118
0.00811498132658789,3.4628007959216327,12779.457908702141,2001.867580660849,169.84743945680535,1146.4261317375124
0.010018559198423085,2.9628207812353495,15603.307989849312,1277.3579765367153,232.67996552774733,895.3491346802133
0.006023217832273685,1.3430540988126463,500.5983872551003,99.68329803487345,30.737316690206264,234.46765221563584
0.01006875602589265,5.023199635718873,19266.672334875308,554.5856339337963,263.1262876934559,260.0363455974288
0.012941960697093309,0.9493281687510485,1165.7325784742118,226.75626619788525,49.68093552572059,1501.2640992329636
0.008013350921245978,15.206362341624079,13637.600725021099,1990.6661434471403,301.83328702002524,172.12520716131135
0.00993718172812814,4.896523501478379,17572.030834844754,5394.7302629944215,340.5202275504633,1213.9649359918728
0.007991399100728871,0.4936484422766032,7884.921609876196,2824.8731511627975,268.2750177422969,3380.1936295671676
0.006197686582166394,0.9005121889264892,6845.646496533868,7330.454610085544,247.05339020024255,3998.3108952321572
0.008076928765372257,0.9916835388919408,988.1171523268061,983.2925904948396,154.4166883162915,2168.226466256654
0.007974857314833498,1.9974869338684058,16188.641389471264,504.8545316026106,326.9757657709558,360.7622055225802
0.008044351280004016,0.783232344968914,9829.843821103044,992.8361082239161,107.53221575592872,2875.3450617363847
0.005668067424814977,0.8761020851783059,6930.908707173883,1009.5259103474195,249.8981520356082,2263.5270022125906
0.008208338019783427,5.356543066823687,19485.285643633804,2263.0227026643092,244.2057633740693,859.9177852876027
0.008061172721597759,1.0039518414491617,11727.951967644281,2049.538631255683,282.1189406130859,1734.0563581239276
0.009919203044891878,2.996701918744635,7029.54854197435,1702.1603029481714,262.16802058450435,1110.9269351027576
0.005124923497022515,2.605274381850146,14715.470486286573,3004.6585938789085,313.04420465220073,718.6644251516618
0.01264408493730673,1.9210983582912529,6908.88872743473,1904.018879873078,247.11943727884082,2022.6017435192518
0.008074520555840637,5.956477228706917,17707.33858597802,1980.1577516619466,235.40019242152098,660.2246596838294
0.009895804848907565,1.0093934744039337,13867.106283027171,1869.4621354782098,142.54180517317994,3777.2643083172998
0.007943820214532566,10.848449583201077,9818.520088127365,2689.0476137292844,298.8485289627214,350.67255056781886
0.005836920282126788,1.9905175187685544,9613.664050102743,3439.3828265863967,222.98187471362766,1790.6686499905436
0.00930607725955949,1.2177964527163816,196.31544450712448,297.2932005661789,88.43798253930471,867.3393894631828
0.01076704755438934,2.0231116826430275,5865.960238767927,1992.072310199746,205.57825426644658,2370.638470166475
0.00796595399760047,1.0099222258933969,9844.674538423178,1027.4029936449197,196.41978772679,2234.6556578971067
0.004690648372735501,0.31844882731809965,13685.900005858863,4306.956321682377,289.45424916507005,4850.4939009116015
0.005799693487855653,1.003350083033267,15724.605414967491,5065.5992351463165,177.96779349675222,5923.875435732454
0.00802975171778822,1.5943217806122687,13004.028717590016,1585.273327804469,192.24452516441838,1834.1311956325485
0.010107740948007106,1.9777448998124152,9766.114801698492,702.6567991007172,187.60969450302105,1227.5739930908308
0.003965133007308282,0.49871389949874007,7756.948855947631,4449.865853016189,116.97833981310279,6601.104447258721
0.01087812502248119,1.0097269135870484,14633.386923719328,2713.714827493678,239.66547370527903,3572.6971716365756
0.008073243286573403,0.7807261120385668,9803.433172864312,1594.0220626296552,189.26922051625198,3036.1258550897846
0.010723816974689944,6.073344746764235,19494.86584487046,1000.6203154699929,261.0205681682983,409.1468937974596
0.011118836060302211,0.9825311397310201,7832.2693880104525,975.1256719423786,243.50311897740337,2348.3931526646916
0.008295767552297596,6.069194508882065,12008.528357765348,2841.398331075068,232.65090575107072,747.1590553395486
0.005793237213104606,3.932232197330071,15831.239371208814,3282.199137812075,217.21551765751957,1148.8961645758745
0.00791660202648308,1.5729742014473806,7810.367325807368,5011.280866433861,259.3088510394212,2279.286597750101
0.008021168506829709,4.95061665647601,12097.62428556148,1253.9624251246098,225.88089684217715,523.0770234273466
0.0038764898718304194,0.7881182878460669,7705.36541521403,7555.348276135906,200.1930011721075,4632.075633214368
0.007897787737578774,0.9927429945805076,9820.317438188531,3996.234760963265,202.89234268087492,3976.261240198928
0.012836707434642516,1.9282977520195232,10205.88928291089,1451.5710991613923,263.4225962577609,1550.8338010935165
0.010169010042781474,1.00341991158323,14060.108902535014,1948.0779382076141,214.31203481720667,2927.8987187688504
0.0080453703083802,2.001265670796379,7948.90784903424,2009.0030195099114,139.27007773390054,2301.9116844787072
0.0060547847778760445,0.784559870737655,7775.1091686150385,3239.419606640123,250.24206683495427,2797.4253754636784
0.008172189192964337,3.069262038531714,13631.163362593026,505.6592763836066,241.0631687097953,398.18415386177423
0.007820136039935394,0.2505383154156617,15884.853155108745,1497.658943954269,239.15341587906474,4195.851994584815
0.007877055495308039,1.5607406585620267,9806.004209637287,1013.063248804657,159.48240319574168,1621.167276654322
0.010066568011756226,2.531268718365622,7029.882834241272,465.04245973960616,99.33001793674292,996.5727593846938
0.0105918820821005,0.755054175078303,6778.460782512301,1430.7506483347609,112.39440388722667,4575.48257103337
0.008427794362056665,1.8244201393297763,9761.57881463859,1653.502139604388,251.71790018995523,1508.5131400949888
0.007963589402957138,0.9800847541322777,13751.642470409015,1059.7411689633232,212.85694611569417,1725.2965830039914
0.006008296845017237,1.0007043918392378,2071.9838759587633,888.0049945008606,53.910401066710406,2522.8606452962217
0.009875633126252708,2.9995622454203397,5001.634370386887,570.468245595761,108.19203899247881,997.3036462543491
0.009861836129813681,1.2489714354707155,2537.764514254689,489.2475965602294,75.15629887963999,2006.108595130321
0.00998376880240987,1.0047856650446383,10099.348243793007,1872.3040694274653,135.6640633331242,3847.2372726155622
0.009992373741136446,2.0311866434423154,10045.800450032699,687.5724248079501,194.49081995371338,1213.228918166387
0.0079469306586187,1.5851733481085324,18054.285018950133,500.5655947842044,235.34701413908385,651.2420490932885
0.007948264132621405,2.529044274916433,9837.801798666807,4055.4766434684507,296.93550287070263,1211.890866583885
0.007626325365559676,2.0440472198108637,3184.85539676946,606.3448625935823,101.17640958188943,1169.7799576609048
0.010718706036440583,2.9917435170462543,17666.40409433709,975.5550183520533,346.38835001179046,417.43124234834596
0.009121880089150245,3.030079785177414,7086.88461766574,953.2172634486133,276.8393627049012,840.5863143062533
0.010757735306911036,3.060281206303438,11732.371260480348,994.5772530292165,282.7121452794372,682.9514910222871
0.009900926869872014,0.9912962723636323,7818.514443718312,794.6257946121556,94.71416472135276,2760.4382082761445
0.01015075641260005,2.969137015340869,2979.5398510888226,1106.4785324899335,214.2882846625888,1112.1988877437693
0.015150109039767691,2.3831195606855387,5038.019943031674,1142.7083155622324,228.1707647437093,1787.9709812078693
0.00993678760495808,4.950964173555595,13820.78721321017,3888.9063082332973,319.71017771448,899.6860362542536
0.008136497908259387,10.89234204955929,17647.24553383251,2001.1670186645028,261.29289488225345,355.7479381501232
0.010510961546536928,6.014708414879424,11639.114723562196,1537.3582064831749,280.6902621801239,466.1290924149884
0.010954222033912607,5.973661330756862,12617.502678255143,1617.486402545529,319.29289616091404,303.4425935311029
0.006255457693412962,0.7992987317448533,7724.371410900491,7490.45010100183,228.53452446449882,4770.014135491523
0.014065997768523396,1.5298290719538958,10958.932320704007,1008.8142286355244,267.555834270407,1581.3136306563727
0.01094366598182773,1.0134208191961849,7905.6223248985125,1961.8260607980055,255.3722409945371,2516.7345977342097
0.007855115782807285,1.0063076141435827,7084.631918770078,1488.9317178379358,78.21345587187777,3668.2340453726392
0.015109885599746646,2.434917481736849,5045.325447286827,1488.1112226271778,241.1710673542686,1872.1869361085974
0.010000211157881496,1.0418224878404532,2880.911713215564,188.14436272522474,117.39271217710234,948.4211385346906
0.009779016810906586,0.5885460600006973,5940.854035313654,2154.7218547507655,98.77378291895569,6450.464254544806
0.009953116863764135,0.5990169311737502,1158.6658197334157,631.4776108071728,72.00205396757511,3907.1008042297526
0.0058494970348381015,3.0206105232791876,15849.242887758655,3320.179110598982,298.4060714437875,950.7149894916693
0.009928727064217326,4.908495035644034,17676.502940287242,1833.8916048482095,255.58530943032198,779.4670596897696
0.011925794119955792,1.7936611706911243,296.0441380295072,403.4213386839295,73.5556603567698,1156.118033638702
0.007812877434647323,1.5577853414686078,12894.17877543684,1007.7030239369532,287.27241057281213,870.6440830104265
0.011282366588112915,1.805175382416916,6943.8191092880315,3389.053246933504,252.638317646727,2197.209919617482
0.010124418557735737,3.023088058170147,12120.91174820242,663.132231711934,220.65213354692366,677.5283653692402
0.010104268951805351,2.2495184832661965,1332.2619823981408,944.6681210391474,101.45829866436654,1525.4797079204993
0.0058442665755180445,3.0121691112074296,13624.471156744235,1515.3870238532552,98.01089478220473,1012.586590605987
0.01514991970669967,4.984559071722501,7083.174374200824,668.779833374082,233.1100243471329,746.6820097904156
0.008280187021517449,6.152971404421302,13831.792069941732,1008.6166420627322,200.67347229983224,404.84862718833034
0.008038979269289781,1.5922411761264446,14701.299118019822,2737.2413914014787,285.3863901502841,1633.4244431702639
0.009898821137234748,1.023399578808138,1643.5344827590786,213.17655428296507,119.94201905115436,1015.2690523210626
0.015148336737464609,2.469387651706299,5004.081761406913,2222.9258081837283,216.98281648044846,2277.68076632265
0.007736288790707901,2.616981300026872,11767.094299197797,1230.4881922813468,283.07047417709174,721.380698519628
0.007988137821957227,0.9967919155485792,6805.913709818414,2001.9120048136733,172.05075314314433,3443.359978243345
0.00796939876457067,2.522695914132059,4913.98822967543,998.8261125767018,144.89713411982845,1428.5697301659109
0.008341738897964992,5.302859559339788,15924.768621085515,1012.1079264417205,158.41785673934788,528.4536844278191
0.007981187697497255,0.9920492210678785,14041.686148916802,3943.0144733924703,220.70007190202446,4327.062364640992
0.009995321932940709,1.9912284322711726,17469.00957625159,4135.256049794196,348.0481721687995,1566.8623165274576
0.007965417156697904,1.6398791550896306,17715.882583494,4766.3017398689,301.50527427927216,2592.43536408139
0.010003561530971632,2.0088837919555145,4011.887307185787,565.3478130181333,76.6320512753354,1488.297137948912
0.007820968128158353,2.1018257706045915,911.0469658482907,1131.5344022277093,125.72808348928876,1225.5105602616866
0.00795030513700488,3.0313444020119182,18006.086260969605,1020.9799125708447,255.9737359703506,583.5940091801702
0.008235121805850242,5.410470431994987,13690.169630619072,1968.4770081626395,302.3474528259459,465.1480384166286
0.005557008239761053,2.000191138844672,7163.590617810285,4008.392814874209,214.04488931471798,2189.704815058694
0.007803512460296158,1.6800294611089501,14746.467129130195,919.9314969651195,300.4616879498256,692.3961135517807
0.007925516618218848,1.5989868544965882,17300.878767915925,1609.0833177048783,243.01378575015244,1415.1193919166994
0.005128259153627738,2.6195581453316357,17583.85790308284,4817.261680320832,263.3917664574428,1800.5878127191852
0.007957960198988347,1.5772572956675026,14463.814997123789,1633.9390356823608,189.62969054243484,1790.32653078064
0.007671166186542713,6.017847998334522,17461.188789967862,1014.1322719033504,235.1541981119892,362.3151678989736
0.008096245806000704,0.7884999056022808,7958.058275811335,1005.4308639710317,197.48676273863563,2640.4227679261508
0.0151411486571538,3.988513964874123,6550.924501318455,1083.0446151283104,249.4059741687245,945.706558474416
0.009943290442859343,2.026746191670518,8039.464084081078,382.08176845511383,98.60964594663832,1061.928957323654
0.009852283989624672,2.027782829319772,9838.187400546267,1786.485549267019,144.40733328842697,2294.334939335827
0.009831781741403083,3.0209776440275844,6823.048729871944,1636.886778312636,190.98469524287097,1495.9417439569202
0.005962079838124121,0.7973743606106942,14659.548058991746,2677.2789320459797,309.9774176287091,1657.0119288677145
0.008020105731680976,1.565544097557557,7812.095379119717,2721.1406382433283,164.3828174365343,2816.5127889498563
0.009873603363092433,1.0035011731044436,2195.2614567741152,751.8717745465842,101.80885366071483,2997.6529930362685
0.008011041200827615,1.5514467140089612,4847.937278201406,1555.9559710760714,180.43906108129664,2516.139130318177
0.009927954312425567,0.9954596961405542,15661.388082597241,871.0989078955633,104.3083257096588,2755.1337225837497
0.005927863165941432,4.905045040611773,6876.0958722116875,4994.943851145882,199.57469933890945,1271.334055384342
0.009945607791043948,1.0201461505859162,15617.728757421994,1428.2563225384652,206.41623753502668,2415.1448380354577
0.007919927370139843,0.7781306814122373,4828.311544817586,3208.4068286228726,240.32740343975001,3669.0729348238206
0.013003784446750054,2.4706911635444064,1420.4856515433344,608.4440048493597,41.49006991984251,1437.6316343110207
0.010076374354024196,1.98766473266488,13708.483290372618,417.3483394937744,105.38611234186314,873.2753255415967
0.007867238826880058,1.6438296986405287,19775.83213043379,2280.2606247979547,315.1809199484992,1290.956256103234
0.006109637498800833,0.7940914774671196,17590.933995848714,3170.795096855742,330.9771467330838,1907.609655523679
0.007811675234423773,1.568084839101063,4986.8785713199695,2671.4198816931516,184.25115613814577,3052.1423529891113
0.0055300676709217535,0.4292330061266573,7016.548318866805,1022.4172303122107,249.59038411729233,3662.279288575918
0.010278948337210035,3.784307050239042,19502.712643825525,3258.5103533620277,330.2373679058632,1044.7079623192944
0.008007588002735305,0.500243422781228,202.41951151729373,193.6876369598801,38.08798139916985,1267.2061546186494
0.006152541603774367,0.7967182718180316,17456.464371851987,2694.1011939088967,315.51807619101425,1886.3365483940963
0.009755284209143709,1.5015524427048976,886.8511502054645,1129.8875540031954,113.1113289482997,2028.3948398906925
0.007934375044563081,1.000557594943538,6778.917468136127,1999.277294642417,164.38505316203452,3372.5446239137796
0.013282179263325995,3.657435078199815,8643.973224647216,2035.247595850107,255.68975538895754,1323.5121246108606
0.009939758764081858,1.011155655696747,2917.107600505654,958.9279793043685,124.63748097028616,3423.191484720087
0.007906665237729739,0.9817650085795021,13859.101208788534,3968.284957813359,211.1832291254672,4865.018824001673
0.005810447051401583,3.0505696324826284,13600.430736641085,3309.8892767720213,114.9917723657569,1928.5450585008346
0.0054151054830363695,2.5270373507050214,9576.76060944879,4296.164750546041,302.7539420973712,949.4650748744463
0.006076935103866251,0.9905981826885604,527.8184419273475,101.67382654416075,68.41568771417492,332.8160556678957
0.009969039750667754,1.9941109810510014,9775.150615897603,3481.3284563591387,222.37098355101767,2442.749227950582
0.007979313521207974,5.005770108275383,17741.163220244256,2604.6093629588254,331.2232625393281,561.3204243314905
0.013933289471700916,1.5055319616199836,12173.466197117972,1643.0368855837798,312.5488229343435,1135.738337610009
0.015280388235425026,3.253887677790363,5075.170412072405,3874.0119768408968,230.92291705767633,2297.167302653058
0.01000009326196784,0.985851209022095,9849.851043476006,2336.0968895783826,136.40713971023035,4420.334186960498
0.00777815845536414,1.006254628279528,13930.341919487651,1955.7788903869748,258.6038042828671,2103.328539136344
0.010702001714455222,4.019301120343219,15522.306741232082,1538.452808028671,219.34319921292683,882.1803122114635
0.0037634326473675833,0.8025745969391282,9703.34132192154,3920.574732845342,267.6651969491367,2310.198943242877
0.003990499900260521,0.49958614216350444,13531.338588956087,4403.4591216136605,241.31965539973217,4302.089586039941
0.007873240472345541,1.0112002552622303,5084.9710040847385,1616.114547290118,84.1523042419541,4015.9097125381327
0.009341140821412524,1.2044517733675288,113.95586720976499,93.19008239327314,92.3233640856431,376.29339771447746
0.005845780701374425,4.012756287518934,15726.878324176756,4977.679943811704,220.82073151153585,1633.9981920041284
0.009908261873475897,1.5075841506963055,5970.230453064838,274.2035250963659,89.41052083312532,1040.844113761277
0.008090956809868393,0.7655303305064254,7732.402245124579,1600.6093700425308,86.42889094245737,4394.189696931865
0.009936793322834418,0.6035505922548914,2559.2072664817956,225.20804018272162,39.58236202061785,2004.253062322394
0.003865697574728662,1.5422188035734115,9802.028399041628,3987.160655728208,263.44858622054227,1533.6403194537736
0.008043540764442416,3.035917087106727,6880.785083096048,5001.167340022547,184.96843306047856,2422.475924490212
0.007932427996645675,1.0100851678858302,6806.900182444925,988.6532592512507,232.8863775048574,2522.6038130341026
0.012743936282041417,3.6343641273985536,6926.875912929369,2482.404286979717,271.5724252076385,1294.492923950391
0.007845299213856096,6.094372716788128,9823.859884139632,994.6742290630893,178.81807534503795,420.6721421015586
0.009887868585091246,4.939053536943434,9778.440815411344,3031.898727953726,205.2064538207235,1303.1776269940358
0.008300008505821084,5.418146958520998,14658.613530055767,1976.0998025079705,294.414331919031,515.7779553311422
0.012733713663674123,1.9002044243241751,7084.454550712359,2711.313185182023,196.16267081913367,2463.722931306271
0.0038724786338533734,0.8011494814890627,7826.339600382066,5007.742640625298,177.1123796952093,4113.756884325169
0.010356316241804935,3.7461669738096854,14682.13907104829,2816.8811416225108,314.8741934754943,752.0832121637419
0.00794199305414109,1.574320082841243,7935.740574445757,3171.715164245995,181.3301022719108,2909.4837412351003
0.007831628827051452,1.0081402181604018,5149.065610537873,1498.3782209071187,88.6946069432608,3949.1296492552783
0.00600369691608593,0.9951359652673322,1103.6408773138858,711.1424854035675,65.01898521020448,1987.8968877938585
0.005979045069977998,1.0158499416358462,6973.999735847504,1380.791478821418,85.03064092267729,3055.431740286605
0.012983190941146291,2.991552982601129,1913.2067116629107,763.3109784879383,45.310452908422505,1495.2534953882393
0.0047580530942330475,0.3911575674725029,301.53831971357084,294.0295280724996,85.23765430872659,1387.0117915022088
0.009890342747101648,1.9769677880345997,14036.30041808384,1976.744317178095,195.23241154947596,1940.848141494503
0.008089361266086113,0.9623294442714639,12616.333776355837,3995.3316397411472,278.82175735378024,2889.8825448586654
0.005769704694407511,2.963488108389297,6901.528966869479,3328.4186142244075,221.76318160987435,1394.4491907754689
0.007882494758069266,0.7828887313631723,4880.122800126286,1640.9976951808353,140.2714409849709,4056.8579770290967
0.010088844161557208,3.035628136828993,19314.11812483402,5455.069353542694,267.7233316197922,2745.431788235253
0.008019843256120188,2.983212506796418,9772.034940214922,3972.2743028995055,41.53716658213672,3267.211002498355
0.012827869330053305,1.9404980533429885,10221.845823141899,1188.6117691943066,234.80443624310578,1697.0805659252292
0.015407636431457724,5.949210499325497,11833.46762892737,1923.2363341823013,311.4694598135748,611.7467809885671
0.007974611486253117,1.001822831337919,6911.3726587643,497.47050365758696,198.87253745266443,1688.9736649497238
0.010665737907292286,3.039041952837389,7723.430470569018,505.8508216893552,218.0950933225796,722.7305235513926
0.011123082826841895,5.949595473553959,9862.092412300099,1610.7438472124134,264.61652444840627,521.9978595395324
0.008077665558658447,1.9718931090755847,12673.640427819713,993.0998149060628,231.62919468630207,936.3326639149183
0.013009745104651527,0.9694863905012432,2033.0938070527404,756.0580269470436,121.56406967574414,3489.6647902255913
0.008109355018449503,4.012437244697107,5010.508667735336,1003.885484991927,254.17313110456288,676.1945238175584
0.015137403072345098,3.9757938572581146,6559.852613705587,1480.1448559929224,239.90471364087645,1147.1361354344979
0.009171828719477925,1.7259339379190564,7142.571579314153,1026.8118327870848,276.8313682970208,1555.0682612881587
0.009348052309649985,1.8648345304944807,5478.149000630372,324.67307847917357,92.38349675919534,889.0697134530359
0.005856507737818,2.963288004153879,14800.686351275332,3318.268990221662,236.08394710190666,1229.4488531134473
0.007933802236710504,1.996239662630093,17594.719790026287,2744.493441910646,241.73847440202925,1998.4193509594545
0.005829528793646588,1.0029347444844419,11714.71763319203,1489.2455037372604,197.87143561122724,2044.6006212584502
0.010108996803366424,0.982600478805771,16150.757139158533,1659.2905829197107,131.05252448798927,3689.503516570268
0.007724308116610962,1.0625745636691573,1454.2048726021087,241.17270341520413,78.5873395375851,970.3164400400119
0.006079625666062228,0.7933985598910809,17614.102808009004,1604.8912095503342,291.4282773910488,1343.418710414753
0.008088367022857102,1.0000727216069567,17737.333517798113,2018.7678344254518,263.54418608695954,2192.4817656280375
0.011147610822056933,2.3951501088320595,10593.762551671438,6749.448771712924,304.73025049709963,2096.044836024368
0.010917160577125194,3.980488805694715,15472.004729365148,2758.3408080593135,345.0337463067531,624.9793746959562
0.008064124201932296,1.0099506755848437,10031.307980607759,1025.9730706499429,106.85422645121179,2583.990930444512
0.008088209481516135,1.5876271372246735,7927.851141195985,4895.541598220611,242.5326444750412,2421.356567617604
0.009878956080084085,2.959314002549671,11600.040823437464,1525.8229657533786,300.97355258672565,719.0621210509364
0.010822082440193467,6.026632996818646,17676.258094832792,491.2393183035656,279.6272121519979,212.36511476384592
0.009969694905354659,3.026162768975024,9949.157096374776,391.0067363669448,214.60466339484617,565.8618313971725
0.003849277833794816,0.8148306856743923,7926.673217218192,5035.332579055255,214.8058138002845,3486.0665480056987
0.008128103415078775,1.009912338019573,16368.129990757387,1223.891288432985,340.9580295245308,907.9015109891403
0.00787810572990204,1.6380515460069611,9869.141710540218,4563.13825260198,260.6884192909276,2236.8712793620234
0.010046526684699058,1.7413344873183398,2256.1054415075055,146.3184545105245,42.55324340970698,521.3221137894157
0.00807185292685017,0.7830781981822459,17991.824060734318,2688.4325836179705,302.6511634258144,2470.775803424455
0.007876509212896452,1.9664357827666938,11707.446282831439,975.897756753409,118.6973010751825,1323.2929166001604
0.008016507239945285,3.0050899087223772,6777.144921135699,1003.4282358421466,196.22559946317307,1021.7871657160363
0.007876907887505974,5.103922428755685,9916.550960109216,1978.4460921028437,209.2114622119441,811.4464355250518
0.005811010628618137,1.9838456043760722,7685.343938294413,3482.2070658167986,256.7765249369429,1621.9870223348546
0.010823430581323571,2.011184871221,5961.730569211509,996.7604139905997,180.5907276805212,1923.3530189346181
0.007945089513141993,1.5682600363993868,12818.649161888561,1619.009978288289,280.7099223390028,1152.1912882329461
0.010835355395160246,6.065639343811056,15609.231307291378,1511.4987030078069,308.2503143027574,423.1978948994432
0.00917931219626327,1.8150433091536224,117.56483354359698,118.72490037665244,83.59271580154862,314.8306673979142
0.0101711889451439,0.9902925518349941,14027.37502056332,1223.965255441509,203.33273771750206,2255.785983983385
0.01012173443875746,0.998976399793447,2354.6394313884257,374.7928175809529,59.890103877814454,1988.2859229403998
0.010731678757446177,5.992765373744196,5902.868961465787,502.3428028776609,218.09960718831067,389.79801261583646
0.00991977431083131,3.0916708932612487,1408.5048335388965,503.3056048504424,102.7538630198438,786.2414879887173
0.005698435930251058,2.024511491336629,13760.587066808173,1487.4833099488942,237.71699796747387,959.980642941004
0.0058722478847141315,3.937098514214132,14741.120207293217,1506.329495311221,239.94515748715577,506.0002743955672
0.013323206602204828,1.75455398484006,2486.3889879366484,339.5512796247268,31.9288853785649,1463.5380206107277
0.008087571309085113,1.0053530804190847,6911.671362620684,3954.575358565746,258.3815935998706,2453.940631058104
0.0099858084771794,2.1172749048405284,368.7443615958922,271.6452548274852,101.05774940666709,578.9310825610972
0.009331768338473864,1.8901258822574583,111.75975969490408,91.37492550182162,99.74787811589749,249.42974309298222
0.008126910283456263,0.999599032554107,17511.249851176282,995.4944172340623,210.80573132682417,1563.5972263722635
0.009987133773409717,1.4921249863561266,6868.514727417701,643.5713482109478,225.47586576113602,1529.1434631374725
0.01090212200821738,0.9980334999302825,11801.523808847414,2750.126435419507,274.77066251559995,2314.2059075882617
0.009507550737717344,1.8456912668576604,10971.933106699824,4062.4217213632596,285.25409399189533,1621.2524950892107
0.005801960632986079,0.998695999803135,17587.38095789618,1532.802858428885,197.26626334518318,1916.477880838763
0.00816154673459634,3.9782606297012393,16151.30982032057,2508.937693332859,247.04474306783192,994.5450147546727
0.010077246453343246,1.986854416997714,17976.742427137204,1482.2385396734487,150.4532282724004,1896.6492727264604
0.008117156419204873,0.9996720194646621,14146.321455884932,1005.3248894864179,325.7881381514853,990.3181706191839
0.008107147107121711,1.5855278244699342,12640.453541225213,3183.675687465251,252.48025637767836,2179.702376771876
0.0130785111372639,2.7729162098395204,3447.7895066423566,930.0623876143563,50.688140139186245,2029.9178668626314
0.003800702676007082,1.554501703470963,7805.147504532446,3918.392070466651,247.5755948586156,1671.8620528137378
0.008022083342769182,3.5150055821347266,12590.171128094287,1002.4176223707099,141.32314609397557,798.3747313272979
0.014072774308472124,1.004318610318722,10920.818111424045,3364.6618494953614,288.8526523768671,2455.721317595471
0.007908744754358052,1.5608555132327064,4872.081891211391,2647.8046148803664,175.14270424165034,3123.445082037037
0.010799698719047209,1.9800669261235844,13570.10944505392,1535.7372418021907,221.57015678375322,1454.6045859683354
0.007927344998116287,1.991173784565671,5920.863564451448,999.952437292671,198.62886450588277,1461.8462098675484
0.005997330833375747,0.7964837472380711,9811.882928103536,3989.2687365010415,202.6654105432376,3991.9700455451257
0.013537935088781419,3.6682269149645634,12327.653505501203,2057.0189657291435,294.32351524958636,851.70787899331
0.009618217491780875,1.7099147644266337,6845.224376646807,2112.697140914073,161.6553007859299,2692.517128654849
0.007676538448443069,2.61756862132293,14763.548246207363,1508.7624452103955,317.11656440914606,554.6162244897354
0.00579012135862094,0.9880554636932835,5867.131974145364,1494.6988249738802,118.6617385216231,3079.907557546961
0.008207191079305854,5.3234114623596955,17720.965771097955,1994.9962039582338,215.30306903549348,816.3317515104025
0.01083400311981403,0.995697354336619,15796.24324840344,2708.807785770613,221.45055314859857,4193.043867590202
0.009999770448729899,2.0941946956710957,1186.6668365498253,637.7902723795588,142.82018192876492,1199.086021561999
0.008122095646804576,0.9932226696220896,6924.394925816414,995.1950051922126,236.49198079003224,2459.863562902188
0.007895341243541274,1.6347913714411455,15452.278121879759,1195.6810190166423,265.05114838503687,1044.7118946031474
0.009960821757749457,0.9442619379947739,369.0922470233679,584.7754218428596,67.44968995557919,1926.2110668848227
0.007794163921034377,3.0809676885297996,2407.2335043056023,770.822793173977,138.89137647483687,840.0463302707798
0.010928736322345041,5.994908244193834,14580.04287606254,2197.655629618086,278.0282893515678,610.5898665832434
0.009995810184240207,2.002943700241226,6873.431563169884,1079.4405046450015,134.80900187044568,2041.030655347414
0.008143653297276916,2.9969016864908373,3020.4240186074458,2531.6889542262516,134.40115512023783,2007.0329465041286
0.009887694554690022,1.0034648224274156,4071.6061415142203,904.5527249383805,111.31869953480404,3493.142209085611
0.009915123948428538,3.140067199307334,2584.0155243806284,577.2768455561675,143.0961670496989,908.9188979631501
0.008013159625146107,2.411071009871397,14597.53393065291,2137.8651764041924,167.35090576096013,1713.2677331624452
0.01074940721284941,2.977609258131016,13848.762902554246,496.9745323440639,196.63753584822905,604.6194975320669
0.010704904767351498,6.036325657086863,17489.475787989686,502.04666721342403,305.2910036132823,191.12048747516886
0.015116929622616864,4.04245955107664,4934.714876485592,3055.032408859558,249.7464985375704,1653.9764486389329
0.01002893563838331,0.6065250259992089,2827.590405459254,406.510433294982,53.884188381002396,3481.857631982304
0.008081259144931054,0.7710382235294495,9876.943941236632,4989.300969976519,250.2980985658461,4002.1572882581163
0.010096398510099042,2.2940202233449787,2559.186344289107,740.3169959788672,94.02278319873204,1495.824507362208
0.008029463415552008,1.0007590067432595,17692.14433412239,3961.027484992144,257.8129134288244,3874.5427289476816
0.010072744480277791,0.9808211540552823,621.121686388725,60.09097527060931,52.37782099128089,349.5923905906552
0.00778923789071707,0.24999113993916078,7758.656186616925,2008.7570972534215,195.63803286341067,6075.537227386838
0.005910522689223029,4.031562140436197,19711.26994980806,3363.1531979267534,115.02998714226558,1670.698993960995
0.003934314852208078,1.0049187339459982,4972.905125472504,2798.2337746055982,58.820336659749856,4095.566357120903
0.010037223641402492,1.9886719849184908,3998.8559140004772,1337.3820499430547,42.708963747120954,2845.330161126639
0.009877602676868937,3.0978473041963817,2059.698806494305,500.40170651674777,135.05527337577027,801.8699357564801
0.010196119670135926,2.2354174156208724,907.3220513060189,1205.418440547511,111.53142344508004,1516.5755648610884
0.009800647610864896,2.000254296997134,15538.046347374895,2240.6373567724395,331.35915750652197,859.6097634209549
0.008032743243599129,1.5565317978848234,7801.875530791442,1614.1816241917813,266.60688477847776,1612.3928923401413
0.011069610239022148,1.0080418753806206,9823.20834801274,976.0627748892066,285.1887338634201,1766.3277801791455
0.01000958858952865,1.0438733360019183,1595.6912216096807,211.42242252858537,136.71940613776718,984.2879012253493
0.015050025252868126,5.957688743215984,9758.972469516211,774.5197720319048,238.4210201051577,563.8466628032717
0.007992023104625004,5.085330900569594,14725.570786689188,2738.764337031632,272.78709498663835,749.1612081832393
0.008002906658348371,3.0335314877514366,9810.670880976504,995.1239750674148,231.21476471201643,741.4952008935858
0.007958844031385224,0.7871787889185999,14695.443857732023,3976.7958694176987,282.19636545454915,3429.6041030361143
0.010068717938394797,2.966302082223493,15549.632983780795,2846.003892458571,320.7593939507551,1041.1713318805419
0.009958365705400726,2.0362591738494618,1011.2636215473646,925.0325588048904,91.33667032574584,1509.6939743713015
0.00800329931273553,6.006724325967211,17729.402464549086,1010.0122765513735,224.2690829941566,393.7210953150095
0.011045520843655903,6.078673010864003,14818.534297746555,3075.187645045463,288.6742313928169,826.8678794958756
0.007658191192414379,6.028914627170472,13677.579155905523,3958.733502643059,240.17946113879103,1080.8039074640164
0.006985597810784387,0.5623209208931126,5184.88974428065,2923.244450269326,227.56805390273396,4469.759620499394
0.007800519442354964,3.018813498578686,14595.29664895672,1506.1167812494919,214.298402746015,888.12478662376
0.0060889304476718425,0.9706022154968158,7042.8460257765655,944.5222384629861,87.43562773317151,2696.9718024452905
0.010024972191120597,0.9790353599411201,2298.923074986499,496.1738477703951,70.41459753449017,2493.867154853084
0.007746617482555321,2.575962928481854,11745.134139675602,3311.324730474323,233.86383636870949,1490.2926748695004
0.00944249060125244,3.0590219680427055,18036.716661758303,3007.9512516068444,331.3486885744051,996.4761186491808
0.007983276548383891,5.058518126523511,17822.345727373566,1633.5143520795227,210.0386036585273,667.5859164161242
0.010987181824575549,6.051733744124083,9903.873640093587,1579.0731924197892,269.3545956515643,525.389041721737
0.007658492311946941,2.6238457945840032,11488.726227710951,2718.596045086563,261.48214434209086,1122.1007812953594
0.007850334009748303,0.4963976706912573,11713.237469306014,1502.3543745785978,271.74440812355397,2475.227459633579
0.01404981623016586,0.9961496958501144,11036.053068893423,2679.6260466439116,301.05023057150424,1969.247274635453
0.010996084638992685,5.971085691789691,17713.509872306426,997.4571396575913,237.1458552204812,413.84739083917225
0.0051237459280678984,2.5846751027406794,9861.341795349796,1956.6057807847906,165.96363175130705,1135.9232507531678
0.005838381328495211,4.947847022153625,6782.903357726847,1502.0544781776941,119.73464963371411,739.9227961390045
0.007940868295144305,2.9771379029606218,14876.351342104468,1981.616391841351,327.6014544597104,518.4248174101915
0.009355648929067116,1.754361943957499,6896.874688519621,4025.8400346057933,209.12337897610314,2764.852957177509
0.007871333282778498,0.7924120574581922,4957.8636582778145,985.0196340447974,144.14535005256187,3413.1585939466145
0.00781611519390567,6.034451608426136,14570.939763805824,2000.6550995328023,330.76096067241724,300.9095056989853
0.007735429765594648,6.082204166476109,9961.144449912246,2010.5666689994152,126.16558606728988,864.7494658424656
0.007925523478535767,0.986538083712834,5008.982691259123,3970.0667471989136,256.3477590470324,3292.8843893827802
0.010082613925632387,2.0031090591358023,12004.504193261544,6026.632600949565,313.38390187908857,1982.2694141012648
0.010540414599849285,3.805480096115403,15601.799155171071,1963.4548587904171,304.2360768779327,713.4824455282725
0.010780997715720749,3.020000411741999,13620.989895322393,1990.4673254501988,282.0644875885359,1022.281238754518
0.0126754101910901,4.834025465500402,6754.194767513555,1359.92720506751,223.1368176480494,1024.5494681195414
0.006955605696981041,0.5558717516449205,2414.3748118479994,3242.4157984311664,190.93275084174644,5239.770013279258
0.008146629443680088,3.96248999622191,14046.043415269978,3019.16214777051,235.2752822905043,1128.8301953960608
0.01047107987987792,3.796121721050528,14576.898373907716,1337.7445621653114,236.10753895679562,734.485709789183
0.005839256166869817,1.003831987325718,6846.7127390389105,3378.9802702113802,260.5650438922567,2608.673406661147
0.01029471726727948,3.853885869941317,14811.291529970778,528.2904575220316,308.0062842781388,335.6637489773534
0.01015390000724919,0.6000680645216175,264.86434409241537,147.3342759450609,41.26656174707171,1203.5806988367995
0.00997378783570051,1.241289407026115,3551.23888233116,682.1412879870742,111.80806068970668,2505.6242956212277
0.008276958483734245,1.6464340371219772,6005.092136914985,1657.269721886915,170.14294648674016,2474.052648743271
0.006309529653819419,0.9214875244218996,7100.311856940349,3847.831294625803,219.57196402984155,3625.925734653366
0.007817637661521357,0.24870108542752065,11791.816277622438,1972.087758285199,178.93606365346176,6492.086631526727
0.008196033340929462,5.478312216081345,14810.867429917369,1516.5132143639507,280.4806957482533,446.9011525608705
0.008016568036055605,1.6480063141304195,17840.89500863491,1748.8854094565686,343.40470582640194,726.8817758517149
0.00788950190519181,6.018687354763877,14935.26859392135,1013.2851078450251,229.87407060876538,354.19628255162326
0.007814529353752556,5.070953877675168,17917.507942687993,2212.3113323661714,254.17756293458322,737.8755503061603
0.015164627815802382,2.3516303699697554,5017.9976748792,2269.847421841417,172.47586088879908,2583.932400176856
0.005826220446504944,3.940074943420212,15772.567769902416,3313.542814008058,320.2073428338511,603.1434600947795
0.008099779664565954,10.851101723014049,9779.294963708873,1507.762356909459,95.35230571434712,441.93492497301554
0.008019256952672435,0.7857586026842623,17842.145254900228,2167.20593198613,300.8026196462598,2032.4966678199282
0.008029001528199863,2.5320450259084764,17794.8428567483,1605.4965292383524,216.1874217436627,1107.0518405057785
0.008131488863140158,1.9784634704941177,11571.318016047639,1996.5612000143765,317.6445432319897,844.1202382961301
0.009934935611336848,1.9949539386181987,8071.3501630126475,1013.7112197534681,128.91729953725644,1873.3227447158781
0.00395355746239763,3.1169789812270436,2240.723264357836,904.5744498402304,58.16818284841474,646.8274992582129
0.010688703412407177,3.9813392903472256,7937.380807929348,1007.240253019102,194.98843932532642,926.6737904665242
0.009870930157950856,2.9960034994444777,9713.169052364727,1762.330302451038,287.5583431067334,930.1345235203092
0.007962473217761248,1.5645416836910822,12990.138212329523,1569.2399605553173,177.14292014112382,1881.5146995845203
0.015028253272073211,4.008964535193089,6543.0949951561215,2176.441375910837,234.9607666529623,1397.3323118947496
0.01077714195785804,4.03741286635806,15289.878054819841,1515.8544678282547,156.4775137482642,1085.7400145454162
0.010919778680526328,3.0397402179810045,19867.240261882558,998.8200869212952,262.23307480887854,676.5078093490231
0.008207434791403288,1.0238434811712733,17576.484018146923,1510.4196151426022,259.7975460231901,1762.5094953421149
0.010019582976355051,2.0103962718795563,2023.7107318192925,635.9641179653162,45.72168570920045,1513.2755315587258
0.0080813285495158,1.9887048506982437,7009.881208412749,1011.6018844740606,273.9857331317358,1156.4424676599729
0.01421694211871972,0.9806191917518163,12635.828704684798,1577.414217512605,245.6217649768904,2689.6121905122363
0.009705210358655696,2.5018710424375663,6799.941055701016,547.913169280531,172.82488274372056,994.2423252901846
0.007966859919419358,1.0197676339733748,9710.717823838178,2015.8205899379102,223.11209407040846,2580.1909124924737
0.012991960036640566,1.943336302148531,6975.2546246216925,1900.6991071725452,270.1861162555784,1846.9614315890128
0.009831911271557777,1.0015825577511863,13885.37935941406,572.2315399119086,97.67129122607494,1960.3801373920644
0.007931079565163982,0.7709563271783798,9680.827388587591,1614.4613303994765,150.71959733328268,3586.2342692842903
0.00996692442274875,3.04309753097832,10026.695787537608,6571.751538216911,292.11176838134145,1978.1359365719077
0.008105152657933825,5.0077854860665045,9906.955405571513,2753.7885493109006,262.80278347169263,720.9925264176795
0.00803746485043614,0.9976877062470255,17862.68648394772,987.5198389613137,251.99180310542621,1319.027610168108
0.010734336680829027,6.052084695986811,14740.084083801185,2003.2254500772306,236.7987411514938,724.6026620103535
0.010050923200464294,1.762900620698732,2444.3263480548603,1501.5985714908159,134.6331260806651,2475.2879201938194
0.0056784505529283045,1.9876129065925723,9688.009486799387,4968.3812569101,299.76644463478124,1528.2346718332565
0.010989232272087245,1.9867959970648448,17556.944226789088,1002.5921753348872,275.7872562473025,825.012988910476
0.00814177262577718,5.268939578367556,17777.046511534514,2000.2478310633462,267.7984862073523,636.1244263906763
0.005845707647154655,1.0119901729867344,5823.095875086228,3341.496512384004,201.38297762390238,3292.1786092951666
0.010066516416973786,2.99577571124415,15761.333639756935,1206.9563396332228,330.33273679953805,498.3605431577214
0.007883447050274483,3.0349073878977446,17071.032808788008,2005.7805090864483,237.5341277254777,1138.2586877407848
0.00785860061841784,1.9983472817522236,17528.44571549068,1497.2040049239752,202.42805747811667,1382.612666615561
0.007848141495912956,0.7921421557589143,7845.544449862149,1009.2890925316717,214.88736806656314,2570.3600361161307
0.00919710249726005,1.2313766689702572,135.48438797390796,159.85722450536804,26.464082288747452,707.2447116006279
0.010024560173418306,1.045586170308221,2708.864126120515,200.01158060395468,124.50958112301947,955.4866439623471
0.008049080596716463,6.082227150866171,3006.369409465327,3049.1135632705427,135.4236183047103,1129.9252855562056
0.01198539248301228,1.7938953705650764,293.17780632078257,292.575231650439,67.7936868965414,904.8294322279336
0.006030871521708521,0.7955560303784645,510.5517180426196,150.3540101615164,67.32929804553909,539.7202074974597
0.005760136316164597,3.005560231656823,13755.023137531833,4973.932256776512,118.44550473123344,2687.4946064454784
0.008058201174769478,0.8947418676801275,12126.5473323208,1775.765612883559,246.20097114641794,2207.6794291713477
0.008174734026150491,0.996304170570059,306.4423868653304,199.17718353595967,29.69570674118,736.6964805670439
0.010900438532500818,0.9935323720485233,13790.840331794265,974.8713621318443,297.81111108014187,1242.8337078252737
0.006864172382132034,0.5689445222664279,6941.983155225842,2408.3434392459376,247.18249624291118,3773.5189431418357
0.00795142354607984,0.9912017720323173,9951.482520606902,982.8906902845689,281.2543098164209,1579.0625869758344
0.007620850874722638,2.60178394597195,11771.41704062962,2473.791292672885,250.1173826298382,1090.991408093319
0.00981222483322084,0.9886125932332142,15884.442654200831,1163.5963223472509,121.55203288370164,3053.4812187801513
0.008062561808807189,2.9768623949199475,6923.119950850481,985.7936135012665,72.43618374647465,1303.7315772300926
0.007839532734204346,5.95376065917285,9826.383507604298,1011.9797075580443,197.53750686921236,400.8220902841764
0.010338383044253835,3.768367281462284,9840.90533297273,900.5249804885892,214.2803215789315,766.3244028468548
0.013097965520555841,1.4935860925640698,3223.7965526498297,425.0229021190891,37.73433577807011,2020.9946495633117
0.008051455130062344,4.987197961635161,12683.743242500397,1596.05599728308,301.84872275170665,358.1410410269935
0.008089899836212982,1.5746854070461938,12829.110019786343,3158.681752339573,261.7983452056325,1989.959745485397
0.014039390159129922,0.9881817016498449,8673.284951539203,1609.692083487879,257.3158917073717,2570.5748593790267
0.007824057694092406,2.973026975759645,17550.20731086371,1992.4697349236897,187.9948536435145,1393.2185913232024
0.007807225757589888,2.9682345239275882,13635.03587687818,3939.812885415402,298.3382033981295,1141.6543310255709
0.007741534718055234,2.969535570862953,13851.23190541675,2025.1571353151135,197.9658854642393,1171.9892991618924
0.009889877213145283,4.970840569907608,17414.1274236302,2886.8708952521374,336.4931723207251,673.2901564182811
0.006057781352115713,1.0059238460124085,4023.3331484077876,1045.0344858247988,57.8671391199586,3175.2908800988807
0.00988644444443405,2.9990639133121055,6891.342775537723,1190.4302249703626,133.79656882073337,1489.451701669024
0.010057424284676313,0.9991236387228569,1676.6571060212148,548.1240711475642,73.09223707690069,2458.1419887847806
0.012979099376113697,1.4938343807329075,1858.8554316312236,467.37505956366226,36.48911961287289,2053.9104451598214
0.010686804668204396,2.9892759978592975,13935.87927189163,2788.3966150330075,281.8823074943364,1182.9619001039594
0.01065671200299429,0.7582426540236561,8311.016058414143,1453.0197550548546,153.21098547493898,3886.792955700017
0.009381576446852355,3.0118517524797643,10995.89025879872,4077.070099491265,291.17106975672135,1246.3506139594128
0.005761973199862413,2.0238314557867327,19439.3543401472,3506.3127690035026,179.81916676713786,2502.315169832954
0.009822006110183829,1.495758202341486,6943.068368084281,562.2873184126463,192.01399504466514,1506.7866834643448
0.007881483964775617,0.2427988553610062,1998.3399167356151,2087.6773163563125,67.51637314639206,9161.006243550848
0.005797546725148828,2.016706410187496,11638.945185363718,1512.7480677472931,258.3454508428283,893.8647903157181
0.010409953292627215,3.8253452144752895,17599.037926403293,2183.4870101296065,116.14636752234054,1872.001128661057
0.005715221811581792,2.9784847902005773,13574.172700328601,3299.3232610566283,178.5813231200175,1497.2028593637494
0.010083397896918296,2.9466103535013017,13880.905480921256,573.2223700700163,232.65664892532115,549.6909142104084
0.00991098570093398,2.232674512207451,3493.0699261241425,182.84809951645215,46.065395423857915,497.0574079648257
0.007903795585525482,1.6268842153777336,17987.677012287975,4060.214575101977,329.6594824500343,1733.7780007802999
0.005854988902764904,4.01310933831074,7742.30069190607,3271.6902717606354,201.25939524946423,1173.5206014560445
0.015111237014432953,6.0189825299751165,14639.538324634159,774.5113614429855,285.28660470763066,425.552115108553
0.008100988318262146,1.5733485495440414,9774.088627801855,4007.8918334819555,271.50710407364863,1910.0218972326934
0.008120955962627558,3.0030602774157025,13952.776980592082,2004.4259724866379,90.39300118343756,1650.1222405053397
0.008068476267917766,1.0117558391487147,15695.833252252512,3361.5369486385666,277.84229134860755,2787.085338040585
0.00799166869510582,2.987278739024747,6875.859651717544,993.4127084222656,226.7932406403342,948.7462861318628
0.009890341736480096,0.6001979285257217,2658.7677697918684,226.46007266955706,42.28464135911972,2067.1194403505197
0.0078266222283571,3.00378408349792,6784.327586109797,1998.3707126871643,259.14351300804543,1136.6587237075908
0.008004475136916578,0.3992162110351269,1529.3561953388742,4840.480953367383,60.752359259770465,9212.552392573605
0.006172792676730617,0.9776354363166304,2997.0272603526423,515.0910418437161,48.6459995320141,1764.991878613763
0.007707872392736741,5.941875853702199,13825.80133733509,1023.6803394044648,107.5788636186406,530.5686034953753
0.009936525001994156,0.6025194551509312,1885.9141423608662,428.23162583920333,53.598803529759955,3412.7799715502983
0.006151234081644943,0.9033028786176405,10265.510505508313,2815.590705916237,174.89886836532455,3840.4478447606334
0.012992424590631019,2.488875684428093,1573.9087370035816,357.0632657638445,32.21693949275179,1015.2029632112358
0.01011365854505269,4.964380392030933,15552.922016981387,1621.4521429024262,322.4575240443394,393.4913881157932
0.0058749677994403655,4.024763750037598,13838.388611128532,3311.8677168925897,328.6898157594038,552.4019677686356
0.007838772054320528,0.5909255796441065,6858.790487023199,1655.6121998881988,193.4357505325801,3934.506925942102
0.007914572549890826,6.020000416632895,14136.248537278492,1506.3200814578975,236.65232895894832,495.4301775625508
0.010001799291244392,2.9795645139656752,13847.238112697978,780.2575602840191,311.8714707403349,480.4912323618456
0.014239524480002095,1.252178428568196,8623.113783919911,1663.182642544581,258.33969719192754,2231.2014759510234
0.013966029549956828,1.5129440094963162,10865.846692171148,1631.831846197255,295.94407563925625,1487.4691524584616
0.005564493779592948,1.7371848618353656,7150.859817623502,1882.398996095191,252.81916846299362,1455.9255486354475
0.005791204501103185,1.9916328123324731,6912.529734057836,1602.4572237528337,256.2543112947854,1205.0730791030503
0.008080648689410419,3.6669641852610138,4923.9670576189355,4048.5688640425356,257.8427920346518,1381.8518601220078
0.01508611711442066,4.101579708193485,4956.044560748603,2978.0595070145496,254.19325784518912,1658.1799490782294
0.0038396059096401326,1.5794246688962763,15138.510059363864,3946.8705190817213,273.4601531069303,1568.3392016281987
0.007795411117318498,6.067958575009461,6897.276040699516,2015.7891071982058,245.722580304834,594.0128687230982
0.005731311048901459,0.9966278889956901,7771.5464012274015,1488.9967117159542,239.98972811076882,2108.332739787488
0.007675662240271791,2.6038776721995007,11689.033679218874,2773.7023626417554,215.37838770204868,1497.1389516711115
0.010021457826599536,1.00153649588464,14174.435449051396,626.2501133367041,165.42227445325415,1692.3737015001263
0.007975678157638773,5.028205351636197,12670.593376339484,2697.3773587967007,240.28236042982985,803.5579407362906
0.009964915333782517,4.999821674871848,9940.548446709783,6158.587902521532,294.90846620122875,1555.0768877831651
0.005859827368642416,4.0107764419013945,7811.528202420105,3286.321569802742,279.91588110362926,856.0434051558194
0.010074472914818422,3.0335228403335304,17832.96823762854,1671.412956881132,262.640583622925,1037.1641012400592
0.0058917154483625,4.001936255276792,5935.248876309557,1492.0450565200126,218.6419651171856,719.6282103704086
0.005772021622610838,1.9663091468181306,5900.563089976041,1533.6568085930269,241.08108222942852,1283.6328384644341
0.010050152073732221,0.9873501475598148,705.0499981965634,100.9418116542649,81.77790323332047,565.5704818519641
0.008032389639589447,3.4220198015068766,17599.008699862217,2004.384647523133,323.8483377436411,605.7065292018764
0.008078950622930417,3.9672804914187134,13524.755162887528,989.8156785932275,285.20639916291583,400.61244080407755
0.008067681368380628,5.055953426533743,12684.834014152768,2716.5797640867595,288.0337812544793,614.9265830277825
0.007879766409898289,5.964235936927574,9826.527343223212,1975.9701749044593,94.30382685095186,988.3029787899701
0.007914485006975508,0.9951162589935331,9758.309249062788,1970.8534387700151,148.26616956171196,3599.796219677395
0.008070999546913222,3.4928826414244796,14735.059202195394,993.7461289535498,249.92520099431363,531.7461320854254
0.005787617337414357,1.0118833546964616,11853.123888052083,3401.3771597610244,115.69766268111515,4545.1284439596375
0.008089618953879281,1.9981941687084577,3027.108012646044,1003.9380224817671,222.90956479587126,1299.1586698786493
0.014162891148785548,1.5319355294150612,10927.087777726872,1021.6102857673061,251.88276989773397,1701.8231668604456
0.005752696132123883,1.0021778090081712,11719.849015220689,1486.3357264538517,254.14949868416656,1626.6368774856148
0.008002949848508535,2.9989019317616306,6805.465435343046,3969.4741838891796,255.39348069205514,1618.2828043354762
0.010080253043090496,2.0136572216825557,17828.265590694158,510.05757187898945,168.0043779194931,774.782283564312
0.00789114117724474,0.4951075078080326,5950.474953742946,996.5441103311146,158.7825427065304,4293.108404926372
0.008096861938937843,1.6082788791796527,12657.314812369901,3259.0602210641946,205.8167738430496,2818.166660581984
0.007725976330791367,2.08147687321219,1570.3569283379322,274.5101924094316,96.34983795018705,591.1918957730708
0.010395219143903477,4.891280937523989,6920.328944440111,2782.8333362037424,90.3870746509884,1847.6611567239531
0.007969281290240273,1.5785225168284878,14492.198493343849,1010.8927515773411,276.8972566299807,888.481867400582
0.012960215599819299,0.9613899992487076,2258.9369542084655,535.6815661915542,98.0812479268805,2861.6597115895124
0.00989622511471755,1.0167740697808898,14176.622128605492,419.88034817261786,109.74484166999584,1561.840270622184
0.008082077290049467,1.5786579176412088,17890.99148814689,2226.485642289678,326.6814063655842,1044.5771285248447
0.010923813337974791,1.000256903401763,15799.576012976317,1518.1530851215184,221.4874230423524,2277.154846062988
0.00809841312056129,0.9865029475298266,13910.743789180005,1969.7053490395715,271.6522187827704,1615.6465682546045
0.010561171198525204,5.967520755200192,9749.013830719565,1026.0684340166135,278.78032902996625,422.7466488997425
0.00796037068963563,6.055290393887396,9698.256110131726,994.6549160291034,158.6839248759991,483.3189658988466
0.006051532693619299,0.5026508300038627,815.1583611137386,149.66155846135342,28.78629875295881,961.462168850932
0.0080193135366729,1.010814134687366,13664.021991761665,1018.4847470436669,273.36808610501146,1388.484999487904
0.010030711778967605,1.991126512297394,2461.1636210531506,168.76541960764237,40.43607503776102,519.0521213327545
0.007997341689181613,1.0166478868408226,13508.088222911008,2000.6980296127986,229.8730666886403,2428.5338484535114
0.009879549355538081,0.990944484961487,3028.521403998469,1884.362290602161,45.60595442947063,5104.645705910671
0.007857195615829411,2.984120176925194,6829.584424392215,2007.147970197196,114.08378172907118,1880.115118803118
0.0060880821460970284,0.7962961771766767,9713.262973657298,3208.8630981888123,247.38678565569876,2686.7310595970475
0.00982433974045928,2.064376178203558,605.665584870703,864.4151067473157,115.6310777928763,1196.0472256406413
0.011855070352286787,1.4423470418154476,291.41026195612545,501.33225683601626,59.66724128904263,1653.487274587214
0.011007130362396913,1.004842608490798,11759.252751909666,2713.1511002103553,176.88546569765728,4359.440423762761
0.008090262528465295,6.0079592828262225,13628.970433430213,506.0149010274416,195.58059269425712,229.1283586105455
0.008130120684401854,5.349368984940357,9649.412153020141,1500.7443732017828,97.12742469568136,901.1627735368916
0.006266496303186172,0.9025382360826495,6894.066784895627,1733.8074382659267,177.75884957283586,3135.01673219192
0.010918689668830922,4.981363648123338,6922.789181354065,1041.133168153629,196.1117338366327,794.6074733392828
0.010884688139532856,3.021874141579123,9674.306005081538,2773.4194602549182,298.4913915459603,1161.5034161676667
0.003995389791634982,1.0261136397991732,1697.8895915845703,1012.4843518926633,61.35768852241263,1779.1232538481886
0.01016694827198333,2.0062614317761285,9012.983126782046,1950.3283427300205,145.660755230606,2370.161438456967
0.003846971420455205,0.7906567398713295,12913.205483077983,4977.307731205522,266.2998196575583,2713.781417990881
0.008005802776167772,2.99192966196779,9872.0046972901,1995.398663721193,82.67232141145229,1765.166507947898
0.009935849408494485,1.0062559920479652,16033.80987127417,432.24409242631407,101.37149464341869,1625.929120814264
0.0058391132222584035,0.9999304089531663,15632.150962516425,1528.2303732831115,197.93899738358405,1913.622109273696
0.010061096468880903,0.5930511274867595,2312.762254409346,500.57404003792897,58.43398966140734,3825.1923798510634
0.005801743192542787,3.9850424237656856,14963.235556847672,5013.220831379664,279.4246120762494,1216.9277748166105
0.007866665150088463,2.0246100412084016,11810.49324304232,970.627094262039,260.77447108744525,892.8302629728721
0.007774536418839431,2.0131029333486876,13858.93554034233,2792.944623686333,157.90180867649465,2495.05114828503
0.007929543262186395,1.5768790634804601,17177.71903519671,1592.4615802449428,225.01841577495793,1550.4288638751761
0.013356990481967352,3.667488164487119,2628.2494836870933,2039.944263682267,207.1318333238828,1475.4713880310624
0.005829589558833107,3.009228616920721,7801.294708512427,3370.5884996400023,178.08408244087968,1684.003714432918
0.009137546242266254,3.044527375443235,17989.782664345777,2029.9886050290822,347.5989926204545,598.0112160283838
0.004023503069581487,0.5018216808574338,11906.239328685742,4439.709099698636,159.56351275355726,6289.025891812166
0.010138268044835627,2.0079103862023233,14367.136080567292,549.1309637860652,198.68046554456376,899.2083058050949
0.014997682842883048,3.185500326865043,5049.63210558454,2221.4885669665387,217.66730825801815,1998.968204319529
0.013026897803085628,2.9943299213057673,3415.6020215134427,370.44422717845515,46.46180478129384,966.2909601617743
0.006085511790830851,0.7898634759861219,14692.539420078037,1590.607809162706,321.9142849270302,1122.4356169922646
0.013114035702541485,3.056758174702543,1760.4024534596595,809.2788815238875,44.61537293128256,1499.4386624646886
0.007966541205242123,0.7882798533936338,14645.117009098021,987.3981142725178,189.73420762598508,1937.9942937305864
0.005698458697549553,2.98120997697437,6871.552094681724,3348.2859460579903,243.93810847682218,1279.406348816701
0.00795896072129552,3.03302609381336,9782.072187869215,1018.4503650478661,174.78242615052443,930.4946350998432
0.008282169664617142,5.392842770477253,19770.254000057466,2248.530004979773,251.0146863047856,844.5938115503388
0.009517191836154034,3.010717105707363,6981.233837502325,2016.3496096074853,248.04723096761413,1300.708267233746
0.005797558552182187,4.022228230563002,6953.151510714233,1494.199982021241,199.48915560489982,754.9164040693788
0.008093483461164078,0.38813574435538256,1197.3900534049067,4777.0492228791445,31.54893362672978,10015.19981702775
0.006043516422178625,4.054675322828509,7008.83387462963,2963.2854148157535,278.3321680617152,732.8619251115487
0.008085148410463263,4.999180726110313,15941.899644799782,503.1147192478371,247.4845537224519,248.4256500589844
0.007884549339099753,0.9813030743089326,6773.18367881749,494.46496035971944,114.81224081905705,2092.6052109277057
0.007735403313175375,3.086464710223955,2503.824772844376,253.53266490919447,122.12636959258387,344.08946725564624
0.008212949998487717,3.6297248952930072,10006.124018274211,4963.149763858349,300.5421826431379,1332.0681707644103
0.013346626966323284,3.6586872678508096,5137.229488201225,2057.6779717062236,243.3096236127522,1476.1427466913924
0.01001036799786934,2.2848203706505466,1498.666413673333,444.2403992648783,72.08205933270126,1032.4327804455045
0.010673134340760412,3.9728281924836346,5741.632303379632,2036.2926788828408,198.53858501750906,1391.3341173840363
0.01505753355717439,2.384777547434422,4919.119226626784,3873.6126964957707,253.81851012615255,2256.5243803999842
0.010949498475109851,3.030359410586691,7861.311151803898,1521.3689438315441,256.3685057157993,1173.4943190566041
0.008073626379578145,1.5854897498600942,17544.77397026338,1586.0439456991762,204.2331073687893,1744.3967479953817
0.011092464076936611,1.0036031829513712,15518.02417460677,968.4274885952457,120.30994194001738,2844.1827122715376
0.00783009998197875,3.0353645681018864,17405.937591254366,1994.221653530932,184.60595559485648,1343.1850060771
0.005732787198883898,0.9985392634120901,14738.554575727401,5024.499275373742,240.64265674790673,4175.483327287267
0.008013014426701031,0.9978737036057789,9879.381328392952,497.7946038905035,90.62795376481547,1767.3989635579094
0.005973577480090907,0.9793043808942155,3031.5587771913974,1328.464412247337,61.60993590808849,3519.4758769963323
0.007741754206658815,0.9936199414749737,6795.243895101303,1023.6311830537494,205.86390072085666,2414.138716402625
0.005844692017450076,2.9912458075305963,13809.3735094293,3303.444598167668,258.48672565787666,1084.715601530501
0.007390021959682785,3.7576703259323496,17705.173281820236,2695.7137804495856,319.52949404130635,700.6617616351172
0.008007407921586605,2.430953606114429,14754.491406911438,1015.7490203409196,187.3604195444739,933.395400318649
0.007785204254295519,0.2501910696783734,15470.048039756866,1497.165918806098,198.34679755955696,4868.71130985963
0.005792560054067223,4.045537782871533,15567.927539016799,4914.759554840885,178.44248880678438,1905.2863847696563
0.007999094319884862,0.7768324355728775,9680.499964776189,1025.078610740473,223.3099248569114,2225.510742756753
0.012838369449155916,0.9001805948963051,6912.299651430329,2744.10122758776,203.61484102046174,3831.851327939629
0.00578674337892745,3.9561034763974687,14752.678139613097,1507.3186728080382,323.1568040736055,333.51147706825316
0.00587606813956997,4.924338429673289,13800.805038777411,4962.367413063363,295.10777115328705,872.615731453519
0.00801520120833822,3.0177133950506407,17432.748655689116,1012.9792011663279,300.2377371817381,443.0981641785018
0.010171979804385549,1.751072615693791,2530.3081517577884,146.95722686559813,43.74625715331484,502.3161095395974
0.009315466344667877,0.6078158109545752,129.83569968079425,160.54952348078888,70.88860238158468,968.5735525519312
0.009871111630511468,4.987452608824974,13554.48664024548,2995.08948696438,229.24650990513416,1154.4487404869535
0.007982827218028066,0.9993276350376558,17537.751868435033,1965.5677189462865,95.23351581285493,3802.5094001047405
0.009991264603314922,1.989950955821225,13629.942567044194,1371.8947308335307,107.12270524368536,1972.6501818066158
0.0079997787391541,0.7760873379789356,9822.327609783035,4908.19772595291,250.11215307135862,3701.0625538154336
0.006126853420620878,0.7891733540502912,12698.842470723192,1588.615674233933,255.10731684523302,1857.6692135330572
0.007942784234600098,1.8025899084817512,2017.3640746939236,2003.3409357010728,125.08193689942748,2554.3046609550665
0.008020782389619487,1.5649450846845776,2948.7849582264666,1009.6036726766238,97.06130674978859,2295.166960913581
0.013143385065917411,2.257253833240869,2796.582233769059,1025.0032110973902,55.611050623847426,2471.2054518794157
0.009913341411569939,1.9935190634004716,18070.220162580266,2130.7837510245736,151.70677901579512,2590.074761001317
0.00803795398200227,0.9849506015662208,9959.664882977351,997.8670214754801,76.45584847270605,2784.118835317533
0.008179139618634604,2.9735117357912553,4895.664388331596,1269.818892928561,164.382155794159,1295.7673407589875
0.009298360012574522,3.0482276609904693,7027.023181734331,2076.6027122312803,274.58611474532177,1124.5373209020338
0.009835780983553283,2.019886240997573,12064.129569249199,980.577116191865,119.91495378651784,1675.778047845794
0.010019030323161005,1.0017337277402485,407.08797833597725,99.65099766666216,38.62292965903426,603.6774872477105
0.01001625421811581,1.49832498276413,4059.2130575853867,1905.3842972153338,110.53718796987424,3539.642802747562
0.007858727999395776,1.377443561462767,3038.0673085029207,1978.8476645075048,195.29022691481666,2482.334895766717
0.011025596404689336,1.0141096352536987,5864.94226823285,979.3152336235213,120.04451433564842,3310.113905344607
0.007739724471213742,0.9980315166075375,17871.49867608634,1998.6942264240888,217.77786808687404,2723.7964839975875
0.012877335416000337,0.9112570410297058,6891.0989238857965,980.8015194682827,221.72016840576416,2902.975611572927
0.008075600819197639,0.7755391044301438,7893.788157275487,3230.201526650783,257.21289639064776,3041.2135249777625
0.008073981837436451,2.4377066609567537,14963.100579866225,1009.9731069658403,327.37993798666974,454.020193996862
0.009956065018722246,4.893809575198859,12063.200272312986,2785.3823827867773,227.3304898475019,1046.7268410397644
0.012853168785822362,0.9738918680112941,3037.6335913750927,375.5392541946651,78.78574814836306,2454.6802932573582
0.00771128666414703,2.598678760441717,11830.97082659788,1730.0746382102545,306.7766951710213,736.2343400365907
0.010212418204460507,2.509298125014582,6923.543994339516,572.9872875138436,189.21083842887325,987.7977300581192
0.010141446720003887,0.35066844199080277,1712.9787395283333,2694.5891297962507,20.84714781952638,9874.916378245434
0.008246028399964148,5.327324017483733,15820.943873013764,2257.1937324382143,252.99978536141614,738.8801626111921
0.013596678901662567,3.5977966833111195,15667.558158185704,2000.773055738258,297.7454930927365,949.1378233207805
0.008121756520008636,3.0715521663154104,6718.298349994316,2020.9001328799995,156.4852758945445,1533.5570291070153
0.00989664798337712,1.0119837392749798,9746.574864531727,1963.6444715707848,130.5056723044747,4061.4541329484514
0.007981208334475826,1.5902684554352506,7937.819357093402,1541.360540196731,286.7916031024903,1434.140565218002
0.009891285886429887,2.0162926996945427,10159.7158157282,2071.1114987205247,215.3369911132704,1902.0133530736389
0.008040180315143003,1.6244393870889065,14539.722041840992,4049.756047195626,319.4036033162401,1750.8211195624865
0.006150286866865978,0.9247698933145391,7034.854605989454,5142.300424705205,260.53933452856774,3149.3519471281675
0.010148046535534399,1.9876749628841186,8135.637359598597,2494.645993286241,164.6877631532652,2610.311730485762
0.007899929113844632,1.0033638456670166,9818.540799918932,505.969362223182,127.5905814869153,1687.3270603881801
0.010432762684019495,3.8018412375495436,17656.272174452322,1702.60035251667,201.73503980183537,1134.7847530377924
0.00996786876380165,1.9890624418681844,8162.552117181591,2082.1280438509034,154.5856432408912,2500.169271582741
0.007753339694671901,2.986841824080246,9662.890778287674,4044.759793043686,177.30527528969162,1952.7465320663357
0.010569298678482287,6.0085069265199,19335.839460404044,2020.2184744491803,277.82211972630813,677.2274286857936
0.015586946090174974,2.343288605447251,6416.803786558831,2192.1297958969476,236.50742992384127,1953.4753573925923
0.00956745251821168,1.8619489720448683,8505.536959423354,344.4300901540045,92.64494366852894,941.4967325407727
0.010772278590107195,4.975924683570637,11878.884522477474,1006.48966427771,241.93640992775977,543.120600277088
0.010178751129345716,3.1652797536575377,2302.164563755518,580.2401814904192,148.7178590068489,928.0240560242975
0.009795587127782078,1.0136679122781858,13862.788198445276,301.15685998448527,162.82759341553958,1166.8831202873614
0.0077987789226262785,6.020967982219929,7209.327695198423,1048.6003856333375,165.24364000934446,598.1846405507449
0.006956335889281358,0.5563957235569476,10446.564744663025,2447.7580934978455,307.40181310261124,2108.668039047529
0.009949506016743945,2.957976290525088,13838.564966222062,1827.0037309539557,319.8043549126769,639.8832905914911
0.009869201888739115,1.9920340427168968,11663.487311624713,2007.4455215706334,127.39055256104696,2549.2408780446517
0.010000761202002278,2.0132319975799327,6989.388134590896,791.5041949434802,237.74339432265035,1382.3994352067648
0.01489838665431704,2.353418715047733,5055.8309191008475,2192.474671183781,191.15400420898402,2333.957731017351
0.00789083998798218,3.0094980515472405,14454.384789368092,1002.9490542402291,219.122257462886,681.5978397596505
0.01497565637573997,5.259312593568729,4042.276090747435,671.432881814288,188.01895592120636,792.618009629893
0.007868451650327936,0.7855175687492958,2944.3887104592945,996.8137394552829,150.83460195476877,3483.3030328438927
0.009967696972993462,1.7639327880301443,2801.0038478890638,147.07319463015304,42.756824786515374,515.4651672298171
0.005759927977657658,2.0235460893234283,13404.587084651319,2125.744736483554,298.4511412536005,850.748717848064
0.00791436925524678,1.9899633917132435,13674.846009822464,1977.5213761733035,156.1952998077814,1986.8955192305325
0.0077384961951414925,1.0023518936852216,5095.50980641436,520.9431932040937,60.4360784331983,2217.5991456289453
0.007913809260714508,0.9844694116566547,6832.733498465493,2019.0764035598174,217.8428071364728,2945.96031015062
0.01288805854003784,1.9485655798990569,8526.678147756771,2670.1858070826524,224.29327550178354,2253.4324277245123
0.009824130921915988,0.595708749094511,1480.7885475503842,1010.8065419113233,90.6174898360099,4455.571111348387
0.006148779187982909,0.7866365556554433,14948.500035194122,3943.947254554451,310.37009104647365,2255.8787576331306
0.007956841029628575,3.0227744895198634,17638.257502106986,3998.838642258627,254.72778024126353,1942.2727905673776
0.00814320241648099,2.436798365649251,14858.571254069959,3121.8780279386633,258.6051809005333,1576.1789248511786
0.0080029268214908,3.015755898689011,6887.219887674766,2027.6050697254996,182.57620435685538,1442.67235859497
0.007742551019314824,6.978953171353666,17633.975206565432,2733.047794746922,116.78006331444831,1130.4678493371327
0.008094672994860061,1.975571280368603,7822.03056759978,988.0474054953547,256.30927147521396,1128.9942164896647
0.00599699781279503,0.695236113100117,101.19755749727476,631.422080816959,30.16089578429198,1941.1809050555698
0.00933345876128143,0.6059253711142809,119.18674410626282,117.66240207522354,89.73393351453761,831.1570877278177
0.009932635785807884,4.959208958998392,11728.210274015531,1287.525138520721,304.021095868794,386.32093989667834
0.005753750128288919,1.9854326904771256,15671.064770381437,3437.2859617171475,216.52591766660163,1949.2337425284009
0.009394095733719932,1.2134618017674255,116.43651498140558,119.21269753800566,87.124385751131,488.383061845718
0.0080299068197272,3.4940375448770546,14502.29667940433,1000.6208083662019,240.38379107406368,563.6448340574645
0.0106825428106394,4.066182038188481,19645.519554185965,1006.1442303735308,324.44354593970377,393.428177137169
0.009977093295789313,4.955966874282253,13940.198516884311,827.846142261454,321.80397986621307,266.69953304024153
0.009332543887293059,1.2414732389996175,136.88544928497697,162.52632882249975,98.83371484936397,636.2914740577892
0.007994855720808656,2.001972111229561,13959.440403650779,1014.0627334645433,236.32581621297422,927.4569787981612
0.01111583274327901,1.003745072164569,13683.924640539937,971.1792629371613,318.8782668119598,1089.419317726505
0.007795546393521389,2.9950178329233186,17358.075506336365,1009.8006333930598,223.5869128118556,659.2378140785656
0.008054280530952482,0.8062276086746607,108.09149941311264,147.00916890674299,63.606936175451914,608.9159086461907
0.008031755890662209,1.9796957726730728,11960.008382828419,4942.16055368301,315.6916110307307,1536.84253540955
0.008105786926489004,1.0190709282754873,6905.166991604568,4008.61959224834,179.37226117485335,3899.709070934284
0.010083249903594247,1.9915421853752466,4025.359961627307,810.2296118795956,38.99402930433581,1930.5774739321162
0.012943265253117972,0.9744640747031942,1346.8597877161021,413.44047229321365,82.86059381252787,2414.825698091284
0.013070365063385077,3.0057996148455817,3063.083993040211,1004.6667761064923,56.18224101043958,2000.4646262235567
0.005814945951672467,3.07070245594141,13729.717041082225,3285.7971465056166,236.12449032070933,1191.5945041089258
0.009337731752340228,1.215010302546161,197.6767717839463,298.0021569541114,99.94771176379143,880.6347667441898
0.005761181647352949,2.0334091428031975,17224.406152389074,1492.185599014964,276.4086047364176,768.3868820656901
0.007360390084246224,3.823505119802466,17914.903474768427,4247.7319028926495,184.82683772084252,2042.4476000764737
0.003909365140837988,0.8009068563802753,14719.489471622734,4984.41091061191,301.1143676561463,2309.1967095639425
0.008114574696253304,3.9787706925611084,6988.302523276732,1995.3071927875765,188.13021243923467,1217.0798845940985
0.009462418851164126,3.1206533414665047,6860.345331317491,2696.3243435355216,257.9918391851766,1490.861346516156
0.009883537205931294,1.0085191175547068,7073.6930898090795,431.19355295412197,149.90166904739152,1966.4665976816489
0.005934108159322857,0.7905790667445869,14709.072176824404,1565.6686973559708,305.4271584717654,1233.1132730355491
0.009898504204826322,1.9787160702051951,3677.7640469257644,341.8694068745174,58.1767113661836,1010.9851361261099
0.009961341457751655,2.1246926852939687,487.89084465403016,230.25294361727651,97.1575042929084,577.0438177695978
0.009566135765105833,1.7516014785922758,6827.518487390439,2128.9457298724024,175.10426030250298,2608.2857212117865
0.014028629921076048,1.2553913733277724,8734.760508894384,2677.882822650464,286.26918029461024,1978.3645121168677
0.003790105246540924,0.8031857015149708,9738.584445217546,3855.5708257352217,235.9560081674674,2710.018270105475
0.013270686888880421,3.7151330424591746,16375.718624002211,2013.5390893583653,300.4627580411346,981.2095738704178
0.012864830403383746,1.9238700482537783,5099.711412631777,1919.837771048033,182.05471314562854,2687.7120317987515
0.00808360662023583,2.0158239073129245,11889.010474314922,1004.7059625604946,314.74486514873706,666.1510259366574
0.010032090494947505,1.9689486760593153,7026.554750991341,3238.515884411733,274.58301708216374,1992.0220072659974
0.009982283438443127,2.0162723421191715,1297.0423560653633,175.319429315069,40.08829955411041,522.3110803817684
0.01385182223950608,0.9851076312288723,10956.094784354973,2677.3289714079438,270.86771648822986,2858.9883502692182
0.00983452173955776,0.60162888562644,1664.4461870688533,545.2518523722413,68.60684337865412,3895.6116589146
0.008003217815212392,2.942379313038362,11981.578263690917,1493.297686625791,222.31189427217484,985.4579612049281
0.005803744266889538,6.00230029008891,14585.053782944568,5017.283459104208,318.2084672993057,700.4917634365112
0.013412275708880412,3.5909081252326978,13822.218341884516,2055.605556200341,305.6441260445341,784.946876085973
0.010398291483501954,3.7794444831356886,17493.813987779933,933.4430120605498,163.8300129652644,757.1054485086195
0.010384596817097039,3.827508109792982,19592.40886085438,2512.2937774387365,296.0873119973622,1078.3958824614192
0.006212344322551122,5.107256852743241,6972.885905142689,1361.1188700120902,243.3726177045687,524.1297713590535
0.00804539814027017,2.010985119713632,9773.335383077607,1495.840020366073,135.131708456492,1783.503661947305
0.008089106284527525,0.988110252996729,17631.4796925303,1012.2529954044716,301.66530249915826,1013.3402824570486
0.00785150900709357,6.034638225795514,9881.055967106915,991.050601011599,253.51340597472893,316.49614804492325
0.007724880622483331,2.634027796794894,11686.815403839846,1028.3240742710116,261.76756607507787,714.4607512802953
0.007951034498187542,2.4072457512941323,12685.516029710636,3983.023105165795,301.7153945318698,1210.8143012802964
0.011002202584752223,5.9039915985650655,9909.587365518002,964.8701308456629,299.5838853799168,323.43071393150524
0.007928043372560102,5.103582888169606,9771.336550047396,2675.0371946144624,285.33474497384935,633.3310053571878
0.005959962051484515,0.9858072226388184,501.5782907785567,197.72312589262285,94.65388914006903,570.4494274167232
0.008120749969142213,6.006556442342276,14671.843006060604,2812.0580807248425,306.3248965975732,514.7475841138416
0.007839225656511689,5.9448765502502505,17768.87733419129,2034.2549452897297,170.02294684377827,822.1010224711755
0.013373926945957059,3.6971122709112976,18597.300119969383,2023.8213334587242,332.65790006949754,913.4761099607414
0.010243687407622677,2.999851740771684,13767.58597708749,5349.899292483528,238.04859913374924,2713.89134796249
0.008019263907277717,1.0034779777059462,9988.006032547935,3994.2231773364856,282.5628167298438,2005.711250667479
0.007985755751098028,2.978901386442238,18004.98113864554,1978.334409089242,58.68299117909908,1929.4461510564315
0.007931135668799612,3.0184175957184394,13873.631213451205,2030.7614664313562,79.74993315893688,1747.026624414526
0.007805266769230746,5.9027526657939475,17591.605110509165,1013.1673435210519,271.6979593729639,299.71411928744607
0.010056410793783105,0.6013382449731086,314.1907999115807,193.68618035737617,42.014885842735985,1404.6973163355044
0.010908419860317826,6.094799324781837,14484.207931358791,497.5923820986349,281.44321449473136,212.11832722532867
0.00781842865552502,0.9964191534935934,17843.849629561475,494.3997558163489,173.19115884906873,1156.33099004816
0.007974564950933799,0.9908681584817776,9726.250687203146,2005.4679708792032,175.73451054285377,3085.9050797169725
0.010756680463420758,3.891344952330916,7883.35482774732,2053.3584096353416,221.59348772582723,1217.679191840019
0.00799443699751146,1.5998905650741633,12530.791520565443,4065.3652880572517,241.0686501985537,2761.8450599166117
0.008004219033602074,1.9847822501105974,4912.244304515736,2189.125426777142,213.00101430843998,2004.9548278932473
0.008140807735754586,6.011102575556536,13699.093498392067,507.738577544935,283.804432796067,149.8688252705977
0.008153740944251515,5.998741891503653,15777.166390367749,2697.3892630689875,325.2366527483423,463.8161710245684
0.012980846419862082,2.0266729124855023,3559.2187654648933,248.6933630988244,29.874253572834647,1006.4309694592148
0.010035149460811616,2.0469231327025885,271.4694914404752,304.420600383576,92.360038782185,590.3495427867782
0.008030711664062887,0.996989136048355,17625.844341131655,2021.6332969661626,118.4667948110604,3524.044646397421
0.006118456673731123,1.0076809546163652,2058.9658517500097,997.5187266597611,53.81588587702559,2803.4915427329393
0.005746933269067448,5.9865356500116444,14530.734234189571,4985.15888083619,302.5703356756958,807.4229503674089
0.007935279825603499,14.95505693554705,17659.98881333937,1974.7075351619783,288.59456347796817,221.3936921655585
0.007801671090361803,1.007961985677823,17479.509370458338,1995.6967559023074,148.125369834008,3188.0707269262557
0.010921387683910138,4.943386158949495,9808.987005599103,1994.8669291558108,239.04435824000979,886.7522086805392
0.008026659898950657,0.7783424102558876,9960.302672216101,1599.2798205624515,147.1346498840151,3603.8259266296477
0.007905576752293175,11.045764691245608,13393.35739467404,1023.5407940350818,218.97482760437669,206.57846519801797
0.01069569926288659,5.724615579611792,13816.804835860552,1006.8548646237498,275.7063426180438,376.6947506237715
0.01341655613748008,3.664259588426699,17877.381549966012,2032.6905349714168,352.78778854335314,683.894717191864
0.005997604600447329,0.7788005621346329,13035.574971697404,4039.3342026761666,292.28621790661583,2336.8852731256125
0.007759251794877391,3.1063036230676024,557.5952216882845,296.4631413991369,120.908170104143,359.3915999304989
0.005932554656699682,1.0046365544004143,513.0600443068718,203.76201664002477,49.45871771870851,615.853879120454
0.008009566779806554,3.499525610759102,9882.128096206823,2030.3556102258458,304.7579575329958,673.6180283831869
0.009889430764093777,0.9911510878285197,16040.00965167408,716.2752617835536,110.29364632379334,2255.8593780180177
0.0058387071214401455,3.9392488406650115,13505.223843358575,1515.9519971792024,278.2929026751092,413.6904372067027
0.010216017036811745,3.5998367975974124,6932.553529246389,1468.3435998607854,270.55851434641966,948.759659692093
0.007843045588036002,1.8053721714034274,2973.033281552676,2004.907962119335,134.2628255511689,2649.2538672076357
0.006058814899458747,0.7551629617515978,105.44734203244593,99.75955058007331,26.24927625374248,401.16835766633653
0.009350394501839105,1.8408155949182559,114.79612313360869,92.98166149632037,60.4034929028546,255.88553236064408
0.009358849239570062,2.4682149103066555,110.1996567770062,92.45690672252628,88.29257998767724,191.50548478763434
0.01272201010613205,2.507497221354055,6963.838791684183,1357.4351811533886,260.8283565158334,1544.106414028518
0.008134264295792523,1.5708511966097756,2952.015130297137,2196.8245586443804,154.60394560166722,3075.7968452544155
0.009963903149535661,1.9815044649382942,6954.828467226,1707.6915927240498,277.3259005519853,1589.0233470408887
0.007946237102025232,5.003291194054991,9689.86809653,3218.535651797451,279.28563677594485,755.4849207307997
0.0038303626466908904,0.8049954730568372,9808.783729397119,5049.894624904828,287.86224622836494,2494.783875986378
0.01018831501042049,2.929793697090107,17764.867447427972,1877.5078481641224,258.60105706276624,1139.2478147890527
0.008042236003653202,11.026034837651467,6845.919192592032,1987.838171273031,222.44197692524955,431.73513949610447
0.010402109405081395,3.8403188642488115,17889.479867611135,2143.9368669743512,321.18778655594707,737.3725100182279
0.00811958643499895,3.492602304376889,14703.286533711344,996.1224599031177,77.99629977253977,899.021073245996
0.005846458126121084,2.0324275723245937,17606.240575852535,3471.448100722978,200.43402438190188,2307.319177083431
0.010844503029096016,5.942750872816228,12851.352570183935,985.7714383959703,177.4225385284673,547.3186805295263
0.007809324398871698,2.9784444494388667,13617.439912504731,1993.511327250696,324.7115329960683,529.4615239443579
0.010498520192248473,4.9974361485452095,6859.058199793861,1983.488059594354,242.0398235609294,946.0838996052446
0.012968005273133265,2.47556721193524,1617.3033997723703,953.4947459638198,49.66171266649638,2021.2798722179944
0.005833842749151177,1.0019503954559144,9697.524207428625,5092.17297257502,279.8910750833901,2218.8661321975774
0.010102501740995333,0.9982170276457242,6891.0758132095725,645.9565093227963,176.69603628612938,2362.85022812998
0.009838758132964889,3.022973893359261,11898.80423327111,462.51192472879205,223.80752333566207,521.054338658367
0.009979078213717414,1.2567045049610368,1584.572360961744,890.753057776715,108.97246849923857,2500.1572067828006
0.007858751510667164,5.964293343226073,13436.648108422884,4012.005048578445,302.6560900753978,824.8255237138732
0.010066659706836513,3.042958679456764,7056.813652421682,475.36607193504307,260.58659660593383,624.865745053165
0.008021046006612971,0.9666351109583776,12826.097807560334,4001.9749747061937,253.8472176227684,3450.6881857088392
0.010974257959153149,6.118476119721755,14697.482908664775,2218.427344042393,257.34968025484164,705.632953096693
0.007920234868531252,0.7675410637730266,14567.528762277774,1010.7954039944569,292.63602258777865,1288.5766121641575
0.008193243889873993,6.086495890707523,15485.068940559611,2738.4741231664025,301.5616345723906,612.6677104534738
0.01050065301500831,3.774982249379502,17596.204642792243,3303.0564598937794,317.38034090579407,1080.4573581587833
0.007801796441147328,0.2480209821870865,7916.529837802126,1018.8827652574532,119.01154710896871,6131.680710651444
0.007730092849843181,3.0171008374879666,17263.861529400903,4061.25820639444,244.18589852697903,2026.3752960877687
0.008025402090471673,1.5381652519966116,17749.652713452382,2678.554354280818,327.15827182336466,1301.2012618762897
0.010823340667193617,6.0201822581373765,17416.41364873009,1024.1675393378812,262.5084622253147,381.73210754332786
0.0024635700543183025,0.19949623391707583,1362.7872670244333,5456.367524401412,22.048577830586623,13028.524802482683
0.008199948118274795,1.730243326024068,9888.410903834178,5029.147878227407,273.2496792738128,2070.416104770442
0.010091358714643825,1.0052089948093934,9892.999961025627,670.7563346226186,122.61028087105578,2370.019247953077
0.012943059009022928,1.495489938173832,2902.1756945270936,436.1913083093587,37.22740520763049,2079.9505547975314
0.008001960376182938,2.4569175074800595,12713.435535819302,3147.6754426155153,281.4510470300946,1210.6796792122386
0.010000999714146584,0.9685619823106749,2339.838435924971,1927.9125209884105,130.70113953119858,4332.797958141288
0.006254707572336412,0.9278839214182736,10219.132040513046,2672.5453915346943,216.7819007882875,3134.8400211209037
0.00589789543903139,2.983121753373959,14674.01165020691,5075.076796173976,138.02786951812786,2693.975110699915
0.00766670965318357,1.0159327112271825,6768.850397808981,4073.475334624216,168.71719826609112,4150.316995901977
0.013393059914663778,3.6514407456270326,10303.6726607762,2044.768755747808,267.2963565402745,1195.591165308195
0.01075916054453432,3.9947844617324777,12050.094859991888,1006.4838797294573,241.01739236286832,651.2365085605675
0.00782322249611136,1.993398673307126,7667.476649646233,2809.3436356840234,239.30206472485244,1893.6165190494432
0.00789942629604425,1.5970194065573182,17645.964610907635,3217.8188532804575,275.06323060255176,2180.721052792868
0.003901500036201511,3.126692844354091,1452.4549717879786,1023.2510470090746,62.15687147221118,648.4594391815508
0.005794317926497221,2.9596613136237884,15880.421051094127,1499.8049610778992,139.01062055437535,882.7843796850589
0.005833449734216498,2.0061493446597414,13863.336206296233,1502.6957462745963,257.5658535355883,858.4788782870381
0.010044163111154634,2.0075900300044567,1735.993211362201,720.2144591600863,88.13801274818718,1512.862161346963
0.010187530227516154,1.0037133016053805,13861.316272220418,1468.3729335495748,128.57613082288302,3396.784006855967
0.005870790678501269,4.001205042044818,19859.906241463457,3247.0376805848396,177.96234516767552,1400.9864920771413
0.010027830446441125,0.9618482958583783,1469.7425994734579,172.5206328041262,40.28311255899667,1063.6230224376827
0.010076234210749177,0.9775783113005186,9693.953965114793,2561.7573116112735,133.92787562419187,4659.143393015187
0.007753325813510145,6.011487200670206,9734.176922076558,2004.2393733915917,153.27923702850623,780.1727739784841
0.008158220107493144,4.025904615941398,18126.743774707982,1245.9954021806923,351.04114129767913,276.1402210824623
0.007894684590252736,0.3922118962323403,1523.9918644615836,4849.349403560311,111.25539479581704,7643.926668305917
0.00810230913786368,2.929221388748836,6828.3938157139355,4045.327222595225,252.72559807083388,1658.905061133301
0.010600302486952207,5.99226533529245,17759.329498051855,2048.976559251626,302.479111905882,598.2012549363343
0.006240360330176915,0.9099587713927313,6857.802171814383,3868.9216747713162,134.87033374659052,5357.2872186994
0.007902638139900468,1.0082513282278973,3046.8323593910745,573.2487196104628,59.102689763894766,2427.835150271929
0.014313455204257608,5.915937442061334,15586.524114911239,817.5710534430227,279.68158790725954,408.32696963078587
0.003838588703075998,0.7984499155581427,9689.620628339242,3979.707779431834,249.99040250659365,2424.545882411768
0.0073640614793601955,3.7583017450218135,17726.001207248257,3185.8164721023186,100.85845003918554,2006.6019315056412
0.005822594495578796,3.981425885345345,19327.87381494021,3362.9331157757947,321.8900695024085,728.1713764561224
0.005806548365677715,3.022202891667489,6874.077916053832,3281.7040628021427,78.28133829561307,2183.1929671113635
0.008054185230936562,1.57899179755738,14799.180370749094,5007.91278675786,312.29052253492364,2116.048266058574
0.007996213044192506,0.7811450449327998,14622.066825785378,1002.9023194812378,156.7665734569721,2157.164846461542
0.007871992020383635,1.955308450479533,13724.181520196491,2004.958654268218,193.4328780568563,1761.8509838190234
0.015093483537576918,2.2530959909803703,6361.423846321128,2282.4852605005863,231.88036812606225,1959.728998006503
0.0038842366049337477,1.0469050308969996,1263.0636865772283,1130.8636931605479,60.75722834642778,1753.1310816683601
0.007937930915345197,3.047222947912292,6778.929258159548,997.89283329459,141.55073404502392,1141.7801623976316
0.0057608370463919775,1.9723647948660437,17692.74525701523,4801.979399794496,307.44916654101786,1924.6468860486593
0.010023046178437722,1.0007930703267738,13854.012279157572,334.6720462853638,112.04210672022711,1365.1352750288213
0.008074334475950663,0.991574658988512,6897.576380193708,986.5782090916789,212.50855057448965,2635.9797114095722
0.010073597709855955,2.9962121256916148,11981.805684371222,6799.984805991198,308.88647252316736,1931.7976631683036
0.0080712976566811,2.9813508799159307,12047.120329467756,2028.4403379305031,316.12895457056413,632.8074165771629
0.011212826462996647,3.0876324527962606,10211.895068249323,6819.494007068784,286.31267206738585,2127.9880573040014
0.00803317879629503,0.7902027910684631,14414.038223140684,976.4405490235722,239.84716234704499,1619.4550171598812
0.008110763642675609,3.650713579670369,14114.251591359978,1501.409969205904,326.23812253915924,425.7533598545958
0.00803651801105885,0.38951192381743316,1524.8980314714727,4829.641456163196,116.94179877790664,7584.955342792203
0.005819637099439177,0.9934547377857829,11931.478929134717,3315.053991539966,281.4222138761467,1897.2728910582196
0.007906117513514598,4.976845579160345,12923.983879782427,2707.53602414619,220.54802537479443,898.9613710681942
0.007824023261978364,3.9877670362064315,17729.688304134655,3369.2718208487045,325.55584021534463,895.3430063132743
0.00556819021762994,0.8577214134514697,6933.345250139539,1937.940345901235,251.85393028446546,2670.9320657824865
0.007689920612391712,3.0412132648890333,9854.601058827968,2019.1572448814873,184.26947098858872,1362.350217448278
0.015274574023655051,2.4557916285747345,4938.769854492294,2216.2363264453766,266.3306040583901,830.3526462587267
0.008014289494757994,5.077744350778461,2979.145771128464,2013.0137089825837,134.84752234356299,1056.8079160979016
0.010116662377195792,1.983733014399462,10091.263011110266,536.1204330784045,100.59908494264272,1223.2444507458963
0.015263539073361242,6.001752761566581,11881.582068923728,1926.06536073355,277.2103062005226,749.6583036466678
0.010901428715627895,6.010989708273548,12717.259100674271,3802.874411867656,298.22563433012397,871.7559573445508
0.009845881691175304,2.0037958107948985,14173.016043264543,412.49854976700436,175.2122620106567,772.9065668539067
0.00768515082600726,5.970509455631095,14181.735676127711,3964.76743508077,128.87762205055887,1527.3902201220587
0.010653889063761354,4.057586067278809,14879.229915663707,991.5199349159773,317.18789528117594,401.1715124347785
0.01010394661498871,3.038899563146467,13752.249156047887,527.7419030581965,243.42886584980508,525.7545120081425
0.011224494327050104,1.0043830329704768,13865.993261806765,938.0268245170672,99.98356881034886,3047.6308288274904
0.008049832178167973,2.4888957785096024,2964.295541449242,1987.6147407723795,167.46043463716757,1817.5981448528282
0.010759540318685574,3.010024206834109,6750.363715346265,497.76746915897695,262.892601492899,653.67052762609
0.01266917148929956,4.592383003138672,6841.850279383217,1281.0660212337573,259.71451360554545,861.3521331724088
0.013343518735780987,1.9853060027464613,3142.358898811617,256.44079640949957,29.87180136653757,993.9950347738962
0.010184437038154333,3.035234642908707,20223.887277289123,1141.469837831579,350.8472927035122,426.5013537552205
0.00983492342223557,1.9856478918124527,15891.987323121519,1894.4893723955724,142.54581905968993,2345.8051138955784
0.01005143423396228,0.6082015284660185,1993.1566613494806,858.6268802822575,87.44692268722338,4595.689305801187
0.010668386532661877,6.11878611717517,13759.919384242212,1996.758146115126,239.8844919769816,712.0946714077735
0.007868687244371826,1.6002159167186802,17546.285726297257,4013.471283698025,287.6696299631239,2620.4278162061078
0.010008332530214643,0.9913454110576231,11644.836834559268,372.8441081913256,96.69668351061239,1639.1255658255905
0.009875548575904456,1.008380964240294,14111.186691288423,1054.6413175299751,201.2586645054791,2040.0435684085624
0.005744949087406099,0.6265274155203273,3465.43152922458,5239.262713960819,97.02155332248428,7150.988984128373
0.015110591489696519,1.610124337774733,4961.144933622991,2161.138390472828,261.3522418543958,906.0363448773471
0.00948291449319759,1.3521535143468013,7073.469731218226,2038.518439955653,208.6487453445802,2735.3429180081766
0.010987343083084564,0.9892187625549206,6851.55756815393,2740.598898709166,204.3625952851248,3519.7705748943577
0.00992517808055011,1.2623092208013824,2395.939226584701,345.5733838576506,59.13773857300153,1542.3670672820288
0.007999025479212128,1.5537278336962894,4923.142766682007,2209.689229123638,192.26862874352912,2782.750624423332
0.012602107736238708,5.542633254139656,6945.49235761731,670.1850501313362,173.92487055130587,682.7965247323206
0.01072507649130787,6.025065891242464,15635.108738026436,2031.6979617266395,272.8985630403822,611.8522294389572
0.005773824429787312,0.992500082649722,6990.05673893557,5033.621819468538,158.3947664766937,4673.539430706212
0.005493799992225461,2.53048741719155,9690.889361384128,4260.9780663522815,293.22255726287295,1131.8977960865432
0.012707067039174876,0.963396174223331,1953.1300346134572,379.2539130441774,80.32331636484045,2438.7274267441385
0.007965224666999605,2.9942639239984885,13801.308889697711,995.5576732465039,256.6335534713774,632.3436081255321
0.009956950966833026,2.0255424396959634,4974.819138599323,790.9022992191901,244.5801923372732,1377.142628885261
0.013030729908924333,1.9970942327113255,2705.3864269262112,882.8258640555649,49.468986163934396,2576.69244360774
0.009966033937370404,2.9558633437499044,20284.071736307225,999.3193739375928,267.43938329997536,638.0909344538723
0.009787324188636216,1.041285027293923,1628.5084571752227,213.7337340431187,99.93943691018478,1051.7846232470422
0.007962401747241521,1.556343502998854,12936.293427920264,3232.7576324048446,277.1239843012146,1785.05290401449
0.011871561381553063,0.9989939180396918,723.3337381883756,97.95481143161092,24.946209329040673,651.076992090893
0.008084055106447812,0.39390387174571756,1516.4033170462358,4912.985417172258,118.48910822753649,7480.943055155174
0.0059906172691953,0.4931017536210272,511.4880603770428,99.80582521065031,43.72499090415167,573.8293450303863
0.007880372009684123,3.9704576138375383,15682.605946140988,992.9876372044203,300.6598755291098,354.5358025619661
0.007874281662897756,3.04208609489573,13655.944928319626,2003.4668072349496,132.8469962139742,1491.0646822928227
0.00798820015229509,3.0104866197923603,13844.154142315532,4074.4844276564113,302.24501697466053,1341.814913404217
0.010110397186530031,0.6050445069938646,1077.4973424779462,488.90613608496284,55.060004210876514,3327.580829690028
0.005796638865067117,6.00933865747071,7842.84659024671,5013.104344398086,161.0637799859424,1311.155452683908
0.0061209470616751,1.0122996500266557,713.92791646836,199.65806549220588,62.057482311502994,624.9021535970608
0.00580311809277061,6.103396208018169,17494.789453759142,3319.686816526385,96.53683421319069,1160.09438290977
0.013158587245877233,1.4970064034061819,1149.6996069826023,733.5748861761537,41.5926607159577,2567.443556316475
0.01284647221223487,2.743997364617804,1700.750539868125,1127.3356279353425,51.75388519377606,2018.4554354604768
0.013065350029197096,2.0205826892884735,2406.442317596653,643.875962686466,41.74638235294515,2019.8981180743478
0.00800249979124755,0.7904094612902627,7886.970436552213,2676.286097643175,234.37244918852045,3113.5721225190555
0.009534775408588847,1.7444176802760911,6974.6121059922425,2004.9828810116742,256.7893997176212,2070.868879983678
0.013351514125538443,3.6381143212207014,1695.11129956576,2070.3635072866227,145.03463106559138,1835.6892969128144
0.009292110812298852,3.010843566120683,18306.30768878808,4174.4635406087455,304.09698183942,1716.0554174528977
0.013153594081822236,2.250019304480114,2106.3011008929316,1125.595806456061,55.37039334034995,2461.256242106381
0.007702246795516635,2.9761801828240455,6917.987560047095,1979.7336279368526,131.6981935012721,1796.0809583002228
0.012070915296994776,1.7972319799292487,295.145437244492,303.7652321055266,106.19919892732081,860.3846825599161
0.010894517323262996,0.9969415107762625,15764.731137352324,2752.0200417040833,318.63572491771725,2068.4898726734978
0.008363802261719226,5.957697498182833,14563.566372257661,2760.8009955521206,282.66262035750117,622.28469412888
0.008291168042462986,6.0444572043222795,9731.01458937783,2722.763917255946,265.961186779554,668.7154592108641
0.008053318340385527,2.975705527849862,13764.657304122482,1004.5679454732084,183.31579461811208,760.6140750511443
0.009427869436135342,1.8165043094320745,15062.514746268143,1352.598385268256,310.7205978368879,742.4944046179971
0.008028778938750212,1.5833774715615272,17482.038644015436,1000.7226208268258,131.9214360854439,1420.5159382646125
0.009928160439587917,4.938809720129534,9899.689311283477,491.6839598247866,291.67130536406546,338.3175378092448
0.013478672677735514,3.7442317703796775,6822.70039798946,2028.29933797571,241.69482597460654,1515.151965254945
0.005888207117474758,1.0238719775699223,9789.664481388014,3328.63954951528,180.5562128887752,3434.667605656705
0.008018716812527709,5.889216251715336,6892.670709701982,976.948549948096,74.08273916317724,683.0834394021897
0.01319740976044031,3.725913524822203,2582.2060007732575,2035.627506651122,207.12057701665736,1481.7093319256524
0.010330903738145988,3.743197732716522,11825.869901174587,2006.4171594310558,302.5954371274379,686.4372595284123
0.009603545696502336,1.7299799729105712,6897.833801751272,2015.3411835781599,214.39618878052525,2265.764519238059
0.006022678945994656,1.0053656210057884,3044.7203618202047,569.2470733413846,49.113992962676676,1958.0099897120324
0.007870442720844313,1.0147721416146118,5101.663891894157,504.7463910877276,59.72618956712139,2143.2422609519604
0.013345914556530168,3.63441234885954,13606.963669937937,2055.8642839628715,312.6004450437297,794.718975166004
0.010189775460197694,4.965287135147989,15663.55995963339,1783.3193745853198,329.11207610834845,418.17359311819786
0.005859026465766111,3.9618021538635135,19531.7697380802,3315.096752646193,198.94476229755503,1320.6661366105827
0.008100905578988824,0.7702564194470866,14776.752488066812,1002.7481102267801,187.25880585416994,1964.567786317547
0.008131473433527325,1.984209584783069,11873.344616369977,2039.8259311411532,257.528324711266,1269.3182821056955
0.009250361707690462,3.0504697144309216,18577.648889052663,3094.941699714569,334.85200898144194,1119.7637643553212
0.01004654749828236,1.0100416499601912,11982.823482437409,467.7859949425257,100.47426497534244,1911.027915184871
0.007975541879145537,2.008485058456455,10148.941424519953,5065.82380535154,301.135142123266,1612.4295272674813
0.010039192833715366,1.0041803185939466,17722.260345398612,605.8537515657491,99.47728403781494,1828.6894115412138
0.007748076567194474,5.94872951467866,13483.830386900267,3964.235798550066,201.0447791614594,1266.77666938892
0.0038884417213055447,1.5489286405669218,7891.421428073916,3975.9643890251687,251.35499070425297,1680.433132732116
0.00984708269197179,1.0168247091011773,826.3932524169362,149.6139763872959,87.72802853881986,790.6996378287774
0.007807334781686582,2.0877490134635326,1697.2283282598016,546.2526610480668,113.50291728433592,984.8416550978982
0.007946250268497247,6.021884968687003,13837.830897774113,1983.4569356660495,326.7842978975135,302.2642612360016
0.00801854377969825,2.958704572947847,17891.921372324832,1998.4269871791805,97.27525170354951,1690.4496088576338
0.008105161087451462,3.023509308903585,2972.6753664720095,1005.5249828730198,220.2138982272444,901.1289705627241
0.010250166209458154,0.6054027619518824,316.7298663670979,427.2243834052984,37.721363671520834,2161.286044275691
0.008037307440192707,1.6141047373921338,14594.263878294809,977.7994398388275,283.4482516538797,867.6672436824318
0.00805399432711866,3.007052885218946,13783.647035307491,1018.3028601426452,72.6042508059523,1042.7362728750863
0.008060636477082989,1.594524104839976,2928.500787859611,1003.0557693618958,124.34627680962188,2092.361495990615
0.00793293175018944,0.988556859125362,794.0809077484059,199.05444868879047,89.32526818283011,751.1026658487615
0.007885991484384553,3.040285857684786,17810.74790605044,2008.6426632253301,136.04353000410367,1601.258033263663
0.012601438443861473,4.550030498547143,6872.947517101704,1345.175260565235,208.33777069456562,1082.1619962067593
0.005801870098537091,2.9840062724214866,11621.460746384311,1488.5760534409978,278.8349248582777,514.715749083712
0.00991682027276756,0.9989698331456122,15994.93559706437,905.3956576700494,120.31362814885888,2713.7331884813702
0.010961685994420241,5.950497079289822,17773.1810172294,2260.2042096835667,319.06081415123583,553.3818459275911
0.010819415565156566,4.976659730691593,9901.740004492838,1008.566554358605,264.8543078318074,528.0802715284177
0.007967986671760185,6.069797376735455,2011.6714993921826,1273.5613561515925,113.79304167870242,597.6143514594355
0.007901588605225149,0.9993600362882139,9847.339858792178,1000.9196154847992,89.86282101831661,2490.313661749276
0.010737963861819104,5.986771200699743,11867.095039633596,2040.776872936515,281.1035436019069,556.2081512161883
0.006013468598229612,0.7839367831033685,7923.266142177794,3188.6508040842045,248.42446391135113,2795.4062397251255
0.010394005197449659,3.822717072700522,15923.537948187795,1745.0310953410012,289.6892357041008,692.5575014202119
0.008099433551829483,0.9987783191288786,595.6935742782299,67.28327638387157,75.86038218302336,314.42491020387826
0.007884566917067536,1.7938412809594657,2968.970211567768,1998.1218124212805,131.6370632789408,2495.478063040192
0.008022892337427498,1.0007465100334727,13643.272618533905,3983.505579551456,177.30441597307976,5312.054128909693
0.0106677321721143,5.961127478452069,13813.208885236556,490.8404870653751,299.689117469582,189.7461908207383
0.009531869699857263,1.7486822435959724,6807.458064744577,4015.0463652747503,253.4489001062223,2181.272390655635
0.010004405490714173,1.7741010277678562,2182.804894651595,545.2247996352133,81.64384724521672,1510.930249263813
0.009979702924332907,0.9895644317240309,11861.997244903141,447.3411388543337,92.24795940725545,1959.874145540657
0.01010627920463001,2.4455550449155745,6919.599051512275,2763.1570854653332,128.92522545051125,2743.3944960687204
0.007984542943078125,0.9900168139749833,9721.446076043872,1010.5294113416741,275.6317239561143,1543.5431156945767
0.005855204222282751,2.011545373591992,7798.641783360278,3419.597832437,200.65255141011548,2060.3578886684445
0.008050869129685098,0.3969288834343746,2655.0470337123666,4670.512495537798,108.14681866551182,8743.09405106853
0.007996960665555145,3.0359704685296682,17630.419352782355,999.7651198424301,311.33276180889476,436.63328268835085
0.007858057322704433,5.905708651665546,6916.853962468739,2008.5734161772916,212.68119694366962,671.3103087093212
0.008102704913960859,1.5919981695542202,12836.57621798324,2194.4794099838537,282.9859667492826,1318.1775000884984
0.008023505844417883,0.9897500398164153,9860.773203613726,1012.7490490258365,161.12622504261253,2314.0723984989754
0.008197647468010643,5.3580840163516195,15641.169830042623,1012.7798546361905,117.83499225341183,574.3631411240119
0.010862284508746385,3.021388139090537,15661.131310857863,982.5942243454203,277.32280600070686,680.3789458018091
0.005871336468955994,3.9450206226585807,9847.438151707991,1506.355837456257,238.58016271940912,546.7594517872284
0.007883620368217364,0.25403689641214866,6802.815178553286,1523.8644642923455,158.0767481208455,6560.907890840883
0.007862628017170092,1.0136722455988876,13559.796316688577,1998.9108212730544,255.76226428341542,2188.961012900142
0.006066674339359345,0.7996622808718589,14850.547260484806,2250.969125945523,327.2059821946982,1249.1186092908888
0.008043425945242464,3.9287634790860397,13901.917397540668,2029.0839052645267,326.9071472829313,490.9261089752986
0.003811110142296921,1.5735237579060335,9835.800924071218,3981.6332195070295,244.32894635641154,1569.3236269649672
0.005803109266806989,1.0072094160953742,14561.2562896242,3303.7152226476683,284.90249604285685,2344.185686190725
0.0081787063831909,5.327357036928066,14744.739115010767,1016.0579359339902,260.0741474293605,386.9635660326617
0.007902718546252234,3.0278433303066503,13799.666328831961,4056.2916327029134,327.3009060256117,967.3899667465631
0.007915760051276957,0.24955001194918217,13660.863172188088,2012.3677128404584,198.51934468933348,5672.350478771905
0.005766872108033248,1.0000898719435498,11572.757597432588,5030.80523203054,276.9798171896361,2475.8489723508237
0.006016367565737791,0.7725618768560808,14651.588579690375,2229.2296293593163,282.2342879618002,1930.3479070317567
0.012768526848942434,1.9449617864027573,10269.185938131357,3713.0024377363475,235.32146905469835,2690.489542174406
0.005824337294402329,2.013412984823236,11866.679858598567,4928.941577359591,135.11439879049496,3337.2390867062863
0.010783520460228613,5.952719870136638,15540.482353799081,994.9998953405786,259.4716405524027,403.13282057865484
0.009909914212568621,3.0094608694933775,9951.576387829095,520.6531661346024,289.98745013639694,536.0027019734026
0.01308967916604791,2.4850008499312146,1990.0134251923444,337.09995095895783,29.664765594102015,1013.631320765677
0.010879245350789362,2.0071891632877765,13694.390660610465,1502.9362802538853,178.22036138390098,1747.9440871499169
0.00616289450821496,0.921712241711945,10644.643117638101,5350.237117429802,182.9215892490788,5921.097496486956
0.013519115960197987,3.6829869237947674,11873.283639520281,2062.338232728359,255.2177355167836,1132.271475093178
0.007731672355494484,0.24923299220375641,17475.914269620684,1499.0881193746147,259.11469701256806,3527.128149362783
0.008037425997122845,5.040398937165386,14789.768124289989,1591.2616130039544,334.191510724492,279.874130775098
0.006045147485723151,0.7976741761925935,12474.642663840657,3244.168293070667,227.13120914679973,3178.6670373267916
0.006051278043103261,1.6568056361963335,514.4023047839902,100.87888791669927,28.577617693340414,198.25830948690052
0.005686066779095403,3.0153577461743715,18120.49758232869,1486.8166794421563,219.05586874965252,716.6861619164512
0.008001886919881662,10.908726744701662,9713.240994269363,2016.8827846500053,138.87797607793567,491.4499360041402
0.013065360585181545,2.4794777435995043,2126.032972371555,874.4210127998504,49.55743780653134,1992.0191965698784
0.00916301681761726,1.7268603249921295,7029.534408371031,2031.4121432477643,250.29150706243894,2186.7901590183974
0.007990451639315102,2.4742823615634415,14824.279406685535,2707.3826701759162,245.80418723111296,1472.3056548848729
0.009555609187153096,1.798786344248738,13654.087560191887,345.9747227347125,255.86935185304526,533.1989060638357
0.008069257424807075,10.909450396838997,6883.5818203843855,999.5467322872425,136.7143786551004,346.2345205501512
0.010982403849877014,2.97857346373244,11720.050766434983,1976.731484439234,299.8070806783986,847.252467130734
0.008241168522334162,3.6817983433360433,12024.791542644662,3992.957341674408,312.8523471616695,970.7247464620696
0.007945037378378202,6.066248407281842,17871.83893100864,1013.2794184361619,267.7180934551,311.14768801401385
0.005960664216346405,3.9808496493295182,12027.847661317157,1504.0836799544743,196.85522741596313,632.5172045788197
0.00809204711550447,5.98639573657201,17618.83143721494,2007.089968513613,280.64248691939173,508.92538668088605
0.007697555420212004,5.91078198422279,10139.432645208855,1016.1314781870184,154.367560679242,510.38828939553105
0.009342946099643624,1.2235763603389251,132.14176253225506,163.22345018797733,82.64681073974128,571.4453652068912
0.008125401107552405,2.993531700906516,5058.560055865882,2972.178315794369,163.7358870859774,2179.3176035589613
0.006041281060084473,0.9807385320037051,2990.706659291163,2421.828458051915,93.36244223725583,4449.795116930524
0.010901892189209962,5.967060998587294,12799.783283320226,3631.671075589609,318.3674583576753,784.2900405199076
0.007799113115043532,5.909034444878104,6795.4628574645285,1006.8207978876777,266.1046876171668,432.0669663184219
0.007727929625281205,1.7113909212834872,14582.72353544139,2014.150682121511,229.7388674767579,1634.5973447455056
0.010936529389083231,0.9986259959251491,15758.826265445106,2037.4812289575084,263.26355551258416,2441.6304573912353
0.008140242944069726,10.978425701823909,6869.72186271586,993.9958920401176,200.87672267975242,317.72844113262494
0.008036178651065115,1.5838806920074835,12702.61837588331,1609.7530670918234,118.2126033409763,2249.627401393322
0.0076104909880440825,2.6008180187171517,11969.515981107028,1754.8738709298598,224.27514011764927,1140.0997724924673
0.009666035706752079,1.7331996108236287,6952.856087730848,4051.943212061255,257.74867944223064,2343.1015526682604
0.008032181522286573,11.166417340729142,9822.355618773287,986.6713462363772,97.74465802405989,326.8352088813152
0.008006797729949385,3.501369031750219,2978.4192744085994,995.1093946823889,149.96636765513753,934.2549006020702
0.0130059694579255,2.726597449639283,2023.952293641597,658.1331921497641,42.25332946880188,1473.809219008525
0.00798561904592296,3.5375369293517496,2992.846597958405,2040.9334192034949,221.33261644090697,1017.9210362908887
0.007936850847607773,1.7555333872892778,7002.255879344004,2472.1613292004236,198.52038772805167,2390.096761851974
0.003973771053243139,2.099853448154299,3044.3152168096312,662.0854984803813,58.80516713952306,760.8833477345081
0.00793888576750588,2.0225801666183023,9586.359323427192,2774.496013108145,195.5007080794329,2010.119988365512
0.007804768808861835,2.6454970168447365,14783.398423349914,2261.684026857431,123.7163871491393,1907.6193979244001
0.00812218504012271,1.0025906673180092,17559.10758348672,1019.7858554287878,256.6639173039112,1258.3686264901357
0.008577148609418937,0.39795180234353156,5939.181783835686,1689.350301016186,116.38112186372592,6369.35377468916
0.01007411302171061,0.9990568728159795,13539.914810831558,1168.6697340889332,195.8321473461288,2154.848523003131
0.012697520402682141,3.6692970449403353,6762.5876733179075,2641.398002825425,262.75596880960234,1422.568790711371
0.010745212859054184,6.014417265017042,6766.629687265257,1547.945312917912,239.42642830419385,717.650604376976
0.010962036167587078,1.0256782399194124,5840.7787389826835,1509.843424621794,261.35830245444623,2719.5104825433673
0.008548472508760426,1.8227840468402503,9648.61790863154,1668.587431612536,298.3471430070236,1260.837026970542
0.006042204134623124,0.9884713111482399,5228.337175128634,3090.785533275655,94.28274523086193,4564.478504625601
0.009950155493428424,3.0176729890922704,17506.616922542886,1777.2976024565005,262.00426889303,1074.1378845566935
0.010939276874775547,2.9636294403709607,7770.241315251743,497.8223613872142,279.45898756091174,613.4087891145506
0.00937032477244856,1.8136962841466622,5456.116132116573,1013.1771458748588,91.37266600957486,2286.0610709771504
0.007922285694284884,6.04340787969019,4956.3853578501885,1601.0830400568323,130.43203818163846,783.224529782322
0.009981078096739517,1.9527475943241033,9877.125647219027,2032.5524615601387,205.85181048113168,1975.8480401416298
0.009949975340737726,4.881923477077099,11768.626702710035,6263.174658742356,221.16294415160982,2081.406313003498
0.005838553157712528,4.029452019531051,7743.699591134281,3246.3061313233375,157.74325446860036,1342.1213991131915
0.007950284051852982,3.0385415791271018,17933.951903297642,1003.5735628891177,280.08722642299784,522.0596640328561
0.015011841703680438,1.644317785571715,5052.821643209024,2892.5515364693683,262.54847848578225,1821.7493167481036
0.005803290485093166,0.6212588297866106,13751.888957474644,5238.256426216203,193.3243528701985,6934.315672603315
0.008204810583206676,4.99202903451826,7033.29288995078,4003.8330190244287,187.17325838286695,1500.504875799575
0.009972986789299344,3.0759336033152582,8959.959500598388,632.684355613634,100.66528037353075,1050.1306939212611
0.010030951965236823,3.0694941344275097,18076.831047865096,983.9534375362496,340.74003373211775,379.8184050697475
0.006190256291455858,0.7937266092456668,7772.825758818082,3992.1622424573297,264.4582777088249,2797.4354001462557
0.012100176166819503,1.804482556749799,293.7065689469678,196.7686254397551,106.53415828700525,644.2114364075468
0.00988438856766158,1.487486995576959,774.8604294347679,132.64433865587426,39.92770561074955,513.3537048968025
0.008013733512930174,3.052931081296929,6855.222851089915,1003.4503705352273,244.85777296299509,876.5920274572812
0.007983903965391372,3.4927738909073107,12550.99342392649,999.2123359442176,256.3343622013298,560.9420854380123
0.006942418007576245,0.5569706138643901,3357.1257426833354,2931.9588603916864,194.51648858967806,5235.612808412605
0.007981102734819681,0.9948890787013857,6925.722318256183,1980.4544581598475,138.83980515962983,3758.2899170873793
0.008121068519718347,1.0059274675261176,11684.888496414578,997.3510096400197,278.19017989139013,1409.9705653933433
0.010990840591891345,1.0033255519979787,6834.471841913896,1983.6093303599885,244.62456795741286,2996.493481163431
0.007943841308422357,0.7845235072640984,2920.3135073352087,1010.5083602693352,161.73374512534903,3329.1735648462036
0.010086534548652461,2.0258216053442943,2051.206549750547,2465.9119442294814,51.56244604743623,3684.240256853474
0.0060182034778935856,0.49654159578487583,504.3085123994539,148.3480500811396,29.636230229407385,883.488238376428
0.009418604912115505,1.8396755291134552,14082.087808005093,677.981232060948,90.69799411252883,1333.6627241583642
0.010569603447311275,5.02113476162192,7788.405500174865,2022.0545164008574,235.89454474989836,949.1971693118305
0.008010747254631821,10.976207851486484,18002.271460891217,2006.3503738333711,259.02752527948667,344.0163793964086
0.008151752145186824,4.0294528863452586,17979.211869777555,1486.3891614714328,344.2548103250204,310.6297769506638
0.009977785519150384,0.9912215232931122,6970.844595042964,411.71087130908893,100.79802860983744,1969.20837402391
0.009972527571879277,2.9720832211231265,15931.142309390703,4792.337356840807,247.13850818140196,2698.9709463892527
0.006022556457140185,0.7987967514582764,12580.313577197865,2703.917958112663,235.70256207858344,2797.9874341895334
0.014450517587236875,1.274812928849603,8635.754316628057,1640.5798240429688,284.085247570588,1952.6792018955477
0.005977781984773452,3.968505353929365,19458.68646330685,5007.100585699135,257.0291280193288,1537.7272909751368
0.015253814932718865,5.9404097968252065,11705.425450375033,1756.9609574881847,307.0602793950088,564.4160711930161
0.00796537975208079,0.9914503277550694,11845.597861745508,1524.1144059443782,283.101433854927,1577.353100033145
0.008018156629884641,0.991091285515118,9840.05075273514,2023.118666780531,97.65622415234968,3767.3263738011715
0.006071198709200482,0.7843516370480949,17758.574097014818,1598.2300178768587,310.20590823201996,1310.588677467885
0.008024994490101222,2.9985917701846883,14062.505134414292,1971.6142250271696,330.8197344782655,565.9819578792836
0.009511428277427922,1.8353291955809252,5508.142872210264,496.00611532111554,90.96396797277608,1348.731847431711
0.008037984332339609,2.1854894000125795,12697.12809117566,1655.8665797096057,215.98655514546937,1204.8552940543123
0.00577507808941222,2.981989458676475,9894.719419495796,4905.299483461973,156.77953189647084,2137.2561593658024
0.007711495597633485,1.0005707933963472,7020.539244236702,992.8478078989195,240.875413646184,2155.7200877120636
0.009930417397582703,2.9834220955621644,14235.415887614417,3664.25854299985,314.7059670089591,1231.7812004865605
0.007852012941519937,5.90800795714111,13768.920961984644,2008.863973928603,203.23392282819017,633.6623493043841
0.00978724132546133,4.989426239125929,15720.347604306273,1293.7781909853957,242.0432825517326,572.3760429218803
0.007772539652441064,2.97902989754292,17622.06333767102,1084.353369495274,302.6334082734053,496.19397087162355
0.012691393272889283,1.9262565900497273,7035.527170508294,2733.8325879396234,201.3565245095383,2525.233925763142
0.00987090017903432,0.9885684700290293,2998.8081540887542,168.90563417328627,46.55376942607555,1037.8635524518368
0.008105774823248073,3.012621881557413,17246.518739730673,496.1025970868145,305.669303229221,269.42040341194274
0.00942863617578416,1.8273680765178235,11097.356734664301,1320.709569841653,92.42017807864002,2217.1367975882
0.00788647041668326,2.985004650776815,17821.911141355307,1972.2597580457934,203.91728262626907,1289.872989057154
0.005988440079084644,0.4007429544102246,7853.23577659229,3909.677912149152,210.34693624416292,5714.356241052137
0.009916964823600332,2.9856458188427073,16122.070990524233,6093.18560356367,324.2774752692501,1980.9205976219998
0.010453405752283759,4.973600827309771,13798.92823222243,1016.9326228737366,302.94783629137095,386.08222854603923
0.008085772028087518,3.045284187117917,13442.553184035869,4071.343569521372,242.86370417056526,1738.7809712805645
0.007940953575711772,1.5836770971806498,9719.175493922898,1580.6290091485303,113.44699906136148,2426.1479597375433
0.013321469125268319,2.435740452415677,3304.600550855386,319.22107082943404,30.10855870879681,999.2689830230295
0.010974957852850381,1.990789103046167,17633.161679617733,1022.2398079341264,156.1976685278308,1357.894966481107
0.007916938065623364,11.028197094728833,13764.77469882775,1510.7215997459666,116.89682393845563,417.842399819583
0.005851456352705654,1.0005566739500829,13873.379958422718,4944.046314786592,155.3729927682274,5977.64758721323
0.008087646275033625,2.998244675558829,15463.803056780276,1469.135705843955,323.98355765212204,506.05948391280066
0.007905276427013597,5.058486902936674,12600.566252353692,2705.7159282586967,251.67740957360087,770.2465931917693
0.009912936230378052,2.5041204763772322,2850.1313476112564,1745.127199084725,150.60002133139525,2040.4711262045817
0.009973267112521356,1.5115877604936228,4051.4805482426796,437.0845288180527,93.75056378140403,1520.2318529455667
0.010077670739378939,0.9969684865877412,3487.8646398794367,268.83428021623786,47.6745144622311,1486.559702179563
0.010941420943267716,0.9905239808664744,15591.201321827164,2740.676839868166,256.8141694457362,3436.7351134132614
0.00798146719408783,5.9575394068531855,17577.626835609255,502.10159250833254,160.4162491351442,240.34870325105405
0.005145807923416726,2.5808311662704315,14714.397228977426,2488.2858735328914,214.91699219353254,1166.9842575794132
0.008039543870331092,0.7890848267763368,17859.020969376445,3213.0725143447685,277.79687283209824,3389.3149368640516
0.007936506763790863,1.57620193553776,8037.529492788429,3207.4480962134903,265.2754112695127,2023.0581209526126
0.011581296213183653,1.3525868706191886,6953.039008471923,1031.6784399152102,246.89280220939472,2294.468749343868
0.008078814522703866,1.4094216488418911,994.8849232128342,1014.1723438600925,164.54196717910403,1702.9153348845318
0.01358621568690332,3.6438538798519473,6964.900921188697,2022.3710035043691,235.2995377540437,1515.3746433047274
0.01056825503082005,3.7770339782517044,19845.005146725274,2431.6338329430005,338.1461401341832,723.796454526457
0.007975197569560881,1.5730587439514594,12963.739821603158,5004.198035732888,302.4976665269283,2018.315648002059
0.005842835964429928,3.9657579726815184,11739.144657483432,1511.261583042433,178.32651525216752,676.1869358366453
0.010999340637941436,5.9801714905155405,12714.2133652299,3173.968689942771,265.78700072626975,875.3571834366961
0.0070465915290670155,0.9777316535522314,6968.880872291806,3506.648096192066,257.543788267379,3022.99536845875
0.00989912234510225,3.026704552174629,10035.794871557939,813.2849582036388,204.22378581438613,923.2237783083795
0.007994109214074589,0.9896132540516378,6873.704729289665,2000.1841466345138,199.1543270567232,2896.711924227126
0.010139927247310835,3.0014550347917615,15883.772915699916,1899.6708132752387,324.6890461671145,738.3865637529472
0.01008100596545832,0.9906225518712554,3163.446545224517,479.4185111526901,70.43783993337571,2526.2351478917426
0.005877658418761961,3.968281098937874,15748.40855864841,1493.0880353548098,238.04744174120742,507.06740886415474
0.009263054413782877,1.718163533534034,6930.644474105019,3969.5062026090054,279.02674958561056,2172.1583216206254
0.00789187153646444,3.12663518393894,3285.4445321224352,653.8882619698156,120.2273117846831,830.2890083753016
0.007761951182057696,0.24705590672289054,9698.161304139046,1514.077943701711,97.90391175809374,7958.693736942182
0.010052983233683081,2.0081217595553924,11730.754219248394,1482.4183931760012,115.21161926719932,2106.883229269871
0.003931732367297215,3.1495336025259393,927.7491304422774,1271.2470266039259,64.40178246962537,651.5624493243375
0.008126862429767316,1.8064205182870365,3028.1332105010647,4026.681429652631,156.40015066481016,3441.4036863534134
0.009928578834053426,2.0059907403090897,10009.517851404013,519.8870415482079,103.3082677434096,1188.9824031439985
0.009887846299026773,0.997042893850861,3484.0739641128503,365.14134752917806,54.99817515016249,1951.3149114234536
0.011241633913562539,1.3481393664498587,7150.411829308429,1725.830085690492,259.0173764422019,2307.7544778122788
0.008048519223107451,0.7803420175280651,7907.846438292772,1616.1613616238562,74.46028491394766,4568.220773575861
0.007840506008417965,0.9805781266643447,6988.503125489062,1002.297678626027,196.0137792436429,2259.5209662365532
0.014994309769020421,3.181565780695113,4990.119565692886,3048.118692735615,249.4746282255059,1949.7669224407514
0.009209998139198467,1.2120832428417623,134.47441942529397,160.428613759841,92.57956304746979,572.0056414492101
0.008041528038595607,10.98726544264279,6911.050527270427,1024.8287726337035,80.88761343858195,387.5312423383824
0.00829493372122992,5.3952691782389985,13498.789071048433,2268.4624978571924,317.7842999801222,427.87404444981837
0.008105350639922015,1.416928565004933,2990.9624521757796,4054.5984144626004,159.47403572072778,3765.5666899956223
0.008018499552121524,2.9482037171239868,17480.196376008404,1004.5400618526965,118.91797847452514,888.0987200296767
0.008052732144500656,1.0047177688908127,13822.896608662757,993.7821765771629,220.37766637113003,1672.3849103118382
0.006114231590516773,0.7828251798719785,14799.692285768073,2195.914832813733,324.60443736512656,1358.2878237148989
0.007873178834594912,3.128840475946061,1248.5028981210994,1183.9528974282455,125.82539033397427,850.1338118650436
0.012709875484505586,0.943945094849291,1159.5156132717345,608.7982335096452,99.34666933920636,2768.939709251781
0.00592793709726469,5.055470046583504,13756.271961101538,1491.11708745044,117.91760815437755,632.8378527575519
0.010188555598301568,2.223994805949767,3145.356623804027,1269.0082432601264,140.27384992426065,2014.6777487516472
0.008046400763127704,1.6189735954520323,14833.117300138969,3184.6850882678405,279.3203858790261,1825.340643561113
0.007965957499807367,1.0004875447732289,17717.853718361002,2014.222226280583,204.39492156704625,2965.010603806078
0.007805993221030162,1.6623563475390573,19406.26790869529,3817.4937276083388,314.90657724761996,1878.3003432572198
0.007908404371419006,1.0149120359660995,10062.511091949487,494.51575173715685,74.94038536020204,1739.6225031045005
0.015074685271574467,6.003378559896211,13830.72838644688,768.4437607209137,179.506605815994,619.4786434616833
0.013836569127905929,0.9873897155814356,11224.859339644128,1608.527890470205,302.50176318486064,1732.8483255930585
0.007815074490423247,2.016189928378097,13771.745637374404,1478.5408924256012,118.79843949211426,1790.4926060656694
0.0057924015697108375,5.001553479822116,17656.194201178387,1520.0354896973306,218.04926394865163,466.041246637015
0.007922643049887804,2.930066399991607,6826.950030978097,3978.003362870348,204.04252731374046,2043.0470526715278
0.005832708192574589,0.9969193358254049,11708.114521823829,3338.319525245612,257.3540312356993,2280.952689798171
0.005760533727664348,1.0116138780944155,5940.785179681053,1473.7436882128147,197.9087317396415,2603.0786783243143
0.015058465903791712,5.9674282439031785,11832.27520434865,756.5003292372242,222.4404918030843,543.169909198272
0.011129608718175654,1.0054713233340675,15534.865141781098,952.354745975845,238.02392039345565,1634.8563174541257
0.005799726879107533,2.994982188966629,9818.175917545128,1525.253417962712,57.4476993800756,1231.5190849675048
0.011353730905776691,1.7413942186428455,6987.482424104999,4081.1115468553185,252.60658598245905,2430.5351476942064
0.0081572957029977,5.353538713498866,15707.288709408169,1989.8399432946662,338.28542965221163,317.7317794366986
0.009860277993485727,1.0019311401237025,1085.6038225239763,444.8079875660453,67.73674553668575,1982.0026931378536
0.005693547654435851,1.9816075789703902,7740.286572653569,1494.5670319229098,200.93742130428635,1330.0222764816792
0.008089002521471142,3.4724214302387653,14752.27209894312,1004.6602488802927,79.06157068367344,886.533167187965
0.014149684539613834,1.526299887523254,11082.167399037105,1014.8976343626264,277.9498998200007,1501.887816363287
0.012298692163007337,0.6174902166308144,345.8035600052364,202.00853050528139,98.2959017492792,1118.47048720965
0.008052292033794541,1.56610538703821,17946.27467495298,2719.648731454819,349.5871234822144,1068.09407784188
0.005546110821558208,1.9944145074505297,7064.76118633213,2010.8034836041923,280.6140119952089,1133.8770311655958
0.00580842225733701,4.023303922442732,15068.27313148521,3313.8437172104436,320.55225403462146,575.7076436351135
0.008111307932089487,0.9983358701731634,9725.559722480171,995.7676436566848,163.87915052723386,2349.7759905889397
0.012735321695945089,0.9683593947918601,1407.6643896161522,835.4167702317642,125.27866507227749,3430.7751951840046
0.008109542727966232,4.016528467880285,5002.496056347272,3033.1087620425837,254.10344810297948,1114.7186071903063
0.005695464907256287,3.993405681792892,6928.703411036236,3362.6933196447835,223.651222594694,1130.2485421235954
0.008156054072228924,0.3975491964558983,1507.3241892870208,4898.887831920366,76.8319656801161,8624.080985931101
0.005866120788942298,5.052341806333811,17692.176385440707,5101.5322315633775,199.3340080791275,1556.246520109965
0.00993188011102013,0.986056445934402,2078.8556169879907,274.7007708567939,52.26260928072827,1505.3282730214366
0.0057565292693320625,4.021067374869803,14721.579360587288,4989.907961072911,154.32206437931643,1940.251079393957
0.01001153368028699,2.5419715029556738,2014.7018758663082,212.82925124131705,46.83089219769014,520.122264531914
0.01275232661402215,1.9032725860708597,5112.956620455752,2646.7966865105964,178.91893181498338,3007.8596200630072
0.007891740187982485,2.5114912455184735,17702.064929430664,1610.5299308259607,233.4806036594191,1024.8729132325682
0.009317578324577507,1.838817411199146,119.61144299087717,121.5448076305813,76.42424562879954,323.8851096120893
0.00403570992193746,0.5026080256402214,11791.199832447996,4420.551433279115,235.08205596517783,4032.1505973715134
0.01439566438122893,6.0025250530258,15708.26656847681,2027.4549353042062,298.89035456534566,735.0896960291052
0.00556192916649949,0.4268861866591143,6941.21866049694,4030.191330569007,213.24986584949224,5505.654331378096
0.0038324956349834287,1.5532034313566387,12982.597464674931,4057.0047857613786,293.7487033542579,1223.0149459152146
0.009997690325663838,1.2336806845948713,2645.96121427117,1583.617445496632,128.0424612236461,3460.4350735111807
0.009883057807608306,1.996843459847574,7076.128595054739,2186.790736688675,148.75563747739997,2562.4760693173985
0.009907867896570787,4.971729004172252,9736.201687624976,1184.8219528915033,282.6236721068147,465.40226095655595
0.008011490178525338,1.5624785548281046,17680.458896032385,1627.3427365706978,347.15540654068957,654.1829629234185
0.006237228161811639,2.7512364383973975,6871.301132669724,2728.787261675692,253.369791597849,1277.2962514128242
0.008221653413117416,4.016118508305572,12196.274011099918,3974.766126813458,318.3071416553293,875.420286932259
0.00804591512821436,5.373832202335381,19359.97705560544,1480.9325098254908,301.19034908487026,425.715772911793
0.009600089747620576,1.8800911316125475,5490.005160580851,671.9591052267215,93.28371056300992,1511.519034571191
0.008131518621761457,2.97872498041044,17811.026073211633,2526.9825375685623,345.7890438663791,642.5700384892233
0.007956545026732462,0.24076321750229768,513.2635061421934,3888.9736494630265,73.42880631714944,7598.115843875725
0.007827541419419888,2.0051876457092734,5864.933883424729,2017.6352238235627,260.04313232539977,1706.7201830272015
0.008053752614668874,1.7520417726195678,7002.263924816189,6451.512153060924,200.20511619151722,3505.2835504084414
0.005801188856624081,4.023018603751202,11770.623386259544,1489.795995692017,154.3229193377966,713.9908394521694
0.008082314137092522,1.977987599142377,4937.082590252596,1594.7598823262285,208.90176621990864,1847.9423626018943
0.009777199164211142,0.9836981535398693,15464.945845522057,364.78721200784884,95.62377918579706,1454.590046148141
0.005444071466078878,2.5538714097186337,6963.565937355056,4369.840853397067,223.3691888429591,1796.838163247694
0.008069209104658614,1.0014542723751185,13654.000497724172,1485.2453613932184,261.63164732180195,1748.210566544941
0.005715055434050549,5.951436531417125,19759.812874280768,3355.652257301807,178.2502440441293,978.0607438307993
0.010427795352634,3.770872105548207,15504.83422428552,2840.7320975398648,332.8806850436558,737.3534025268749
0.008121120153572234,1.5682841118888016,17442.203336380473,986.650693923182,298.94940909732077,789.4129063535103
0.007775317665608803,2.087934349645242,2254.5434242997485,277.52233849858794,94.86607224935354,595.1213105562323
0.006048531978794171,1.0072279543233094,2062.3873561598502,1692.24199622742,59.32653304574303,3750.482779901703
0.009970722873391255,2.0050203306316696,9980.079780099471,360.0010236199142,110.09596896393609,905.9704053111099
0.0094089382590679,1.2316488733666693,114.37031826627982,92.4178652189306,36.499858511851,397.8969629516197
0.007890435091124772,1.0039354578335746,17740.66635537005,1973.3260010080373,97.37469830880562,4146.291667122906
0.01066689846948346,3.0303599057666464,7988.673555612439,1992.956512675317,259.3960701233594,1344.2018970433144
0.010089303783739165,1.010206423211101,9936.84788877346,439.4777723936466,114.31089326173804,1881.1979200640194
0.00979503183038057,2.0116086000287137,14223.993476799515,1335.0559925405935,112.78709502546576,1924.9440963073496
0.003999252591642777,1.473762884952244,7137.731548605353,3542.1062445862567,67.87710000085296,2987.2865517452474
0.007865955088812342,0.5669727002933822,11569.071236623598,990.1762230512987,245.37847874755903,2395.4922958679995
0.006056506347933943,1.0037121778875544,1133.1719240690645,1223.5180073707281,67.27079191273964,2895.652465025049
0.005923562184594405,5.029854892186975,13745.807275020485,3361.899621137487,313.4511325177995,477.14282882211376
0.010040935621040366,0.34616913464433274,1280.9909866323862,1955.3455850192004,20.109738833340405,7441.500600370042
0.010391900800943748,3.8519827468588916,14660.27878144044,2754.1416776257884,143.3352895765956,1875.20294210123
0.00796028395077461,2.512726063103859,4843.052030674318,1005.8648950606862,218.32837209385792,1141.2947051285869
0.008254444552939465,3.9636446113682804,12135.153454985957,3005.4418279059128,224.63971176296332,1141.002956728245
0.010105022097038075,0.6068376502768716,2776.8970841901432,407.5212261579241,48.696540088796,3371.607155143255
0.009931427894683886,0.9942034187277905,13519.699123296954,2077.6334138832945,196.89539967771162,3425.7291104568985
0.0078074673293835085,0.6948196429640809,9665.65397283592,5042.5546860697095,258.53904029434403,3893.7373681590034
0.005938046453350583,2.979189764646098,13821.911450429538,5015.304120832687,199.96701085260054,2058.211045645404
0.013119663109926415,0.9546706989401441,1198.614181717636,130.24099730252863,41.52387159901064,924.5468874350989
0.007916528503909278,6.029949639980214,9894.611980266814,1954.9627014192752,184.5345588148284,675.5732966543463
0.007354459424824676,3.758137699552323,9777.645913165552,4493.501571079919,279.901664623956,1173.6698796524686
0.010732804009396121,2.975009430607984,13592.175398058738,2817.1450462614202,304.90525410707454,1011.3252048301647
0.008113867475145375,1.003749861825765,17738.900934046414,1003.4964058206313,323.883812718869,900.7543263242865
0.00821975100313597,2.040404873684427,18161.096009160163,1267.3094566576287,255.97760171795588,954.5256042419728
0.009235786826548159,3.0932338876840193,11166.775606854666,4123.999749466499,218.80952965206384,1878.0159228726409
0.010140426859627955,4.99055570151562,7014.423189527492,3244.4100492436905,186.49450112324695,1577.6330609819313
0.00788988267538462,0.9835718209454097,9546.877899450825,996.2799044635614,279.36222010636953,1452.9927181697965
0.006225239797140662,3.6383857139087774,6941.577084112036,4149.522325582516,244.44722312299075,1337.8407151104248
0.00806081265533681,5.997274400447952,14042.915959808559,2016.0681868297831,331.52075914743733,313.0443008936952
0.007988572833060445,2.210567978165469,17845.691814139143,1631.7581508504904,348.58440808560243,552.5248874467042
0.01016461210293645,3.740031164644841,11520.233848671545,803.8630352550201,198.7982301638666,709.3311268054066
0.009952508737021179,0.9929200890666261,6926.741852995234,817.5517520321023,126.9178373779791,2863.976446447345
0.007773522562786979,3.0021835549418343,17082.401357807234,2009.8588889213916,249.8483606208443,1044.2437101369806
0.007992427846686941,1.0005665852833094,9795.587264828047,2002.7832957186768,170.1560769287839,3091.2016714065844
0.014893037248893933,3.1911671463137052,6467.056514190938,1117.89571073768,219.60823340767544,1313.4606076031373
0.007924642828632561,0.9910899297370392,541.3571124347595,995.8702946476893,80.3939003266357,2341.229966072125
0.003927802444580699,0.8030458933538172,7894.95433942979,7411.406476922043,208.05247480008669,4357.180648323765
0.007935535708601518,2.9857601286162643,9764.559323036467,2010.4672707964291,246.87129820176216,1068.4326495691384
0.010058389371863279,3.0168480685346104,15881.647766310969,2210.3849256721323,325.6566447545222,800.2789701863015
0.005103487965005493,2.572310943024762,11688.123879889365,2002.92016479834,148.7578854666798,1189.6444466600199
0.00779279492213704,1.6237354958731898,9603.779665114063,3531.2330111969554,281.43171205504757,1633.6148700663837
0.010901861286381194,1.0017148146266748,14707.999220441388,966.46368102159,137.03611427328158,2574.1597480503124
0.008053373576388927,6.00438076436603,15466.872932127284,1967.1863010428262,302.8271783095954,408.428535715245
0.013039894407536804,2.742036345987937,3338.066591004151,591.0255306327398,48.1866940734642,1430.3842061656135
0.007976000991119659,11.10593095603914,13458.531570948939,1010.6798247138471,164.91411361198527,256.87553592395557
0.008058297798596204,15.033699098461431,13619.453756378714,2002.359775040636,303.64479221416195,173.17756664461632
0.010226771083611289,1.0069294472105053,9970.182465576401,2019.321698437669,138.30496073520936,4049.2694993074483
0.008063859257788008,2.9674041436517853,17740.871855207286,2042.4230608839996,282.3189716104938,991.0109646894393
0.009415539100394854,5.533951535688109,6832.336771650754,4052.9037508714605,257.63381368767693,1159.1958854153272
0.009556737549860802,1.8526813361844277,13839.154069079068,2703.19932297934,203.09828883397918,2584.7023751950783
0.005745291956461796,1.9958873800354986,17628.170042487724,5017.737627005152,241.4774277972118,2676.8679487121167
0.010318572128280835,3.829047769252171,17445.3869938343,1680.6409551120523,121.71977757438466,1391.2402604934687
0.007627292019065541,2.6336211996360563,14599.648351893264,3905.3204332310575,319.8395711428638,1146.0167839680937
0.015132401795153905,3.1116569253952115,5003.077788749007,3973.9179121617817,188.8271736708068,2471.4990633425764
0.009991431021666254,1.000073975819033,15633.873071225264,303.34780180920876,101.71276860232115,1262.3105009320848
0.014995262195490154,4.039408070743187,5075.838267996616,1073.2146037531643,211.0154676011412,1236.8233432113157
0.006182890804947531,1.804549983531989,6911.611176302697,2651.8760502237615,249.76075136880073,1788.041404187035
0.007898484008230122,1.5672708119853958,7858.00751478145,4844.649848048075,237.38163262774626,2554.4318021891263
0.010113753076454247,2.0105407500337917,13745.795101140324,371.53375744197405,166.3681914766719,727.1723383792688
0.012827698747244529,0.9121250387998042,6893.0551054684865,1412.631040009048,194.2115475465681,3175.600809233079
0.008177367424311131,0.4035164684695042,1531.080043527964,1517.1961640260788,27.146953012860838,6250.264621492727
0.007957053748958871,2.994391728961719,6992.322512610612,2018.0250095557503,134.13919918831994,1698.6991196496235
0.009825425590482094,2.082361673540386,1214.2936936259161,614.3642766726974,141.99632265762497,1161.0196284896874
0.008294385692737659,5.348459811138166,9896.844933565777,1485.1972099692534,261.7525875171985,511.93601495617105
0.01274765854631704,0.9272417282097237,6913.714340856313,3707.202929263932,242.07150542755963,3372.3118853699098
0.008165326858622425,2.5074316606593885,4843.133143169436,994.9082418503608,247.228423809668,1004.984751627162
0.010698892152453865,2.0163403930528436,13633.849249814533,991.6188659322682,302.73287572838575,799.2047721547133
0.007823839933633935,2.9837086594472115,9739.01934978149,1988.5820026214901,78.60709804253503,1729.975016354859
0.009952525461485324,0.5953580517985263,2623.869372913796,733.3078874357544,89.89695420908377,4527.0616036682595
0.008068725970806144,4.955823582190263,14241.866366991311,748.4403555635816,238.23521522353929,358.7803838493297
0.01076839064059543,5.995477957868099,15830.4628216614,980.6189886347506,320.53870752979117,290.446911076366
0.010543039894342549,3.834649953550288,14731.6206635763,2829.218335681482,327.22309372302163,742.0006939928
0.008083083779081625,2.9703200537073977,17304.02773950681,2005.2498873625739,339.32108299358896,660.7129618664566
0.007920734985144205,1.9837018944394693,17613.4490628443,998.3654203664116,57.07164539903097,1459.7006804493624
0.008023166064753263,1.7651322809204049,7014.205966047178,2549.0442180050613,270.04471757097275,1830.120790234029
0.005696951880271155,3.060081878366839,9922.133160384195,3293.8813515212482,238.66739504624042,1180.5229425499542
0.009922630547130733,4.9483527558026665,11608.309134505174,3466.9773556727337,300.84927977511785,838.5771098207539
0.010135623276841367,2.9688433042480837,9711.42133402918,4048.752177844432,283.99180423245537,1364.255008764821
0.008334179113722959,5.402090689153259,13470.039323614059,1507.767735604607,278.3388472819367,442.4502090307166
0.0077626158322575,4.9549373155814,14598.215513807794,2685.7470976479285,254.78560035965938,826.1466352903366
0.010791475882980597,2.969865628617296,5921.730216309652,999.3926963700917,182.02379252847996,1342.867499142953
0.010009656794041248,2.006382425653292,7938.58185711207,942.8016003700528,131.32028082647705,1846.7817034452007
0.008087378803246505,3.0107074440177697,6904.3481176244,1002.0854858470509,239.03747073646588,910.3126640036013
0.01282060277383087,0.9595056480487211,1348.4874279822798,312.5523285833378,66.52131065328939,1977.2840330015542
0.007880492716148484,2.442394913553587,12626.760709299524,2656.611557622739,270.633003186236,1158.109076239596
0.01089977296423951,5.958819662636545,13002.311643350384,2142.571520101935,261.4303845960604,649.8347446122262
0.008039776681709217,0.5080839136548432,11560.41879023962,2003.8963894777803,306.4369667576926,2275.485385838525
0.007750945935395079,0.24818565563095818,14825.422341574329,1506.7936019223926,239.58763584706236,4289.814736046227
0.006064958459833821,0.7989197694264984,9810.69981666178,2714.709229888895,235.72758807003953,2706.4689828879305
0.008164432070046202,3.6665569627507546,6923.40063146822,1002.4499716575542,184.273018755956,881.4341620721308
0.008012598351135389,1.0047950525064668,9991.841383154679,1951.1920092231037,161.00581916569197,3000.0659287335693
0.00608163434537468,0.2960872514004862,110.63028579084127,151.22991157439625,22.842069994466506,1272.945490182111
0.00784449787715945,1.9836871320955307,5738.3343511577,1990.6936222694446,99.58598289022856,2772.02639041946
0.012861747243555023,0.9150548198654921,10445.664249605401,1910.2141026813754,276.19778780074614,2223.417605856508
0.010130651166137799,1.5209939242914308,2653.136226757219,1089.8172608950217,127.89832319175613,2490.432766772684
0.01018831957610851,3.861882402807793,15644.221675110255,596.6263421015724,127.5121694888553,727.4836514041303
0.008088930711131963,3.0252743037123926,9736.949447129471,991.2742527353548,129.226301645002,1027.168975433229
0.007766595139165676,2.0470613908629933,1410.2450673808046,958.5349489874058,139.97068093121428,1177.6349482243133
0.005537236351442733,2.055499554554376,7141.27528991323,1000.1942211733586,253.75027992416668,1022.5029380961655
0.008025589913182439,14.902414945705425,9711.370673136447,2011.4359350391987,249.10351841590796,252.13005732089204
0.009906021475265061,2.4879175094435797,7017.361034697169,1154.3668216889075,197.9819398029616,1495.8823038510866
0.010088580447315134,3.004935558735356,13803.776354864169,1820.8265297392368,317.6411207205511,653.2007989761537
0.010044774855762623,1.476701943965402,7087.1858580204835,541.8129859894648,181.63454676357824,1525.1680992496124
0.005722464505050694,3.0064566434727116,5916.049935236427,3353.5068494788525,241.79462793104213,1235.5457933022983
0.010038705901199423,0.9926674329223207,13806.76708767561,772.388810226343,182.55505649308463,1853.996565659293
0.0061601303821927555,0.9783721359058252,2052.836405126305,904.4002564127873,53.7648869667317,2528.9503647332335
0.010341503814140991,3.8550010627174336,17662.376524974014,2951.3298249593927,251.57436776062207,1478.4992955234095
0.007879932804777477,6.922346321410733,17540.814744835625,1019.9415292630771,177.593457417005,380.7298484609525
0.008178561873939066,3.656336902986626,15960.89768442085,6090.902420109613,250.88523150218882,2457.130548510029
0.010308964624383807,1.1520414656698224,214.98677825042657,389.23656053002065,33.652122133600486,1159.717705897928
0.003884182303725807,0.8119437185122166,12635.784260380391,5039.841057365918,233.54256823283913,3201.6705883902528
0.007862415242669,2.0721604063103864,2816.890083778024,630.2447608366084,118.23971431857132,1179.9092832837264
0.0081234256444412,10.868417372384606,13851.082670334177,2002.943184223881,97.4371599286588,529.7768611916781
0.010923804988254585,0.9908549505809012,17709.686629793767,2024.0069630376713,263.5261796614168,2460.2958414837603
0.008175155048717042,5.241207858920899,19763.238983862342,1520.5905665654038,217.2795896090228,625.5480948927635
0.009821044008114089,0.9617886004417854,1610.8521436105277,1139.7877723877648,113.71716424205948,3453.0445313924506
0.006963257674151278,0.5568067967233621,5320.464214642884,2871.2759803502126,249.77418622477808,4176.7825753992665
0.003980411148158398,1.0276000159936813,1621.4446099885877,823.7855117581288,54.57089951834459,1538.8391504597744
0.00804581603610965,3.6951791918098347,5024.731822755627,1287.4467398139927,162.16083592138327,1091.825213720188
0.006015116017576508,0.6828189295990876,101.13003296713602,685.9339492160925,29.298515765607206,2120.549153073762
0.005894148065076843,0.9926997243672645,13728.878459718524,4986.480689728106,258.64223219568674,3461.424379173378
0.00795370649229693,1.9815381645758487,13814.045606461663,983.6341600100483,199.47784154066662,1053.5486736499413
0.010968050902695165,4.079728518912692,19669.929548136097,2767.9514018091063,321.83434432366755,986.698613304221
0.010051978193047961,2.0051375624601184,13903.183119032092,332.04475996826756,190.26817723785675,643.9337514889341
0.008061856391428477,0.7779203750490696,7810.443950293999,3890.8504095792614,211.404281488312,4184.456598064328
0.009730665696350184,1.0009631349841348,2629.214156246386,163.6116535600736,31.31709100378008,998.4483168028617
0.009976057875357384,1.2413960002327644,1471.4279253696852,581.3549517702369,80.21120290732924,2015.3861739705287
0.008023722778406562,4.904254413137613,9856.811481395762,2721.869990690538,280.78215542894253,638.4954186952112
0.008006359819017147,3.991351272256116,18233.452940235336,3004.4603951430768,345.79846370820826,638.8846464361634
0.01069775710059041,3.025087521336663,20017.260623053986,995.5707940172811,258.8282130042569,686.8752518931834
0.008049496423004088,0.39633770248854366,741.2510883619312,4679.199891777067,82.55994259398331,7702.679879408577
0.007869185265503344,0.3914519361222048,1504.4189610716867,4809.978192604588,90.28464250637828,8068.945906871828
0.010161722107479749,1.490469109086752,7045.107772553709,276.3851499365926,92.18544311517985,1062.9062530963183
0.010888881574090471,0.999203615231543,7872.428485531113,2002.8496744108907,284.08370830768865,2322.53246254377
0.009953022317849617,1.0128885374811014,915.2291324680365,102.11293128221673,92.8191057789929,560.0606201775623
0.013909598840851715,1.006949465229878,8823.687546288076,2715.093293750371,252.4632474656237,3079.4513218374373
0.008014061214728111,11.01553738231541,9645.646789597948,994.4535875507738,200.2064996359709,258.0524655101467
0.005779671555039965,2.9632730257756768,14657.94401597535,1495.1184516689884,117.375145556672,946.0433340457099
0.010150878871025077,3.005902512914733,9893.72676904134,1651.6190206873887,209.5563855631889,1321.8303503394118
0.007949443435974203,3.0234792591736435,13600.63185505915,2015.093607517098,137.92038718295717,1468.5952333808207
0.006212159862095614,0.921569332921139,6960.781757872145,1851.2656456724492,186.52794391012227,3079.309907103538
0.007972420301073488,3.0106447808024406,15738.44883583493,1022.242914558314,263.4585494057075,593.9489960739863
0.009919595886119023,2.5374632891567517,7023.564533058608,1706.6919261964479,103.9597222441548,2355.675477355133
0.014602944183000203,5.939620335359856,15726.63305548627,1647.8601705487138,321.17773354596574,511.37652562164965
0.005615583294683834,0.8651891514981376,7220.537402914271,3834.3486242297677,247.55189441408208,2916.3382887491807
0.0060180666320617466,1.0254730480350518,7215.12287026516,2339.7101717798164,92.24076223329908,3864.265554405216
0.007882997323989909,1.0178297673071695,546.1254553314207,1024.1200459332636,60.239999563956644,2410.31110063478
0.00803927111364393,1.577682841289309,7808.422526563652,1001.300136733174,271.5727562145661,1325.9048621582012
0.00801531331553112,2.9902566118812186,13504.8672772137,2022.4080857258705,125.98950680193425,1612.0854510707884
0.0057987088852216595,5.992347953803996,7871.143286023413,3373.335342997806,219.0245752023992,757.2436206516521
0.0037836324706300747,0.7972611745186332,7863.090579830764,4938.003520846479,221.54090036107874,3266.928373960075
0.015189861542199002,2.3789375969434,6491.404524769083,2237.643012930234,251.63149664967742,1846.58250790364
0.009987742115166582,0.9730501145042975,519.6368225353307,201.3499788671466,40.28592231326512,1080.34412714962
0.009979114541763718,4.991864857508755,17570.186486965384,852.3235616928796,335.3240823305926,240.1120034556768
0.010066686429527573,2.0071652946930434,17561.215828015687,4408.901786081327,346.2050121047173,1708.6635571401964
0.00809734834861004,2.9672465993222703,11972.974573373534,500.63241258122116,303.64772363190383,340.66741649084537
0.01013540359568941,1.9821065283732544,13535.242518527397,1163.2253897989606,195.3743634285477,1378.7069887183775
0.005909415559382052,6.091780002052709,17741.179810902046,3342.684209385907,179.16944444298483,921.834912382794
0.007872764749477578,6.107868721449263,9786.437777746598,1975.3321056867096,245.54459893156582,513.315761273203
0.00829468115352823,5.317517922857645,19646.975490613702,1498.3790280250894,94.82241885163059,883.3492824014792
0.005743455745499305,2.9549149034806104,16005.054324783425,1506.3952758546106,283.6960779248125,542.4674639678501
0.010068739737193855,3.054700468584339,10091.066935529525,4996.793033226108,214.9486176659869,2414.6792673268787
0.005873335305308123,5.917148781815657,7889.262612822074,4937.057240756132,139.97664053547834,1420.8614177791303
0.006954368786698776,0.5573708983320266,10090.888978064135,3501.24884926966,300.08179974834775,2411.398999747973
0.007932612987779858,1.0008083313242062,13568.189628892302,985.8956568672613,162.05751237122496,1943.0167249868678
0.008040225270041055,3.025526016612791,13789.159383289742,1012.9595340640444,196.00628997743598,759.7173645720476
0.013332728983957992,3.6283356709057912,18679.85368197642,2052.794392959608,337.0074181996903,891.0763553046627
0.007965789390549427,1.9775147544883673,13992.357833997574,1946.7701253042405,276.7742512887246,1123.2812776352025
0.00580350315422914,2.9876988337941004,7742.151917501383,1480.0509782284728,96.64655457048943,1205.6266057806363
0.006040870014946895,0.8001050095487322,15042.947837385713,3945.1721769636288,317.5138734683836,1928.499207551264
0.00999066965924692,1.0058803097317817,15657.382350335718,695.7567460642618,102.46104985335958,2326.7140766575912
0.007971969557606982,5.00590735136322,12556.45447646917,4025.970414070705,293.20858841267574,848.1810100676901
0.010687268037587768,6.000770453021394,14548.332466071051,500.2560095719583,259.253415649868,233.93395163702823
0.005767799939853556,2.001474184618812,13699.922130706036,3458.4155607107386,194.10808794373912,2012.2699091622999
0.008073747563522218,2.9527609075301915,13683.76731881811,2019.2019558341567,73.99908435808719,1857.6968548785233
0.005774274348967906,1.0137633105514774,9770.56876677214,3375.9117058690954,138.81698202818544,4181.5554645485945
0.005728747798679676,3.0319617435174817,7792.353713420301,5016.309239444205,179.48765115976417,2151.808457063754
0.008161568231100662,1.9938433620416502,12033.790417692187,983.0700119748383,226.14086447925092,1089.0653219043502
0.00797590501534426,5.973719811580261,13720.929434336244,2769.8039602966123,264.2554490455172,674.9169382611776
0.008012001033847442,1.5707914900829472,14851.37821386984,3123.537013451769,232.16461871832217,2450.154669381679
0.005767828321606622,3.020015184193005,6915.177950381226,4997.609461149819,137.17119045955258,2430.161936925571
0.009957559811175845,1.5187303493293747,6980.264039332834,821.959753068512,176.50799142624697,2015.7739747701537
0.00609176347295603,0.7873671462378024,17356.7810904,1601.0150857586398,332.45581957994693,1135.6501919928955
0.00796263950176599,2.0086282951844043,11725.599014327527,990.2821592100953,215.07089243705468,1073.0600126817196
0.010036132910245759,1.9956982390844717,17407.608690029967,1135.4138753941388,137.62353525659762,1537.153631114435
0.005760720060818234,0.984195727376727,13822.03914316898,1503.1587452420285,299.81632802382745,1127.006311751294
0.006013434708423539,0.9893719751959273,5106.742950925334,663.5190739751451,64.45903416426866,2338.254604307105
0.012774967055960876,0.9300331951268326,10233.290102833844,1950.1277136700794,262.39113928015144,2537.6725316316415
0.012999876819616452,2.966502748705169,2763.6504310288205,685.5452459592162,44.40564120696746,1482.1047052255021
0.008036465310285665,0.9939352946306452,13668.798943347147,2027.417629443304,299.3283083685764,1667.9967588722377
0.009295990371144836,3.619185408163009,6597.343379000854,4121.645236972554,248.2290064457199,1574.5204236976497
0.00939715161475287,3.0917321437651926,14019.750435950706,2035.993646156199,310.78062889272536,715.4204243041767
0.010835331106341056,0.9988588629191997,13604.221037353724,2019.6743883440693,258.17166074446317,2277.6367326530003
0.007777652545985733,6.074636114001049,6928.002381223424,990.0174274432026,205.10542398050504,471.82646610558936
0.009829903973659654,3.00742709891476,17954.01538416624,5886.467350841225,337.14875611327534,1875.6068180037132
0.007904599159046498,1.5507841490381338,17912.949664850512,2181.708567411821,342.48941382555097,921.1023451904591
0.010032406467015614,2.0119742316490794,15725.48631812289,890.7952171086972,122.62247797575496,1396.4891339553117
0.010815243617134816,3.0159873549096403,11619.166090183371,2003.4611763193461,238.47040548623497,1245.101408782141
0.007841222784073626,3.0240762632653957,17599.859645014403,507.49596197709917,175.1368582402438,468.6883853616891
0.011320682963109702,1.81143793658201,10453.699864727861,2645.2832826760255,305.18405918801454,1215.4683260886284
0.005784363290114053,0.6267113912046995,13919.415849581124,5205.866540635026,291.62990249803846,3666.1376547545847
0.010098073071514028,1.0025627512283315,15918.544569610696,570.8114954104196,98.80169339649309,1903.241618817635
0.008057022730440544,5.973216969900389,9818.006155999277,1006.3387947662766,129.26246120266103,537.895379698087
0.01510063540576534,5.899517444089863,14448.869777052516,1030.0723090299027,258.85567485071067,546.9450249660963
0.007860508917543758,1.6245200984534576,15790.558505126424,2770.9555390779515,230.72795036680154,2394.7733188772822
0.010056561262579465,3.0424910225372144,17692.666609990847,2231.162689450048,338.6887139928154,806.8074954434443
0.010025566023745732,4.971043584789153,5005.889461669871,2894.5387956158393,161.1362218778127,1584.2685387809038
0.008083563329984802,3.015212612380089,4914.087137521224,2925.5955517912535,249.98364318650258,1392.1987906856593
0.010958727419312525,6.162157135720314,14478.953088862036,2646.876657083013,293.473103644689,724.9293058317267
0.00575785033887074,3.058876126003201,13832.67709570928,4970.520376714271,77.83439286756906,3062.5941798811346
0.005831567342628717,4.02679952924363,14779.38055558461,4946.386828399554,177.29300169896263,1792.6598259617963
0.008042007205999735,2.5378497620389435,17704.003461026983,756.7995469483016,327.944842649743,357.73521853666654
0.00798607120963486,0.9849366519313129,9786.692754054631,3958.1084750546397,254.803577198056,2924.877977287225
0.007939234925871466,3.050933862496747,9871.115923720812,3995.468468379213,202.58105531773674,1807.9076615557528
0.010446875841654763,3.778162441237244,20029.52190736328,994.819376405941,220.74681769631593,674.1007683546109
0.005843282082085944,1.011690871622891,9659.959003514354,3357.3385892786428,258.3693930492961,2177.200005102132
0.008060963745862543,1.986136510714153,11984.292968189244,3046.1711871187563,222.0923964572672,1969.5794015170077
0.009885012274428801,1.9732538794176289,18161.285664480423,3539.9313113463713,342.24967154572704,1391.7671630798768
0.008054923215883763,4.021231036477758,10281.024340763986,2070.931893351861,210.72978966484922,1027.1932919218834
0.008166390770149431,5.34326160759178,11662.742923449745,2297.0976788483695,315.9415013707576,397.7934742152479
0.00814772139660414,5.404777689656425,14788.89746356167,2330.239162779993,220.3905840753387,791.370562528217
0.005991441553538289,0.774450135480188,7839.519663309129,4048.409325021138,245.97183972417446,2961.1612180185716
0.01427514869442828,1.524927731441105,11029.656668314547,1004.8219705931657,264.86104532044504,1568.7862594885873
0.0076637139864293375,3.0380821069577744,6791.010213047744,1049.1060898692588,94.23896554884574,1376.547150042761
0.009339257534550484,1.73090100095808,6981.328096600882,4089.9616366235527,224.32620997422987,2591.333698861037
0.005782957637279356,1.9793119126137269,14717.802806593623,3439.67829246171,297.7890713946165,1216.8596184157982
0.008100650177865893,1.5663981142702612,9862.586707492943,2665.6848924117044,157.2513430125897,2839.648756777286
0.006094420292648794,0.7848135079864301,9680.679462858896,4047.3014106587166,278.60102537038597,2240.6186635154986
0.014049422524908617,0.9846091920121189,11016.460512974361,2698.0808519284415,268.2766838680204,2875.1226183238723
0.007934963824827964,2.9593338579224695,9790.420103348977,2015.3629659853914,290.7650337551365,814.86498938839
0.005934730124438783,4.045068255377994,5915.677523951825,1500.23074362292,264.18894727811943,636.2164545930784
0.008022605539046589,1.5875569864799222,7850.977958262578,2684.3611029382714,227.79832006831305,2095.1296786815246
0.005738077905984947,2.012685804018505,19629.266910494927,3355.2619551432444,304.87766661675704,1510.2018665188702
0.009288836476437662,3.0679331673019776,18007.738527956386,2068.3571061342755,273.7353356209285,1103.6859678822439
0.007997765493637383,1.9503195996686715,2959.3550604072057,1558.9771090572067,204.7431019862686,1810.0428354989403
0.00822429867179418,4.101245931681432,2013.1484311743639,2508.700023120009,110.82495023597664,1468.4014961490393
0.007886241645718757,0.697365637510201,9838.174658291699,4910.346665075226,277.51271981197925,3379.326261482643
0.010601774787648932,1.0180535603977665,14709.008547843943,1996.4691517416636,158.3449626906879,3800.2949553864687
0.008039239124154027,3.508845436785243,12767.054582391338,1002.9105697748006,305.3213553111525,416.2108508385379
0.012901851748865316,1.1133987516073554,6889.005804551428,1947.458794161252,150.09750117241123,3999.8160709420013
0.00802138953383086,3.678028622284882,1995.4135649213713,1259.6408942894702,113.01931040255555,1019.7985195244046
0.007703911747919893,1.9757326061958496,7828.684757207926,969.9211130519412,221.85253708259927,1282.797084902681
0.00937315961055557,3.0454760530027567,14014.066990685298,4161.78444059316,256.20139878841206,1875.2547349544107
0.00815130316489063,2.47630178856934,9835.59290073199,1582.9394647762376,228.8515743712043,1201.2980789685957
0.005758318557673424,3.0052977965967878,6852.58828828141,5021.02827672461,176.46968776579467,2190.0240196397885
0.005829866997401145,0.981761442538585,5947.855085727386,3309.578474830939,179.57283577985092,3546.8472798598964
0.010045470401833503,2.9331714277243273,9946.983546077507,3787.9890287557914,213.25576918190848,1961.1611783795388
0.010697530087227361,1.0112986360664304,17682.739459655222,1022.686287491137,261.9189188993673,1417.3633021264286
0.008035090570870205,3.0216586079410805,6796.269839167869,1998.1756919677555,271.22700337731203,940.3710296856816
0.007948371690432075,2.5699515327060256,9749.207097702338,2695.1743214388925,232.70268269892705,1494.9886169942722
0.009933311216531477,3.002157158701405,9940.66660633329,4590.910438637767,286.55365939518816,1473.9564008104426
0.010677511686842996,2.975921808584695,9909.668484068236,983.048011479292,281.50955498563485,740.0008945332959
0.007704559294954608,2.6001813718349576,11801.796314688543,2745.4203938797436,263.14913142729654,1115.2162845859234
0.007879457705926384,2.0114625250410545,18099.132632369485,2039.708889170793,259.546381721108,1385.0171363424022
0.005837824292291748,2.046986309544622,9891.877019235617,4963.136845426758,242.2055372294878,1924.2256633892127
0.008058464435927054,2.0267434554296977,11733.88594140984,1468.4796157301964,321.079269194133,739.2800525145583
0.008179319610037924,5.0140263047795095,15062.007354340154,2682.990456538172,249.67495191448782,830.5170524716966
0.004695707685309073,0.3088870292915493,13743.187796113676,3433.3277932456785,261.34561493251715,4809.287713524176
0.007958513368843746,6.853706562016943,17448.465081963488,1009.9513759548569,202.8645070538303,358.28966053431975
0.00963388688095065,3.0227176703659744,6845.665441789669,4118.344716677294,250.0994519908604,1919.3429378442036
0.008099596147672373,0.9932372911309626,12025.29618574136,3380.500777842453,301.66929944565095,1747.6494150208475
0.00995793108000981,2.008414696445273,1085.9498269720357,2078.295502029116,50.7895952200985,2935.99817698445
0.005806999743104886,2.9973895125511265,14607.338145674137,4951.8808731946765,274.41235120621377,1519.2402552219066
0.007952676545935537,6.912111283693441,17825.791138538774,1923.8792025363384,56.116076058757415,902.2508144639913
0.011045465855296222,6.102984846798453,9709.739432249195,978.303898122483,267.8747328167729,382.4045529969055
0.00396009138393929,2.0653824912139953,2821.694182109989,1561.5170885225805,49.30247956384741,1417.5833094187974
0.011012284524076049,5.995723143002782,12859.65011153073,990.8891587745397,189.48831848762566,531.0509299202027
0.00600587438973013,0.5028048430967836,604.8913412433013,198.47749910691525,30.66463678850013,1194.4627158160736
0.010117015070319743,0.9913545889131674,10112.067585314882,306.7861490543561,102.29498250920679,1511.8160630732866
0.009898837097946712,2.532388594090112,8733.064143807564,1355.5144782991104,84.79979819823826,1983.2394819796868
0.010703697982057562,5.948145100699337,11842.723290596954,2033.571796446439,237.09515552133846,738.7461682880075
0.008164086108282956,4.9758251125043085,18027.22845483208,2001.7758188239795,259.2503337138072,709.1183748466384
0.006012087079551686,1.0037715339770583,1122.8608707003423,2487.6472386850846,72.17813960189703,4197.256751249451
0.006310146690719622,0.9199137962026702,6796.665162620529,5349.007127055705,240.9644904164927,3747.536084788374
0.006174570794365368,0.7976385560321028,7750.17864113572,2189.397114797363,193.6143504627283,3131.3224673580517
0.004852144971339616,0.3874071704725123,454.044065996703,300.8965186077283,106.95893130245855,1526.442683448672
0.010221817966449847,3.003098268593377,18361.175249946522,4168.759083484033,258.86063936241874,2387.8441770696213
0.00811895079499272,0.9930223358045611,13323.81751337535,4099.292747687811,252.24064118266625,3611.307447912734
0.008020718240829634,1.5974201800437682,12726.211127909824,1642.788796911224,128.67030821403677,2186.465930057996
0.009896560767986786,1.5062193442885266,3467.57926276551,2398.7705918622305,146.37417066300733,3560.415326599517
0.010322204677785031,3.7758119694762255,19836.5427711938,1772.5556773810474,231.72649795425517,1072.4479097470585
0.006013312115585763,0.49676639695472014,815.03666401149,198.42099645247134,28.99436158538164,1204.2833169430514
0.013623314590579352,3.658368914950833,13710.191773836475,2074.6768320285723,330.6575524602605,630.447785442971
0.008056305630066683,5.994938880498147,14702.446912556514,2982.8365058021845,258.6033530237502,759.0743798690438
0.008062164798510631,1.9594373673164855,7876.986922912929,976.5277571717392,139.71747785821594,1591.1764963533128
0.005996050503390275,5.5334835935308275,6941.8852689886935,2688.631575442653,244.04229584651074,727.2060216362725
0.009929886842340708,1.2360354787037207,1421.209168143335,208.83411634545848,42.659336397427616,1003.602963984877
0.012190908697820697,1.2079936969588196,296.4384101311897,297.9675707349803,107.32675526644778,1173.7435160595373
0.005978291350556391,5.938633887750976,13638.451718466955,4877.8898975399925,136.6051995846133,1337.0303052729903
0.00807650080413341,4.033145802848319,17874.443796906802,758.9463156351575,254.94959617440742,383.2064834156804
0.0075335945079202825,1.6545157622580855,17569.58114001748,2702.2032340309897,284.5384405015883,1776.5487471031743
0.012614039528039144,0.9513687373041514,2919.614769989813,222.6030732713495,51.06838042120913,1545.7359109155927
0.01294278717762278,1.9219756303928537,6976.096037143604,2681.308487152627,253.10466266657085,2131.484999984903
0.011159060835834485,0.9953874340528258,5711.579310400448,966.7995058819529,220.91708501539063,2861.542242723461
0.00807800537801913,2.967162257729244,5069.5682998603515,4024.5731680103813,164.5545444389868,2532.0906544111126
0.006062482825948603,1.008524699136197,5127.07957643008,1121.1928686307829,64.64292415752494,3250.431997661152
0.005974071988919129,5.119241816477766,13679.047909063594,3302.502692320896,119.17236602790237,1256.5166205193789
0.005816193731536473,1.0059099812254482,1124.1824812647565,752.5462750776925,64.90271663917142,2055.3528661395935
0.008022976336759868,3.6577455240261125,7064.182932623854,6025.067822752607,276.19363910070405,1696.122743016562
0.007790369635029365,0.9982064248348321,9856.095743266655,997.5608056599992,213.81496401211598,1969.851305760437
0.009970413520282833,2.016364843890643,17999.51092277218,439.807103236459,176.10661268237232,702.7281479750364
0.009881574469461384,1.0301856528639575,2235.1077202479582,198.25713803783356,128.61417903610462,960.7184069815714
0.005702900483783112,2.9774445992648886,17714.361621177253,5008.118795921484,257.4986934436838,1905.4010709195272
0.007742496677733062,0.9741021102400821,13687.006281180142,2009.963596537975,157.09558492893717,3244.021662912927
0.007991077587803364,1.8122696224844586,999.0067527188842,1033.1018898147154,97.73496812565674,1539.2881619959176
0.007850102443198427,0.49310213684801274,7746.0307954961345,2809.0744663211476,238.1664544917342,3749.86318025348
0.0057904527351598616,1.0087663956616832,9986.022186362206,1508.168917386855,219.3838602227346,2060.789292512302
0.009951497640315285,1.9948947668357222,10042.627400569218,392.23561681295064,110.70485100507815,977.3915485385588
0.005735623316578643,3.0148474317756953,7790.752945839153,1481.1115372406427,140.20011061397628,1092.6740166190382
0.008015215493151517,5.88806671711816,9813.3044648655,1002.5664711661207,87.9942634056386,605.8883242607037
0.012499080414065878,1.819522496803521,6837.00520546231,627.9350444206884,260.1023438036514,1352.277538603376
0.009994030581296675,1.9748278928005472,15984.393721343333,249.746456953696,126.10987592208582,560.5030787258062
0.01070970847223446,2.003287100388804,13814.478613594063,1007.7045500760056,237.97586656437582,1094.7621277886901
0.007966550066231917,1.003806522021578,13658.396718596947,1005.4648888266432,216.33537084737176,1794.5241992737424
0.010708953727968951,1.0064214330911916,17594.42588858819,1019.5871252178881,284.2192795305119,1279.2411933941994
0.00800986892639694,2.0069548075678925,13812.899124694492,1982.156596056043,240.97445179207972,1475.3091881918938
0.012729183339411384,0.9413016579913961,2744.6473942107323,295.85853904196256,62.83418495991624,2022.3872055248164
0.013089236340928184,1.5038570851616446,1304.5643347705802,696.2497272036663,41.75699189611915,2595.32999241938
0.007756823937922555,3.03087702025255,9811.867607377084,2028.7456474242865,91.44875600723546,1840.5967752162826
0.00994422680248588,2.9813234528278074,9927.321695303175,522.5901644891374,292.6028275947108,530.5710035925392
0.007993514373723547,2.4261188399473497,9793.551689395814,1590.9376960226546,289.57261766944526,858.6133028389577
0.007869419576865573,2.973537625355691,9704.376330900468,1076.1495120684394,69.5131353016701,1242.2024658728342
0.006184044816529741,0.7887353940942347,12819.711056255668,2708.8898283553726,230.5036734592573,3046.0796207034014
0.007993923188371234,1.5620601085673314,7736.684543911781,2772.2573186068985,192.2832033718452,2508.7498774815763
0.007963540415887475,2.9564871715321615,9731.162550031853,2015.5585236996064,114.43640740141053,1561.9727309458037
0.010930502442627388,1.007267524295383,7823.748443216436,1493.6343189444433,118.56157892654824,3657.4947928738397
0.007990822821878399,0.7939705937898218,7840.287955771688,988.1873228307891,135.2148721743421,2853.368285300937
0.009894007350926699,2.0020901305774093,13800.656652639469,356.21750127253216,194.12024953320818,687.1226707903593
0.008121807197238443,3.009809705394165,18092.370117967308,2936.562592433708,344.3128527520517,786.0137593685009
0.00801629955282125,1.5786584210122256,14715.346144999145,3930.7104512828173,334.5031211116428,1422.1827951997482
0.00777706462755479,1.0146454890701477,9846.522340219542,4010.591025114865,270.6465544944503,2346.119690225917
0.010920543024481399,5.1242507746942945,7018.054041498227,991.8541977868148,284.65963006521577,590.9518896976462
0.013346064081772552,3.6583908541077945,16699.58707344966,2054.9332527988745,323.2468638286172,846.5827807678045
0.007929519534105738,3.0361791201415187,6916.140383540311,1985.8280124145945,231.3154573016453,1279.701664980611
0.008089602390295773,3.956619589316862,5044.13861864528,3965.87512987986,254.6108805851063,1279.6889991052633
0.010081317716013848,1.9608914968345603,7043.959278639816,6156.536035715523,256.76744489669204,2336.06378751457
0.008215824134724782,4.952498845292205,12075.626630811741,3035.4854793661166,226.66883129100526,977.6620583258466
0.00587843810980953,1.0133106517158585,15172.033030970753,4943.837591282464,304.7836470822222,2722.982814685956
0.005647995142704222,1.3558940589331698,7165.529494766768,1006.1526044364041,162.10373500213592,1994.7702464204726
0.008197946052314798,5.993263023268279,6832.809812149468,1981.2532315033818,223.20453012133012,726.4826318303814
0.008032180767881876,2.5543518121116735,17976.19525702232,3985.530044442047,314.8014313643835,1532.2737566551225
0.009997553960104384,3.0194593174036575,13975.527797201024,792.5909294908055,312.0379371036974,471.2304053836592
0.010799407865569325,2.030009606622298,6853.954451920696,1962.8867822731847,237.0583174273836,1991.9518041974186
0.01004086133261573,1.978131750611116,13873.836060850164,701.5379880128487,105.86151013329385,1284.9340648214632
0.01251362777633433,2.7200099826172086,6985.55389543315,1973.6693206894236,257.24554628138986,1579.3011263353787
0.012831475808079331,1.9390989119550124,5092.6752344168835,5519.273369929371,188.7190947072213,3430.357043663298
0.007833186483803843,5.94727715820281,13856.156717813,1970.016137715316,254.74125220105276,530.4054650399717
0.008140314596913825,1.007483157435242,499.89959158967673,60.070892682254495,45.35362498965686,244.5785351485322
0.010054293053762304,1.9853366449672571,11931.83995874517,4711.652952455971,316.9872243787238,1587.608326252772
0.009976419481572305,4.935176226520251,9923.58619147425,5862.102005374296,206.02204980562283,1875.3205553710436
0.009335291172041656,1.8254811238635942,136.44119659287279,161.24815286159938,97.51775022639399,404.7720207624163
0.008057530382461419,3.009283050363868,9942.282706612299,498.5507432321947,98.3015504384134,675.6240671263514
0.008126425548606845,3.041553755636233,4993.2594617178875,4013.741299587292,252.2937347941823,1640.49646780659
0.00797662101634642,3.4187236047588203,17854.41211567755,974.2891118401683,164.27700378643584,722.1151695846945
0.010773073278476058,1.0127069263940336,13641.438213626043,2774.0890607812157,279.3495284168674,2459.730635589486
0.007822261719247093,6.004257491733234,17915.25008082209,4062.673260661447,275.1180570530709,995.2702777310902
0.007914340174864627,3.028261591737959,9680.434800713914,1009.3323362843926,235.79844957528275,785.5775172137986
0.008038010316555998,0.9961078055113965,13594.146384091991,1983.591822427309,122.48871646370226,3740.560651076853
0.015030622892856943,6.000172162353822,13662.110933657134,770.907869917876,158.3577585749614,650.6135451358825
0.008080877779661759,1.5688447638170273,12556.782246799905,2153.7201923414705,157.65772294801798,2501.028225327222
0.00809231392331442,6.0038949701665,13792.952979179854,1013.9084167885103,77.95369649701617,567.4763802141263
0.00981875389590976,2.517117851676257,2836.8083010272553,319.00627423798613,53.43861777792501,750.2906716884659
0.008116391301458404,2.9706065187782706,7009.711908694644,2015.6976981499158,276.2310168724704,1014.3678416412055
0.008007519032479492,3.0139155502254997,17503.620493823975,3973.9697624222185,273.2397955190468,1843.7320601206648
0.008118366696150353,2.007708452173472,13969.174282886866,4025.4358596479415,235.2805692217064,2607.6933112473635
0.01517063032506164,2.3423189729608414,4974.917074158564,2189.8681738796795,177.64335005557473,2598.893537193839
0.01005391359644675,2.008842207261051,13875.972321749165,2331.1765327045796,120.6102748541411,2958.701212882949
0.007810120210496863,2.0870982397908984,1627.5574092375778,360.6774676690715,105.71704249139152,723.2191706192839
0.008172235591478947,6.0390027514171845,13770.035675092542,2740.5400461893505,245.93102573058604,732.85369684134
0.005779562817213575,1.9951602866259515,11660.10437147895,3375.65899208126,218.88057489015483,1713.5458671393412
0.010728527712469274,3.0132360936662375,7804.356999407336,498.3154551047252,200.21238018887038,757.3798486856499
0.008145697313757149,5.298010798129698,17240.116736765696,1494.5169249643423,223.22352154759872,597.9940150441117
0.00569436993836951,0.6351371355219624,13998.534300655705,5235.2924415644175,91.12386152624974,8996.863765751186
0.008072031575468838,6.0853677356324525,17893.191776780895,493.89335105702605,128.72878044111684,260.64798846186
0.007851216175433738,2.108945951566645,1165.8866568675594,1099.3790842222754,142.77384890523078,1213.3776706981
0.012720116977134452,1.8897308881352857,7070.345906115992,5373.524214077614,273.24901129356516,2192.530168778302
0.007916946076081066,1.5631922429687939,17793.772402035178,1588.860333335731,299.9734742515507,1088.1422681385727
0.00995352951820631,5.0017791013685375,15865.48692601185,3516.3949773644913,242.9399778667666,1370.2594639612782
0.005882514320205778,5.917927079108136,14893.874101183575,4972.371755069071,260.73614366122075,980.3500872524983
0.008097534376336894,2.0119850460768944,7719.374360835681,1434.7021472014053,98.54476469975408,2156.6113598431557
0.009940209625945228,5.059925030437522,9816.00263468037,2663.113158917872,215.09060640764056,1160.233207610457
0.007795433369924301,2.6303891060084803,14725.587969711807,3202.8865872184615,294.73386102737607,1097.4570726089928
0.01008358938375512,3.022479955715541,5973.123848096438,268.430076479593,98.60629860260244,529.0518191121546
0.010702418248863676,2.0183308140866627,17573.436440767273,1109.110623339083,197.81742176764746,1232.678895683008
0.0059277196091859835,5.932382934217749,9742.418431029382,1494.349298895615,198.42434410644418,410.73574429851124
0.00784383698399708,0.9891826511140362,3003.5295095901156,1107.3710145428374,56.63324929248306,3685.4913639379247
0.009863199084826541,1.9972063445802577,11901.101135253355,4383.195695644554,234.73344774546095,2892.0672515732113
0.008208346601671645,5.980679263557021,6947.94759130006,1988.259226840423,207.52550216760002,750.8902247521153
0.007858968883207322,1.590791647768599,9698.927201429995,5054.681211714416,286.1068308237676,1965.9196658295189
0.013145083504246627,1.4930348043684438,3404.877459124815,567.0177997345763,41.70162534748379,2561.637285830834
0.009793146226266109,2.0839883442236427,1154.6480718328853,651.9080659820459,139.48887981856984,1175.7908371203173
0.013247474221666302,2.9800425469257834,2326.455409838535,403.1507232713743,46.206640551577735,980.8063534815493
0.008091732100303178,5.908026412734854,13613.32238570463,1003.9122325589203,139.1415936114018,502.4342534557879
0.007997852187620412,1.9962350591122446,9925.685080340925,2776.7664316099786,299.8388184656974,1245.9164714396322
0.010006803903790173,3.035249401279747,12074.474760908039,378.0543949374249,306.62620548525655,369.4130464392845
0.005783472944297165,1.9930280102873543,14892.942588327363,4976.949168091266,137.0953304196595,3595.093006625991
0.006027747254399741,1.0052105806990586,7190.584028147564,637.5655098816649,83.54116221870427,2122.9764267947107
0.011105304295275517,5.952814178305113,14799.509492059693,2197.3688307011757,219.57430931684095,868.6795880033632
0.007932687046348136,3.467556024159563,4866.536345620892,993.292471975542,211.87648559162568,874.774771538205
0.005917845247449376,4.005822496803292,14482.853825791526,1519.36878480207,280.9197742354194,424.92404513378506
0.007960461916772323,1.566465991402677,4824.441842168153,3968.830209669006,210.21365195807556,3084.292479011532
0.009901874646663313,1.9836256212613055,9990.361615897904,3079.5230065107194,222.13601883008116,2283.1410034412183
0.011011410643509151,1.9787331243315596,5804.065578235842,539.2673925009511,203.24021738534572,1262.514874781949
0.007981491512551644,1.5695570977320923,12620.018398877888,4927.685436354508,305.335624669432,1768.765342213702
0.0038179881550111615,0.801062518752038,9768.449765458845,4984.5680889113955,281.10709645469177,2481.4601605983985
0.009863282775066646,1.9793089442198215,13889.554414392716,889.579865797076,319.1587872075129,615.019133431744
0.010137907914205506,1.0059854398253636,5017.407750123818,271.7833410486858,111.61237578097644,1472.0507112796633
0.006115668571956196,0.7971929457272083,698.3848229313977,245.85698836248298,80.30848313529988,848.7105201275006
0.00579528355725473,5.0271559080969315,13501.916804927823,5010.706028104132,118.01920956592016,1742.2414686418556
0.00787730633329496,2.024590398324158,11673.563011330461,1498.2568870144053,158.1384281248708,1543.6721496221278
0.007985242303470308,2.0233654264497685,17574.852845295023,4980.624095071966,344.53203763975034,1763.7642235601213
0.009667645439417784,3.7355842887619604,6812.3461559424395,5952.105432642364,172.50981348033918,2222.6606177084714
0.00798036950919135,3.0025853444776724,17563.33544848611,4023.75513489371,305.6691387065726,1487.8967151625209
0.007950924080439471,2.6088004629847354,17771.496564630073,1591.7090449389736,299.5731469556877,741.4219340579048
0.010405783954746395,3.8040972460791953,15644.638824987484,3468.475436960758,276.21454054051827,1350.8428515150335
0.0061758865673012244,0.9088558750060837,6864.026290680181,5168.342657539841,260.9320370691866,3151.782979588107
0.010774080047127623,0.8697167222914194,6924.899653064971,3877.3545706881064,210.84749282139765,4333.622158328056
0.010646837480552873,4.9578400675174885,13905.784789149697,1990.870995270219,243.8102451005676,818.1511115798921
0.0100501233649605,1.0070393173738117,4082.954339935742,225.10496435359596,104.13718240353411,1272.9981976025354
0.01483044769940428,6.082621477122621,11740.223439789068,785.6721466560446,178.58410731165208,622.3698714787954
0.007908472530962229,3.5958908411622446,18023.91260453293,1491.2017874619553,261.2066336815781,712.8248448490172
0.008048077245460554,10.8718045291892,13825.083429388227,1489.5005574741735,218.1233503202021,302.1274582389655
0.004757394040404264,0.3064665304611292,13722.654819333096,2789.4493230651588,257.13215181076197,4177.422808373092
0.01409579070293159,0.9957683881778057,12334.591827787284,2028.1944724541354,265.7230301935044,2627.167280731753
0.010637884634016107,3.997045199492498,13705.693669798076,1548.3354596220943,325.3767750638887,503.0797744856227
0.010666506741999466,5.072979618747053,17741.631243651835,1029.4023274423234,349.56295501432396,268.19922952743286
0.0037631336053096987,0.7938125286898314,7816.837835983989,3999.4235584988646,251.82789934747387,2754.6645454432123
0.010068854222507553,2.4735021375087576,2685.7300209380764,462.21801136333045,73.92365376345622,1022.1232430817018
0.003952494181311007,1.0300615967779088,2426.448696489248,914.428356005864,57.913385449029676,1768.5007837382998
0.00938054884120334,3.0897356393466633,13547.39360855929,1023.4143011841998,307.0762269065578,501.1677053522712
0.008049799680323995,3.0304129043695087,7091.993450735995,2012.2183816923057,216.58228937204123,1352.7807574200165
0.009909742624177416,0.983292484110362,1682.9416515250632,1590.3387916200184,130.470735443747,3966.9341561642987
0.010007322858121922,0.9956590651812816,3980.4873497722137,205.0846445300378,49.202495214389145,1191.8628517726315
0.007935499793357455,2.4546294277508185,9861.420634986043,1620.8482829261275,199.95989173075478,1359.9779134923024
0.007992804923351311,0.7824262788606602,14815.943989470672,984.980215755733,177.08845030693516,1951.0658587053397
0.010016291112513346,1.4982792083467662,6052.968408280627,892.9465673130612,105.63725422052896,2464.3651459162406
0.007949115134353542,0.39479399077043265,2530.670564559231,4799.256534641213,55.39962396285413,10600.732034254834
0.01319905634192769,2.9516356073351595,1956.180401609038,1144.1563437888015,56.9329111567689,1996.2643785098958
0.010184444721952504,1.9777875565751273,17628.962286887392,659.5957219219343,103.37018900532334,1101.7071020282885
0.011081407019097676,6.003663698921229,12707.501420903463,2689.4794204485465,276.4835943906942,708.4558613232688
0.007991193065503294,6.090424251415186,13705.443668630975,1002.8253056203798,307.953089766946,220.61030350716942
0.008127344486941196,3.629939090642817,7158.163499030852,2005.7788394322379,277.0876751998926,902.6636484696171
0.005779116837604415,0.9982051799531229,6944.941971181824,3322.820735747691,199.86678200372646,3194.3570749506725
0.007971799180414157,1.65519051115619,15666.988377568769,3426.3898334401133,299.73905537987787,1942.319888185632
0.010815985192489629,1.9969820342073525,5851.408929515612,1100.1909266023242,197.6202245399666,1946.255031186435
0.007915523605936768,4.986623285510624,9806.325426309935,1010.7968257176223,195.62091620190964,543.0152058732583
0.0061134796301929775,0.9131101085603613,7010.654019145783,2729.644069420378,120.55563228844412,4475.469342239081
0.007979640018318478,3.010614813923027,17613.567285078116,2014.5237279299674,177.1613352302685,1444.8593035655429
0.005997816115304668,0.799240243762693,797.1150578191767,98.40962386532831,27.178961553316018,402.66948070826095
0.00789575101405651,1.5773133595323343,9720.137711090223,2174.607052045302,235.52107885801436,1860.7115696454873
0.007989610893793714,1.008248364910532,17730.41340660209,2006.1735281637618,133.02193119018065,3340.430077988186
0.003841559694782582,0.789924610977618,9989.437351846787,4971.037772466615,208.03869815346977,3507.1451328403996
0.00807679745145174,0.9957712725956119,17651.7583384131,1997.7848817111467,235.76876589098217,2206.611664154294
0.013006248337979654,3.0172222392542456,3529.16842734823,675.9024678108093,45.72532183785946,1470.263422163817
0.007937206258032004,0.9735486133454045,13770.831374655314,1999.8636167821344,255.8901988836072,2058.967359210911
0.006209077451214722,2.67882503169555,6871.411605517548,1334.1278152316377,238.0408253582138,974.868737361526
0.010866866319766508,5.965316638051983,17895.771936785968,1592.6883833333675,198.72666069782593,773.6383563202751
0.008028948829567395,3.0361210614487666,6833.18910132578,3950.0752930318527,259.4740056588493,1491.7070166192507
0.008086497166456295,3.6802799769639725,18453.875372742743,1521.767022401962,346.0340004375531,329.75980773095023
0.007804714994603304,2.0489159675322237,1959.0206546942084,520.1431706007833,110.05086813985896,999.148648728261
0.013016036910230032,1.9427382312767294,5170.754725583967,2645.1841513068885,256.6545214222417,2400.11171399229
0.006882305382153129,0.5571359056524806,10332.754859511002,2388.1914806084824,307.8808333423008,2120.871347002595
0.01099942342077092,6.000346397276383,12934.69673047457,3155.0688049270107,248.67761860218192,963.9890051680181
0.008203029738979928,1.002297415031784,10042.481926172755,1500.04913238081,303.4638335238889,1658.9060419357731
0.008023179849862295,1.5783127171199942,17983.916823637086,1017.6166698642161,159.7202210700484,1304.2853358476716
0.007849486650148514,2.9892694098576627,13633.526107325968,4087.881441272165,202.13402787962772,1922.339442541297
0.013121587638623004,2.1983539613425647,3064.7331881823575,706.8499265834063,48.61995792330348,1998.2836554179175
0.0079752698910878,3.9934338901801456,13526.507036732613,1503.8007225948718,258.9628686358603,602.8063295893165
0.005936651482284001,1.9671978658283316,7905.401543217415,4935.657637454791,200.89626029109112,2488.396178501936
0.008228877891253322,11.11475081193573,13880.736194543812,1532.0733052505282,198.10222003664506,313.60336327730863
0.008028304332059148,1.0077978309718056,14612.064258603357,1768.4590519159208,213.28813575833593,2551.1211122873783
0.005806310182811646,2.99639319525717,13764.510941486664,4992.604902279835,219.91089500026158,1887.4608860789197
0.008058103815862762,2.002450528939694,2954.599762137714,2523.5796349390207,132.74064744277632,2919.035470734634
0.01001355473561953,0.9550523327565066,485.7637213256549,524.1706417664254,64.98597608239129,1934.1791720047272
0.015315082765506631,2.4539386932194502,5067.022910327765,2325.0565706063676,220.91137153388954,2228.9347699256455
0.010897764670343235,3.9990789534528393,6864.677424199868,1515.6440070257395,260.90563625370885,910.013077210772
0.008056481055448365,1.9731491244739532,9789.397362663489,3007.5386139178763,211.39142423852525,2087.95289170568
0.0058881619481131004,3.9684375547481467,13636.167302526006,3342.7299710563107,159.57659549465055,1368.9000119777493
0.00796737500975838,1.605271145676706,5002.210972743666,2735.0246249617785,194.54298377958634,2889.715926509276
0.009439981137514375,2.037487607133691,7008.25759494328,1026.9759407999243,207.1331867784416,1654.2666902579233
0.0051911608411574495,2.6069794682009095,9627.789473466664,4460.726143798484,172.5290029194159,1802.9869534633667
0.01277640175851548,1.9000437652445046,7051.556015653358,1378.8177809342535,228.00409080506762,2049.3862105457856
0.00803916699946708,0.7579510487115508,3011.937728885274,2013.6839377861158,191.74344716271796,3540.714508878436
0.007943610880477526,0.7758003935528255,17364.055170287793,2202.761452977607,290.6287330506728,2175.2080938582817
0.007813808045654024,1.6496757409292926,9825.833246408876,4507.392503928154,260.95682059051427,2184.911097694419
0.007810135496238118,2.5982067870704775,15016.90921224122,3651.8951177193067,272.09776193553637,1485.9118953890277
0.008024270231711568,2.9723231253138667,6932.758181373512,491.79150045452496,245.13862565021392,516.5610378541376
0.013487023664763384,3.6643054031471896,3496.620097944189,2053.849000996014,220.11421166501339,1470.94856653918
0.015085521165938552,6.08830614766772,6764.14733857516,769.6216240140092,238.92690978999423,656.1016610734648
0.007943137733385274,2.9979701099273357,9824.512095739916,4020.570954300303,221.73680326962108,1652.9913479855825
0.00801416547886102,1.0010880228947334,18002.00299423498,504.0876034827347,246.0547349603397,918.0470316428698
0.00789237508064017,1.003724297923731,17844.617428959642,1007.2258589431789,310.04530446998285,985.8759178596949
0.00579305937416932,2.031146525699778,6941.276708985197,5029.1392179540735,278.5294875980581,1787.3194397024422
0.01084291311682969,3.0046214968113842,17581.70906153211,1516.9377898769771,300.5965561071238,762.7309754180445
0.008070133237466135,2.007009864136951,13713.318207748645,997.3853840088324,320.35813309834253,581.3829618546171
0.006033402914680486,0.672253917251944,103.0882601419467,145.2258695201044,31.65776618195585,577.6577310735765
0.005735404111209348,6.0086824991531325,19463.826628005405,3291.195357855634,177.0526626119838,957.5748681477953
0.013244955861396339,1.7514323062616663,2270.8128321439344,750.1623078016046,45.46317530106736,2409.507717916338
0.008259288612750056,6.028372685227155,18013.45108553328,1001.4312469576439,241.61738170500067,361.2952680506833
0.010113522720760893,1.9996282987673302,13745.679120037441,799.1527170620295,109.77545130920217,1384.1549320487945
0.003976255345902605,0.9773724525517978,100.47252261229885,273.7225948846069,20.970580716107456,560.1959360967821
0.011194023882595435,1.0113329946283771,14609.500774699118,950.7461830691276,156.55828962601623,2455.82055645047
0.009936340422837116,2.004035466741303,18177.298090200555,713.9081536643475,110.2825239491524,1201.8520207519318
0.010053261490736048,2.0426135158923633,17714.822891795706,2772.374852360111,345.773228150366,1112.7294734008008
0.008002098672011652,6.0212622804646125,7733.866326586184,1606.5947095767483,147.28033715198941,754.622984385373
0.01013104386242381,3.0547530399613256,10051.928072957546,1667.648439977315,211.64760495032868,1321.7677349557887
0.010159930378649543,4.964132138800841,14104.811563135723,2368.151278755245,233.43874158121372,892.0149376596898
0.009907756445635933,3.0045086996428223,15864.635815822072,6889.390578836447,243.15289656611316,3565.5023221862944
0.01410001519641915,0.9973402607777465,11120.00242570467,2026.4207324011975,280.8183677168895,2214.053391400665
0.007971127805655464,0.9998983766818935,6835.787517490916,1010.3931771335976,123.09459769369775,2766.0017575354136
0.007761872074580318,1.6777012390129946,14972.471942782895,2016.477206519037,261.06698938211565,1330.4042155101974
0.007853277307258202,0.2502260857690263,9811.568624493068,1493.376661041066,178.8619533049742,5855.577316533229
0.01273976927844297,1.9208112690174541,6882.6566160436405,2677.280665552006,254.07679722104345,2167.8306258873336
0.008028960171625793,2.9933926131868813,13436.66662100739,3983.2503798316307,302.1660608646498,1246.575173071608
0.007984947343890568,1.5513275934297115,14666.740278701785,1609.5344549917274,261.1662463062984,1316.4765455622423
0.00796147680381767,0.7907002138506095,2987.7159106588147,2624.988228732261,138.67078823973569,4966.677670497809
0.008208315387363219,5.948245133444625,11765.11251574657,995.5014096897091,272.47773746254325,286.19621302687784
0.009942760699376321,0.9777386293890274,1460.2321140804615,1153.727744601502,111.02765041507121,3471.7058176702644
0.015104764288341248,6.032212061653086,14509.046693405282,1435.0389066707396,258.21080388995875,632.2038586284035
0.010253195918505762,1.985766734750776,15787.66768924761,323.592330958469,129.73107360087414,699.9374249807669
0.005898491418583766,4.015920988766432,17384.36778402958,3317.903965703579,177.21532022949123,1381.244144737813
0.007648277743919247,2.6196416616214093,11799.730416169281,2954.5382791287293,170.7425429746027,1890.3032948765806
0.0057861510829993685,2.9833202628164925,17478.7966095084,1484.3297535324714,138.65046872724523,939.573850514762
0.007909686478030118,0.9972813475468624,6853.258489553977,2016.9510298693951,148.65872598765006,3599.776365206824
0.007606197337993571,2.0534324098291763,1317.3744913529924,373.89594877633203,103.64410206428748,725.7262516301569
0.010899740781370576,2.9486206021445267,14640.98234238099,1491.9290433492317,322.97130425823855,609.8516725995316
0.009944019260205585,0.9916594323177911,10064.008959474517,676.4572312495183,119.32625231572398,2336.61443488166
0.011870859546588718,1.0146532305250862,310.9200077054154,99.40403635885156,88.11981428887069,550.5127185158593
0.00988503273343229,2.0595551984977907,715.3447406707807,379.9150631288911,128.91697453495726,758.2824118152353
0.007896600383830056,1.5489770133918672,7742.273602682223,3151.8820827243107,228.217460097669,2360.3131688441845
0.005818585817719743,1.9865835941175463,13561.84671710194,1474.5294526873258,98.77985717161857,1492.204256214222
0.010871094592935336,1.998513646335796,13635.660649943413,1100.9428724052636,179.33282348117837,1427.071777080401
0.0077681021967111056,1.0149361867180824,13402.413507003183,2030.3120093471873,318.2172211469004,1210.169022332714
0.007935271670003505,1.9949609389124519,5910.7587773002215,2015.4763395851323,117.5477807625429,2657.687481697108
0.0048129538920744395,0.38622744522327873,692.9856805834222,499.3732241192597,114.20000521965844,1748.4752043902195
0.00797106963549842,2.9822314791101765,17521.543772649657,1998.0913432404502,251.1535286777493,1113.491080840893
0.007942892786694808,5.996403903816416,13686.956473201983,492.84377970685347,77.50150923008808,313.11242974489073
0.010612665904896823,3.8287330314712698,9893.744382190496,2030.7612402453797,289.2167995879219,751.0671921883779
0.008106520338103483,3.011021567185672,13752.479877124808,1003.6703174819306,216.11298885540145,692.6152840616968
0.014050748569428659,1.5288140978278428,11036.920608888437,1623.0762925950373,273.5172931570358,1768.0218763483406
0.011022964884166075,1.0025912336723235,7935.383839933968,2034.679301141701,159.3484795246763,3691.8635304798645
0.01280578922344061,2.738597982380472,6819.716428048002,2048.692314688126,224.541066254701,1854.882162443844
0.0131320309363947,2.003029379177369,1838.9100671966348,267.5446719741325,30.018292275634252,999.2650998906017
0.005996645775525164,0.6678345886107995,102.61052874150721,82.5001545061038,28.444923345058562,388.8076865529072
0.007942584068478146,0.9955960422742195,13143.101549029418,4165.16028389388,279.1244684260432,2947.381703151016
0.008156752377438785,1.587124086853543,12836.817223182792,1002.3599490632836,262.7556302111233,1009.5823734100615
0.009985981823016967,5.026477343085661,19518.7939841246,1154.017650674067,268.2009020781205,500.21186634577685
0.008172142068555445,2.9749873750541878,13717.627326543436,2049.649611202147,222.7611095062341,1150.2963982759993
0.009884782617954332,3.0127092677014753,9728.956515157874,637.808033364203,206.758199403876,775.0139165596657
0.00586072812426019,2.940351140305169,15813.374877541104,5083.140923612489,259.9978535202592,1797.1645282087284
0.00793145897523405,0.783219019876778,4920.374777697169,2239.213747881608,211.3959622298125,3671.131604339548
0.007984815538445732,0.6823745782897899,9701.240412848625,5073.079169117204,233.6147460619327,4750.004426649392
0.005955655485750138,0.7798977676000708,12659.394838329223,1611.0258286563962,228.56088852128946,2162.7629133550827
0.006158816575935655,0.9237017149096599,10197.512356979609,5229.1160182885615,186.27759983020164,5604.557077571
0.007699418255918263,6.120728591245146,7079.043862825861,1998.3198044525168,80.15283495357589,1054.420133686761
0.008022887351594114,1.5638821342765534,7909.987761474829,4068.354798524889,234.49072788457926,2398.0413106536603
0.007938390382622649,1.0063801039686697,9922.616351172248,1000.564181703339,211.66417709061966,1866.6749798575331
0.010064594945627163,2.5338201910190463,6910.134382464258,1398.6546893717536,123.94092396971419,2020.838578884674
0.010903036679574762,1.9641712236052933,13732.581402752015,1003.5294589717832,277.79329660166667,866.0292202061762
0.00997542113891688,4.928231444846766,9940.5049129491,1601.5301514183914,208.88996324781107,823.945646015005
0.005787717768873753,2.994283327495505,5865.144066208846,3332.407172596852,139.4898362646219,1902.2877958533434
0.009793079956354167,1.983051860297055,19362.492126443663,877.5664565185547,173.66348332891,1042.8225399596654
0.005825916101952102,2.0073718441575483,17618.721294488885,3422.3964446707478,158.56716854889757,2689.666093070771
0.00790727644101333,1.5567099476068047,9864.96689929495,2206.1909145729423,171.98643965231366,2451.163310545373
0.010293931230942256,4.870087957836282,6876.449054098748,1323.7731757739043,246.36400758167196,790.280492500739
0.008249408562667145,1.542162371779986,7896.194657799389,4971.206936990484,282.7571562886236,2022.0900124189636
0.007946659438712114,1.5667796456065166,12788.061281837437,1012.3661441350991,206.44430388982718,1278.300573169236
0.00586119308941615,5.89409926495227,7866.658261530551,1519.8749658011131,259.499407392775,419.70944644941943
0.010108247257546556,3.0239766315452274,11958.952535329372,5440.111627425832,232.93963228646786,2583.740321340243
0.009274841139555444,1.8310625122975175,203.6252946675137,298.49582307920684,41.10418113412223,734.3006639313368
0.008138432338538958,4.0286206881469,2988.9300195318187,3991.4494707887657,133.71279992223143,2067.347701798262
0.009876729791881141,1.9910555382063582,5023.5139136204225,1421.0031770556031,123.62173618795512,2396.2337625070268
0.00810856141240216,1.5633068096999527,4914.247537795913,2236.7201847545557,212.04596466038885,2470.907083584742
0.006021377859544925,0.798167289686492,17771.95993034767,1605.261173844595,288.2841044455878,1499.5727265380203
0.009965008637999269,2.982889828153901,15707.11311947753,574.5359651862397,329.1089708037527,332.6307618273929
0.008168979008550516,5.960975057858145,13595.726032101778,2753.6743142952064,337.45669193503517,396.34695456436333
0.00787253029375599,1.977982799366505,17522.27950511604,991.9227440024185,136.21113936538134,1215.2119068817822
0.01411212414775672,1.5293492427646476,8568.826471161046,1624.2812159839511,293.37763189453955,1740.1076004818983
0.003944856688910812,1.4992199139955795,7059.390916652275,5076.437306231238,66.9487597396239,3555.0217720173314
0.009977557406473402,2.938589338508574,17612.9014164926,4700.053034279719,256.55398615470193,2702.6737806014557
0.0037686500920738604,0.8055029132966308,9828.514675562574,7494.0820923741285,215.15470064985578,4482.244164828744
0.008109909223489701,2.0066892016548152,13650.566360333423,2822.8568781164245,262.04567764507624,1539.6839358544491
0.0050863449463647665,2.6470558660332584,9686.01330558086,4706.006200811952,293.2007826701669,1176.1342812420883
0.013061208579609436,1.4987839153437865,2940.316373160301,930.9892527808255,45.51847163695308,3155.006403217908
0.003921613605820016,1.487311734819278,7132.5997517821,2091.398429111996,65.70731672391581,2293.9976946665543
0.005854819912362441,3.9749799111154482,5835.982954546291,3328.79362481924,240.1224932283009,1063.6784336357032
0.00812343983180227,1.602537602609309,9906.32393910744,2714.732111038532,271.3680295645495,1628.4751199694829
0.007769978010952618,6.094641577279257,9773.05397498042,4101.85496326104,205.45091524656462,1234.1926464976893
0.008019162665542768,0.7849768597313759,9833.260182690168,996.3256828006744,200.0676690449553,2270.592894247097
0.010824496182536029,5.9716567520189505,13627.310630249793,2022.407039846579,263.36064222750105,623.2426507528105
0.007674942338243158,3.0369870129698557,13815.638326125696,3796.485219906316,191.45299868104254,2123.4270621556684
0.00989139074107592,2.018466918603644,3002.969814085782,167.96298750414078,40.82029892613976,520.2348464584306
0.013190299729731524,2.9764910749676528,1581.8150468364888,832.9947177931674,45.67402340605117,1515.5410933505805
0.009988091043288244,3.018821925621423,15789.356971804169,637.2611552148508,239.38902919127207,567.1724197490266
0.015135529842436097,4.017752207435397,4979.0387525915085,2365.288760961533,183.34993544646917,1968.5233929753456
0.00809917387583981,1.0191380523560654,17758.538672252027,1021.3545167044084,113.23905931807722,2035.859456916392
0.005749710338608761,1.000787112589327,17475.03375859735,1489.3693414248407,96.56939081085795,2664.9372683226416
0.01005185548453941,2.018636801022893,12137.772468738869,4632.15464813552,236.71820132144214,2942.231930380522
0.008150279307805198,5.3298666182411605,13732.421639661672,1021.8518243382352,221.41504020107763,447.1222645025185
0.006058858299731239,0.9997963032500282,3993.274459536772,558.3844843221448,44.03524362373802,1981.2087219107384
0.00800118008808475,1.669855561104008,15560.498551697408,4153.751389443527,308.365918983023,2141.919571566697
0.00783725898935775,0.7730038208030358,4982.684001564312,3930.396985452739,159.17988151994825,4987.467175377504
0.008053567162242268,2.0347656641008083,9815.575538719453,994.3249733995334,135.11833051241092,1435.3176614805404
0.005766222702703431,1.0120111178075644,5840.77026035989,3388.1776952443433,140.35366669081515,4020.4846644495897
0.007744639634164528,1.6600142752144893,19365.37019430206,1399.322380317493,316.5316212303922,881.3688191713053
0.005924614979920701,0.9765806095984048,9849.489225749527,5033.920996993826,297.8097508119183,1818.031707841313
0.007963371828755245,3.010016626836566,6817.943236374756,1977.9237967158256,114.00859189940304,1796.7452184115748
0.007720293132921799,1.6830244422961798,13570.516551948504,2676.4023601251024,323.0273605337573,1063.7095805188485
0.0039359113081387145,2.1097955402839275,2415.297066261833,1740.4830784917522,52.830397660450075,1444.2257823546115
0.006064981436527747,0.7933301353198345,9622.515781921767,5009.035647871793,282.41822085613035,2474.705169095297
0.005872657393510759,4.008738703443942,19637.381093190237,3323.81290450277,261.2360266560389,1080.7095020522793
0.0038670817981772284,1.5500523388662988,9749.897756426859,3979.7424942314256,261.44892142323016,1504.1031372824382
0.010219839372441005,3.8145689118865223,19410.161690390196,1086.1644751080878,215.7464262875523,746.7896210428418
0.013383358830737298,1.7570139142675425,961.1687926997821,243.04788041029198,31.209338580913982,993.036934138892
0.013142175117640565,3.7386894336949608,12296.638533356347,2045.9762790038437,278.8823152580641,994.2793875913611
0.008122864117935814,0.7795737001642075,2934.491727432846,3218.815522751971,178.5067019793213,4728.130195378877
0.008095774629402539,1.5785214684325868,9773.428625867622,1604.7132221286304,64.10461533259296,2772.389836720869
0.005627188952660694,1.7338681329536187,7126.9099231413475,945.485115593384,250.5950910237882,1202.9075166418356
0.007727646759081048,5.978573689991348,9940.809730083945,1907.93892684347,293.95550676294465,342.44490762677884
0.008132467642311061,1.9979389856343786,6982.4497416790455,2479.7957438839467,278.000662472806,1581.072338895855
0.010470961164969907,3.9858245183585286,7908.039802052611,1003.4254833191608,259.32781182248726,746.4336664107013
0.008231510759432195,3.690243119862586,14001.175438116044,1510.1073720804861,236.04662111564951,746.4175793727363
0.007986168370861128,2.984086491874442,17910.054759085604,1001.9389320659548,106.88056431544292,899.6583272236755
0.008035735047301543,3.5627352473377907,16100.191998428434,1500.4166444053944,338.0558125641804,361.6219402879122
0.009535085620161546,1.7217450016334814,6850.311685965905,3988.507839936884,211.76014147971554,2706.9020160204636
0.006321487042030932,0.9051736022206109,6903.134568389005,5459.350089512092,217.48634730642505,4115.795017348683
0.010070769479064358,2.4850476925900136,865.3316227791593,408.2659191325422,59.66685741900753,777.5604721733927
0.00776193579367371,6.886003671328271,17682.113190774573,998.2554532062796,157.68050127793367,400.40989874785265
0.008085712360852034,1.0012484013524792,6858.205609436915,1994.0135115250532,119.7397103355861,3686.2965572011626
0.00800443593792408,1.004974757938544,9809.218717707925,1004.5580044876314,287.00786377399504,1527.0275528379607
0.007945789929971936,0.8016940630716541,2947.8357588177573,3980.120942214589,192.9085740187235,4601.177249329646
0.008045297030916842,1.630928951508927,17584.407083031536,2900.5014980812316,301.3673979766739,1668.1765854980654
0.01082614153134511,1.0017750598313762,15752.079367754699,2810.0684528600264,240.45373106939928,3825.535148697178
0.007755983306621788,1.0062813140145679,6800.92545993021,2015.6092545838603,200.81864735208882,2993.3029025844467
0.008049779000575562,1.0101956643511956,17573.064407235954,483.84575604724,178.0253955086146,1110.2849980743545
0.0077942698335313745,1.0045239535343435,5256.451648737228,1184.8117715807061,64.17965195794092,3780.6973689028478
0.007952847499721609,3.006972991173235,13727.938552595628,2012.2889900352059,56.79039880696944,1837.331366969022
0.01054709441720133,6.0554231892453405,15690.25683580431,1552.8113132548388,136.25212018586743,869.3696467386784
0.006199970668843904,2.7693768663935816,6847.154646389611,4029.8964710259283,247.69536629217757,1635.7486463955593
0.007947605145375016,2.461313953197724,14417.290697117993,2148.8939300695574,326.0461032015504,711.3927579487018
0.010163564758257405,1.4803310892329695,6942.778659169862,603.3692724571512,205.42572488675435,1508.8916653163226
0.007962478257793143,4.063504520667051,17928.576532235293,2814.4451779562255,259.4520511497357,1145.9859322371158
0.0038636981842346987,0.7999920333380013,12910.559631033822,4947.590805162382,301.8455772962706,2124.8656291492525
0.00805444887385164,6.094241353082467,14681.437181350577,1010.3836404412071,107.86615168709176,518.7133519119855
0.0078996976230993,0.7990787628849608,12822.704580805821,994.3834719403859,82.95195990632021,2875.4081196239586
0.011049083884561939,6.046054740293241,12786.078038909867,3164.7796743506,298.8626921088187,716.9090018102692
0.00796820215365433,3.0162127573287414,9895.815380260095,2009.1674007944466,150.99537007017193,1566.8562226834836
0.010128258713018758,1.986416593524952,3430.8800999992923,173.73545432705387,40.35419515321969,514.963938248422
0.008115535685906701,1.5891990017673083,7744.607320368301,2740.7373859429963,158.32969459328936,2751.33725705697
0.007758094892517672,1.675677962875116,14854.192430737694,918.979439088504,303.3833825280892,666.0584222865039
0.008101059052482673,4.98590157870274,5031.994576152176,2989.299390098255,250.10675566257137,884.2638319068644
0.014816425062890798,5.912181651720293,15422.677694985152,821.4718136792891,304.0123050296761,367.65207976083724
0.01517357283436169,4.858527116993712,3993.589357275309,405.5678994909865,245.36350846569354,510.63103001985894
0.005426298622356222,2.5412986546665945,9730.867187028094,5956.758623816874,255.4254971655262,1855.2574381671427
0.0077726251791984955,5.949728045132432,9886.38731604449,1015.2491841224595,133.46236170031617,498.42012637918685
0.012153202771983018,1.4654535495577479,294.96223066063595,200.31949943636678,26.791620333331057,921.582942311231
0.008037401368066688,1.5910219970775514,14536.525510067286,2740.2526507624216,333.2137912344299,1053.4491030533031
0.006086688586217156,0.2997612740449455,305.61407184181377,101.0303578033363,22.2981700570995,963.1201702678313
0.008119717965409369,0.8103150595075262,7839.607094548965,996.1880952019608,242.06375028237656,2331.298774457859
0.008120157168342372,0.2425399520297953,506.9296030070798,4942.686302307025,75.67885555348654,7683.919648030961
0.006997195826326326,0.9654275579445143,7074.496575090995,3523.14449916392,264.4682835540093,2864.3549668903206
0.00793941755983425,1.6450883426146163,17792.341950393773,3785.902501131828,283.1609808282398,2455.3022008649277
0.00904818708165792,3.049953518588453,6849.923841928764,4038.639239612312,228.5187719705077,2046.8582531529141
0.012615970152834517,2.720978798982299,6908.146214744732,2029.9710581325487,212.50583778034476,1967.0822138176711
0.009907544486622247,2.0113527270936413,2476.7687274630193,1059.910444525286,121.30509548254523,2015.9142109794202
0.005834462065809708,4.933720727652997,13656.991865072894,1486.7165732328551,276.6296431679285,319.519930289962
0.009921990642677429,2.083814486131761,3584.0828624075266,296.62732284037304,137.68945326174185,718.8128505592094
0.015104985559526147,5.969014785687129,14677.586522305897,514.02212974796,159.68757000408095,513.1953657077513
0.0057172187797501816,2.983170571349789,9803.352117708188,4928.241301409101,180.09298177602608,2057.2266390993886
0.009387754659865659,3.049265663786692,6993.158493624978,4104.365162653065,273.72843047394247,1587.9179605667207
0.009863802682554842,1.0159591266240537,13995.432674329855,486.6495270027267,104.84043426535786,1682.7739166524188
0.010772637989381287,5.044554156384367,14646.119320836075,1983.8331566394481,299.5577122888443,573.2156179424055
0.0061022351182341535,0.9926666871457165,3019.280269094816,1513.5397703508133,59.387148273738234,3807.18788108151
0.009776732158682709,1.0055646588029747,9714.301193346479,1977.3455472113835,125.48301322272481,4224.805234624048
0.007942779480885984,2.966671681838,9736.922503551727,3994.735377105252,288.750834848822,1280.2747231151259
0.01069990393418306,0.9918804758762954,6813.885504334579,1527.2347594333987,198.16829881127208,3107.4289931512585
0.008098709640362757,0.9922192223541177,18048.479571926135,3982.9439960035174,240.67061622990119,4392.2872808849415
0.013166074087719417,2.222226913380803,2873.9180856491507,295.78206900537793,30.45651639374387,989.3872226151861
0.008141696443091189,0.8061529294386423,110.37511391079804,61.62075760883902,40.431140444585296,287.7228582672435
0.014874949335887419,6.01891277955183,13854.786697321046,511.21488643799927,198.4162029278839,423.58095400661983
0.00961404604208066,1.8682501512173764,8291.118682055347,2738.280104776977,204.82966110579116,2342.678226134808
0.005874368673540686,6.042613205889721,9941.996532285017,1498.6568305648666,158.87760884996518,477.2485073006253
0.008231257933739362,5.352188614394525,19568.448321426025,2289.1489687460926,347.62927102869816,387.4409532753421
0.007873185614502821,2.9890994727790914,13780.710563063432,1987.2782057589845,247.25629175251066,930.3337862467257
0.01101958277241369,2.9499189780792476,17546.641449032533,496.16893451333027,157.8862326929055,562.1893816718975
0.00998641291727418,0.9648965092086008,2176.0492836082794,1030.6463207739116,108.62982419648313,3499.9549627726233
0.010966385489390516,6.059905067551779,9979.819126953333,2284.4891187742614,270.5348212778664,729.9764845225393
0.007952285303627706,2.9713059106527626,6969.9560238639215,1010.0422228541196,212.66187839007864,899.9598578848882
0.010729172585773427,4.0256384894513735,15634.662846874899,2008.073185456992,322.2977183211552,622.3746421850927
0.010146328351400426,1.2296462898919645,3077.928757110555,1455.4266667661516,123.94574367175301,3274.4908079901556
0.010960930166550847,5.918152385633288,14806.933519311322,977.430910684127,289.5133261646168,329.9951054448363
0.008030975944557988,1.0102830454807932,9942.51489191176,999.9662966780396,180.0526016471768,2224.653467562411
0.007886224461647832,5.955470264462845,9869.592197253358,1010.6738488615744,75.72228434198333,609.616403862404
0.01442143366104725,5.906226171676941,15660.21303833453,2048.27447480789,330.92743485683036,549.0391364643475
0.007898673458952779,1.9758229589425296,5906.655324076312,991.6398821312442,98.38929656000983,1886.4066804681922
0.008078253182440445,1.7628695695399412,9991.635713340494,2567.629658746806,230.32668818075416,1952.9121126864638
0.008016406184308452,1.6070143834643134,14745.69799773644,3230.6717403653015,242.85206575261878,2327.360728497786
0.00599177733130701,3.9879550412310847,7042.354250513704,1121.867436676322,208.0191970285426,600.5074072222628
0.008094074838658214,0.7749347966537907,7748.731559159622,2210.035046415807,122.44411766352641,4516.270547774217
0.012748047045412336,3.6531524447032404,6945.096430563567,1324.718493061658,270.4721349472597,1055.1657897942455
0.009238714494693781,3.028443438133138,18095.60045824141,1034.8689466264657,340.3280283903933,344.1475196193141
0.00800222452701072,1.5557593762257294,18097.105215946693,986.7820380087936,235.91340598238912,1028.262930515805
0.008106478730869586,1.602763831649627,9768.011982267913,3188.727504979851,230.68833405265795,2213.6601716689584
0.008131355541921962,3.055352344525925,13890.473844038372,1006.9228770042531,200.53321760380956,717.989251020015
0.005785207779480462,2.9766520112831145,17816.642012908975,3284.0867271552097,279.07660793803126,1128.841435949982
0.007963155945292516,0.9937600603908222,6922.252574678219,498.77491757223277,81.53357057110141,1938.4400463967168
0.005718917931442706,3.9690384247801096,14829.638995180754,1531.4647950676735,136.86334420280963,716.0328094144129
0.007786221793753499,0.24802974206951478,6798.172447672395,3007.731670491803,140.7678574728634,8641.73383373365
0.008042459592740945,1.9930828816414328,9699.980761159424,2002.2544134330008,302.9819921939272,1064.4918367889795
0.008032505328829043,0.9963568145821897,17511.167526209396,501.89585421039584,209.08610321756967,991.7439211494612
0.007831850402716483,0.24926815983891287,7735.530050727039,2038.8294922865111,139.28978597715886,7295.311658595006
0.007956356952541249,3.532379169006102,994.9217672562528,1007.8307829108948,130.79773172357423,699.2715573425772
0.009835632688337228,1.7210014147152468,3286.774561212374,140.88897934151825,44.887794924943464,514.1761034623953
0.00801012087330908,2.9532333300302414,13746.490957486878,508.4500216634485,223.63972219455894,457.51342112014646
0.010016911934563008,0.9910674285083666,13744.273743720221,1575.4213397279318,201.55624575426992,2710.7584775225982
0.009851730470670556,2.008234876323884,8887.008093337083,4601.249616216635,292.2909132853173,1664.7684519644515
0.007869149411221962,1.6378982531454216,11681.344513671964,2100.032947557457,285.43677076475245,1293.8672703751658
0.009942366303515072,2.9447520005610572,9779.870973976685,561.6696767008399,206.4229786976482,735.0558899949555
0.005781950365113594,3.0235610878530585,14970.248718398525,5048.765620841393,178.93469236829978,2362.8232436366166
0.008082614862957367,3.0159151058527276,2993.165859343349,1007.8779231909756,133.28659510262216,1181.8569389581278
0.010047257524022513,1.98534308471456,9920.48858898183,867.0023378792013,107.29704001353258,1677.5293905261008
0.009897496669694103,2.997497506166842,18041.973653254012,378.29224275478066,249.05895203630374,349.9957642444386
0.007945459909548648,1.6225064323911835,7755.472908767265,2694.287349222161,209.08114649017023,2352.92473252444
0.007993011141865996,11.028622292559316,9630.761048301401,2725.6838359182116,218.67043824367565,469.6778257628569
0.0060729249403599075,1.0096728966652948,708.0736680514328,197.19474738381956,107.08913362657124,580.8288527242954
0.01518643071197256,3.216090302504746,5068.852312763245,3052.7735139165593,264.05773660038915,1798.2976153705822
0.008134990244748811,1.9981905582746295,14191.85570914748,6031.187571256142,325.98698054766277,1895.0125547386317
0.007916220482622848,1.5785117476355646,14602.675611708984,1589.2183752222975,203.85136245523805,1663.6061592395035
0.010785546064504097,5.985475761262189,9805.520116866057,991.6699075624394,290.14524930460345,340.7717338330937
0.008231499615975725,5.991880149679293,9850.530200881243,2797.870571120807,276.6852993260576,635.4368347879681
0.010365733985405261,3.6446266364577333,6975.620974239234,1420.2248671178313,243.39143426014093,1014.6455220176465
0.006152641443349832,0.9266048052513463,6879.551960486877,5163.99253682407,260.344051599831,3107.1397822770496
0.007951100457837795,5.900676434875073,11861.63209825624,4107.391040547238,313.4046482418251,682.11806299365
0.011407194747479215,1.8107811452999376,10342.51092024386,676.6335260151628,250.082759623303,1071.4107475502974
0.005574500163983752,2.53428451268522,9526.465671426105,5829.220556450631,284.3334923010092,1675.0590747648228
0.008119758276204049,1.565881762322459,9873.990280829845,3958.654211740628,249.26993353698992,2198.782583007771
0.010006051475270014,0.9883678961539788,511.8295320349748,60.521004455276234,68.98449294514577,321.57760920703726
0.005998206230260128,0.793844222239055,14777.847021463818,2249.5466680828467,312.8196167177211,1347.7185488090581
0.00814671783375862,2.9777073610053457,7014.05191143313,494.27015384732726,187.4786922374534,655.4122644088599
0.00798413670516337,2.9657825266174864,15728.33112919466,3310.7805625050246,325.29318054089794,976.9486343867103
0.009333540318763265,3.014424198936896,6858.29278005382,4180.251162356544,203.0251044560935,2212.34857758535
0.009960900393792254,1.9671812362145167,19411.244457817855,609.2903996925336,108.92374080484335,915.5496454789211
0.007831673425260923,6.135805658403215,13769.209393983661,4000.7180447924825,311.85135295890444,788.1522334896914
0.007953064447209869,3.4739876955948255,14705.116919768465,1008.5947528511368,133.63482472903104,759.5039527355736
0.008100900700840503,1.6702638055960328,17738.301180564657,3830.643698540528,326.78696564158963,1704.219142069026
0.010059593478190592,5.0016766280015865,17932.55710065021,3188.2184123608604,338.02981709933204,801.0149310458627
0.007923363766252097,5.098167614194029,14441.381242357409,3171.974498120922,265.0774845015907,914.8456844995486
0.008067444173438822,1.5355590597764048,14661.538372594987,2171.587715615471,300.298328557528,1179.7914570710234
0.007995986830960406,2.430271388537962,12725.634621982153,1588.6712835952928,297.89527917025157,737.4370544469431
0.00796005633590411,2.984135860416735,9840.207961736318,1007.8072057841559,304.2570405803419,557.4082819590164
0.005673331063791947,2.00729633504933,17679.2252829833,1489.4232990345076,116.76557354057215,1389.5242695899533
0.0058519681433059495,4.054872597449316,6920.978935301243,3346.09710228222,118.66834175554685,1605.6537507490882
0.00811562550663996,3.018460594117522,12044.079504564781,1235.2905494586469,309.1667757519547,484.99169461402767
0.009173654269088028,3.070998098781051,6821.060327653763,1975.6837871821672,272.7273211361204,1150.233033991447
0.007853632677139939,3.012542020841208,9990.977398294957,1959.7816612771921,240.6968080553934,1074.31132561229
0.007927118230722315,6.089936001384328,14099.18203261195,505.42114037235035,256.4932961533611,181.11027151220668
0.006091468407105556,0.7814118395396229,12772.822887255057,2205.574595871215,221.05050706290834,2621.327432729201
0.006131223556383421,0.7951995078959385,9920.838457526976,3211.034215147227,294.7293247308455,1891.8699804225
0.013437106121027415,3.69790916115867,7002.534965885345,2066.374558809003,242.795307724202,1468.8832428269404
0.010070798269928525,2.025498188006734,9094.345146112877,1876.072148028543,289.4200728165598,1351.2190684483276
0.008037390584742133,2.9657162443909524,9679.977164816688,504.87671324914413,190.30266230157815,583.8493844763619
0.007993574348384734,1.9788422781320831,15503.208818227622,2744.0547124319683,283.57226047536204,1439.6466923820262
0.00796997545053777,1.6051161852200233,17864.51359936363,4020.658344513233,322.37407113381636,2030.7175006776176
0.009978800210829293,1.9856509948892331,14064.638075588044,1314.7987920076978,183.78147881455507,1524.5215832398833
0.009853873724503252,0.9575004215289495,1439.5517441217721,1152.0451592912527,109.46527805039247,3434.639075457014
0.005687825460811978,0.9901331439283129,14691.81546220802,3344.7805391637557,141.06002899050733,4544.883335128429
0.007929194779589645,0.9872985972283351,7207.0940958899655,705.6812167730702,66.69625009170018,2715.171905104427
0.010037163950792799,2.9642648026509226,16051.28175679539,1096.6302931541084,321.6544405875436,477.99546922802057
0.009396162614826356,3.1071401234047222,6898.541521812409,4087.115192126234,236.48143103421762,2027.27274437039
0.010772643405828642,3.9785489526627162,13724.030790183122,2748.0709553740153,322.0699051026117,723.2667510581863
0.00997052599692082,1.4932183966725843,1947.3756159897875,1247.4822516525776,129.3500277083382,2537.638080175499
0.013003660174910805,1.9250918283442542,5118.777047480417,3826.8710769539116,225.02695030127236,2786.3784970444344
0.010156275103147903,2.9765605440045926,9824.378479570978,5905.110313288879,213.23960581765402,2747.338847938617
0.010787548823118978,4.997163947598298,19856.094895686932,1017.5048635367559,321.3804464465599,332.8504426378569
0.010004286220710267,1.0027935762613933,4051.4983920929017,1703.3398122453825,37.18800909844783,4898.789614736999
0.007999914648740199,5.867130156206967,7054.163728247938,1984.6576851179993,223.0916903326214,694.1680443784307
0.0039726559627854055,0.9931572098282155,5116.488550837826,4240.706520545989,60.42459632879442,4703.01091755908
0.009834516328050803,2.477246572414306,6005.700783285508,1588.333106964934,106.33824582169211,2337.2955720733244
0.0056951027854797555,1.9857305108697911,5884.436067612416,1504.495273595008,139.22884834085775,1694.268673699293
0.006947994477722117,0.5589668401516754,7038.296241307182,2879.1639208537053,270.96345126070855,3641.2079770219
0.00800553142420063,5.937660411784994,14126.593406615326,1010.2061144631186,236.4764338710158,366.14219930411707
0.0047373141352697185,0.3852563915455146,193.70624703577286,301.1627138598834,80.02822590968253,1161.8463881612865
0.009386500646361111,1.2089396600425564,117.81520605550266,119.9678486459767,75.11324850866086,505.2301965121156
0.013309322573147469,3.632588870182248,15675.90328974412,2044.6172828722242,291.2800287665637,951.6954830364227
0.00922110439587008,3.6163315535087905,6876.949166511605,5498.689390177476,243.7025599894856,2008.705343040472
0.008137037880396878,2.9948068962573835,17518.725581989638,509.9803400498352,181.97139304697487,458.4330990677094
0.008090477323660169,3.959850906381536,16016.47324849812,3028.94615193602,336.865563335476,619.3749947204999
0.013065904815848982,1.4836063159890256,2574.3651057833144,581.6162045754708,41.41496827573587,2529.9510737918404
0.009993137662183741,1.9778271685547761,17800.636210025335,512.0532270185862,178.08251228495257,776.2526047717859
0.013942528529870294,1.2789354863760456,11225.105288966999,2047.92365326057,305.94510020653064,1529.3759998504086
0.012634061460247795,2.75422013797928,7085.964717194174,698.3715846500031,194.3757702949269,1242.7538578505378
0.0080880860653826,2.9877087311951667,17922.11375167087,1979.366998916283,190.68975379778652,1419.5892736855951
0.012728076893531347,1.8921777464449565,5313.148090070827,2579.6669794256886,202.24761301196594,2810.3196750396482
0.006043913056172812,0.6893793142976247,101.15441249374105,63.2395113461346,30.863832807816706,305.17978315599356
0.010549661737365759,5.987247999456298,14518.306117019845,2818.5835420262792,301.4101470289479,665.1772180248687
0.008031147247310568,5.966445748239237,17971.124472610933,495.89669033143394,257.2554327157955,201.57067803350833
0.007938123365860071,1.8337397500244934,2992.01796097474,2983.430344053493,195.47297782649576,2570.8915120021634
0.003994247511443997,2.098007853749782,3441.64488943112,1495.4599160727469,49.060657632091115,1428.6428529851023
0.01375266402814177,0.98835310145466,8691.161728220344,1612.7133689619222,230.4550803834268,2924.8862090069333
0.007887251172813766,2.0800268055552515,2291.7161372786804,352.7215307614956,99.71231587426124,741.5794783024525
0.009470713093124515,1.6913287611375152,6863.6599852223435,2114.2658324437016,159.32497091174355,2752.191996022464
0.009822942833470807,0.9738095595791219,2270.6469931291085,185.14013955346869,36.01006984975697,1146.0056074018623
0.007968790499919961,3.015661021468599,17663.879404105093,3954.6540989390946,118.79034411115425,2870.199704344097
0.007947239130690613,0.7720997756423894,17692.597871819595,2218.7310350162966,267.6900805003195,2522.742183084916
0.007992711326600713,5.959157071558458,11654.84376952405,998.7490349207937,269.1722909160528,276.7936813636056
0.00816562391201789,0.9920328171358236,9718.542965161862,1952.148612819059,249.94784432396202,2228.6061580741257
0.010011817852811028,0.9669511705996221,625.1109631515346,202.55857119463377,40.85388919114071,1076.8776397797349
0.008017370694173541,3.602080208118391,3026.012378337323,1005.68489088858,221.84329644763375,727.8238530629524
0.012965156812392069,2.0269015717613206,1731.6781676863209,681.1014854907047,41.37160001567987,2032.104955033897
0.008051040982094438,3.0163051211861807,17689.160592588225,4061.955966566185,222.75888945580343,2263.4868875136576
0.005909413834090077,2.975848985848529,14528.147577112844,4945.7192936355805,99.15357194836457,2973.9589511315185
0.008050343042107853,2.94262055804537,9851.218942634127,4002.9061987600253,184.2808449079434,1959.3888101280188
0.015249244643081727,2.3657662756278985,4994.626365098224,3867.33229413195,248.91050475997812,2303.60993505617
0.012792131182325977,0.9648550675075024,3206.1299277909243,299.0531346788803,64.97576065690814,2029.0082094280413
0.007837808475350608,0.9991749212527019,5096.729683227709,785.9571465967393,61.664232564265724,3032.808572156444
0.0038338489663371526,0.7976287574784218,7977.055515277416,3918.1521384365583,262.489289051724,2604.8271465376115
0.00803682883329514,1.564759432371279,9916.530217721114,3118.996517588114,219.0740765304209,2336.262745232187
0.012648542220317107,1.930856087923479,5168.677069505527,3875.312784652412,187.14086632098446,3096.570385533474
0.010190266452305924,4.922392583127604,19874.35136946537,2496.536615348756,355.9282639148341,544.0713191389827
0.01004495935991173,1.7797392960762877,1888.6681816040364,314.2605903194758,57.68655959456479,981.4566294882304
0.015076149982805397,6.055673888125292,13476.136982820852,1034.867061908296,324.15428423650724,387.26740112637907
0.008167328248127829,5.412550048471214,13614.23403904847,1518.4945292684934,287.95884270093535,417.20022795334944
0.014995737511422112,1.6228773666244651,4971.005304694631,3800.5253991708364,195.14407327854076,3278.6741679028364
0.005871399456298719,6.033631901852,15675.225587584753,5092.4970919023835,266.53625040943666,1060.1682638276297
0.005616244986665189,0.432735071031339,7051.543748642533,1867.470023476625,225.85686168346206,4066.436906818767
0.008183208644282394,3.016999063425755,2048.7298898284625,990.5715827964948,113.01542101275938,1135.1086327735795
0.009894185820415399,0.9834327076350508,2213.5775793643224,159.12935146820388,32.413838531023174,1002.1363880537922
0.008043320930186632,1.000645336783793,17763.070818842287,1006.183707903701,299.91888836480973,1090.7713683445252
0.010043383973673646,1.9697847072765242,10032.034838775926,1639.6503880596304,144.97219804475932,2149.982668661673
0.005922875415356726,1.010000197666658,518.9931378537392,202.52145805405405,27.752806166140417,643.0370408373202
0.013282338253616775,3.6507872574809306,10321.171804376132,2068.565369594956,289.2489467638831,1031.844158692145
0.010100762505541632,3.0457745727708088,18057.24659264143,1382.675044960111,261.7368107484215,847.7270987328567
0.012827709541169878,0.9059810143382494,6994.478832148016,2677.863650108508,205.21040598951268,3676.837765793856
0.008122719547754285,0.7811180536415424,14693.012904595584,1583.6074492883408,296.6715776153041,1538.0289801076187
0.007782919408049238,1.6500066588557545,13805.254176656088,2187.2793977729857,302.795294244175,1096.162987056665
0.005836032425590543,1.003808483930289,17916.579193790174,3306.149108387586,137.29452116839016,4675.520667052209
0.009856007099983239,3.1540283299223146,837.1372212545899,659.8835321260929,121.273663787107,804.8123363481188
0.010944815395062866,6.008635605827209,9687.372220288515,997.3422413976755,197.40824655566882,566.8250579387816
0.00992838841173079,1.9888423498416905,12142.26518645548,2716.0197562901785,146.06280929670746,3110.680064834515
0.010144546834309591,1.2782497883935473,3393.7557346891317,1475.733099712535,126.98321229504066,3298.2517557684764
0.008271457911589524,6.085311432175639,11707.458348747481,986.5344530728627,123.02007263940773,528.9160080987303
0.005805809234659588,2.992501138873707,9914.058407628138,4987.162288209,262.6581628112256,1559.9404541231663
0.007937166620555257,1.0132796781964801,6632.900705760238,2043.0328200085783,179.0333942648614,3295.4519109705525
0.012656356774971234,3.6585267592503476,6755.7734350716455,2569.4796284931144,262.74560807754165,1452.9783784642104
0.010047192428699116,2.0261568905528766,14115.303399574672,3588.711044548477,327.10020830750653,1306.231136014525
0.015125783315389048,2.4794366263509273,5123.410561752321,1561.6863079461307,234.01841231878328,1966.7919060036236
0.0076306685744432735,2.5935791122226277,14599.787799900681,3496.2852126799153,306.80459575045296,1118.728721938215
0.008150586730349501,5.398784622218593,11949.186404440035,1010.1234739549241,157.02968545354005,543.8094867162744
0.011010840956635282,6.039368968881251,9807.372846912282,977.5413218402498,252.3348668624313,477.71606463406687
0.006102914651319896,0.9947062642767708,4024.3494283021923,716.517851501518,30.763674716523877,2509.198081223115
0.007918396396790576,0.6935725273362838,9787.373612453159,5047.029934680877,241.94216994076288,4360.883358224973
0.011340391695335142,1.7295409746016528,7125.374984010854,2041.5726694742602,207.61263629158765,2659.5168499849515
0.0073888718854633875,3.8144984178360217,17958.314678690043,3793.0745112619356,149.16041169371758,2006.1471377002363
0.0058246059731724845,0.9963045121870596,14928.012137464006,3250.1655260124885,243.6837003879985,3008.5415907874203
0.007935077568220712,5.095273009084923,17818.535792436207,2701.4730342130597,333.8523240289595,512.2880098299515
0.01485263134626202,4.7408877593333285,6771.718538155265,667.0168490969605,267.41603573019563,688.6569287195596
0.007986421759577023,3.027177352883397,6956.673623814239,505.62930057495294,137.99889116944482,679.8479840759526
0.005834445386833283,1.984164136680432,11843.44756772967,4946.581072935527,282.65328871522854,1668.3249891127462
0.007967393101733508,3.0056995408649065,9674.261614073865,3999.98095060533,194.59606442508064,1944.7490222926083
0.005967488283328358,0.6755320578220682,101.6626847006307,333.6895729828628,28.499986876790445,1167.3247713534602
0.008014415075907345,0.9963809496693227,6798.128306070235,978.1708982927771,159.07546261027144,2834.95375897184
0.007915364516031406,1.5771764666762245,9933.62960535874,3985.5756922273326,299.39318611507207,1504.7503036461776
0.010646657274154307,4.017671140474653,13508.242997052963,1008.1197610664509,160.7408212397883,788.7700393793832
0.0060365802187304,0.7948699348251663,14833.68577266482,2693.0709831505164,292.3289557501538,2144.1399486314963
0.010794247865035217,0.8502297724657323,7203.125771554404,2000.3263047598891,209.51365641703453,3395.456565645052
0.005897519912597461,0.7834725973398616,7815.288626084318,4054.3177568096917,281.84016525696256,2465.581658641281
0.008068307355473042,0.9928232460631602,3041.833640752926,2008.6388032008085,206.35758907237886,3141.7020374665694
0.0061945867974712,0.909796972659049,7058.479504983554,5410.929593202627,202.0879595845897,4704.229400252099
0.0039525858743236116,1.5123372208822272,3047.166597490357,2423.2308955926237,66.17157026148982,2478.87560703749
0.007806828767644828,2.092734310649353,13524.719017900283,1538.000256291128,271.16851345924687,941.462837720051
0.010943138108598344,3.0038106683394896,17381.843239116184,2816.0202659817305,296.91270521041827,1315.1084948378102
0.008158105215955844,3.945487926406121,10021.247903619154,4999.444184856664,300.5325199071324,1242.8170305206834
0.010045805602316531,4.948933821004621,17886.318484687905,403.5682894278387,254.40558949950366,228.5819901097481
0.010055144247729068,4.881360966807131,19628.616098007213,960.0659212458676,261.97499576712113,441.63524671125276
0.011113960369107511,5.97734027183325,17613.393543326078,2252.760162747375,269.34323476281884,815.5215417388579
0.003845656670770847,0.800247362813678,7806.694376712457,4988.808923240948,195.82833172136702,3783.219970643876
0.008091932814824943,1.5624232534880034,7864.638328768462,993.5426483031332,162.045435792251,1840.3754058013146
0.009515652794241809,1.8510341979397762,13663.152118853372,2660.724291367536,286.805347214618,1505.218539794336
0.010070980431822257,1.9556232448563822,12018.094864042358,790.3633040094235,186.61058729100708,1213.214259788837
0.005965106536342393,3.9985875702651716,17970.755782863478,4943.144250010505,281.5460492079838,1350.1498649544424
0.00586946527308457,1.9862475194511688,9787.135845599681,5043.688862771543,137.83252702413992,3194.052773745776
0.007740548796579535,2.0619536541974606,1841.8166823637125,343.86768169371044,97.87290432562236,733.5996462125385
0.013191336864423826,3.003563385180138,3418.837131267791,720.2348799598743,66.73001779846848,1454.4419018960632
0.009883208882839428,0.9912391847449751,6843.47277594014,233.1749116399581,113.82720272975384,1286.5903568966683
0.006030625141625725,0.7942181793744292,17807.929448756975,2724.758291704204,286.96118786029604,2309.4095609243423
0.007834475081349178,1.0088496138984684,6878.032924762679,3970.7256076054077,164.64216143511814,4703.898657652159
0.009846741285997785,1.9921272082617822,9950.187456221714,781.0644329671494,105.2899706135817,1577.4637913815302
0.012961709929836467,0.9551845671732493,1857.2592337041858,206.53571849065418,49.96687086569414,1417.1121010150612
0.00796987019554836,1.0084866226675488,9975.436333073547,495.0292221737122,193.12793246316505,1532.5593440609
0.013087833016460769,2.4775926659201724,3240.3989942096096,779.9835611247252,50.40954603741206,2003.479621782471
0.008035248624152475,1.5653862957261535,4934.334418626942,999.8922743391948,180.5163952432074,1929.576359455355
0.007902448958125958,0.7830362314019307,8004.75374584979,3199.944549579589,154.42157672140553,4946.798941075691
0.006020031573477307,0.8085837946803686,513.5408151527063,250.46490409306193,70.27107671306366,837.354587020188
0.010591338084953552,6.086578471583199,6909.817220140548,2079.498157821319,259.3048704342848,769.7219697996774
0.007905973514526423,0.9946809755413095,13750.821611955713,1031.2201019130841,174.34594932070758,2002.4499434894544
0.008216273194616878,3.6602290865397498,15961.101759740113,3981.70582956074,250.1093469933337,1694.2542776284697
0.008114994560998838,1.001745173835121,6863.922542027089,986.8324026289379,253.13329094406694,2286.0302453420263
0.010001987366868902,2.000288999452618,2342.52912526349,358.34813034606253,64.4563880733116,991.7850903936426
0.009296399996927855,1.2163266262782997,193.37496075266554,302.5587564419254,76.78931941535885,866.9042405282181
0.008013821762679695,1.5968188390593936,14609.34894273695,3169.847870907016,259.9372770060671,2115.957877882845
0.012897976771653344,0.9695580226489328,1741.9064658096775,413.48302232132676,80.71983919245636,2431.385123408177
0.010096219382928708,2.017485588394461,13968.866588512361,1408.9143859199035,115.30077487819884,1996.1089481685672
0.007923768526296436,3.0191033190433085,9622.61052541995,3965.6562746203203,235.63756215014183,1551.208313431637
0.008180757839112929,5.9532426186001635,4968.484938793373,1508.7410859404388,250.69803419974255,545.2450309797807
0.008215535584822463,5.282925559284829,15830.15592370984,1018.6489392676265,320.86558984152714,265.5355395831182
0.006013117663456332,3.1987068601483117,7106.567906216856,2227.2876609594937,285.15792177360066,263.3122963234027
0.007988181679292359,3.5172611398731295,1000.3804762241025,1017.9663429916187,112.59495169567846,730.0728793515551
0.01079928404168126,3.981021397573518,19351.91777973417,2023.7863312950376,257.4583238625825,1055.671907192019
0.005732106849582064,0.9795373997618192,15838.828159065819,3306.8824909404034,298.336780830254,2115.289034390147
0.008115516322554422,0.9962418246314706,13712.11405948645,2003.2656867389267,82.69057432616228,4179.5888779853085
0.009735781419338143,1.0077267806945982,10233.706892199665,2811.8865608632045,141.5783053752659,4917.679582756119
0.007972387365211216,1.0063697716603828,7178.076801268213,1041.9731727103592,75.15210591853895,3235.077439815814
0.007896471588359414,2.977850394474526,7016.3891712222785,4003.3342133859296,167.73716263346608,2322.2054356398535
0.010861682038448001,6.005458656007668,9821.293092938944,2674.199451130208,281.7301026096626,764.2865202786531
0.010131009522651264,5.004349223295666,17935.460880413964,2738.875488040561,255.63205781097773,1126.458828605925
0.008074483780736162,11.073657235998587,9726.84927730936,1020.0228420358072,221.10617706815353,240.4056684231117
0.010017735680597469,5.024171155351044,11865.76810339695,4467.762191288415,221.49671148171024,1544.2149471710131
0.007851715013498895,1.0082085121842534,9726.614369613975,503.0869567245583,91.7334424093972,1600.5139190976683
0.00799472879565446,3.7655809518132517,5069.951285355936,3009.0389290376506,163.79090122001546,1802.1596687884705
0.007791021204520447,2.0614399669835235,745.9471984122001,319.5893084984849,113.81883211605975,594.9702237074439
0.005814463931021173,2.009136745976939,13746.788479901661,4862.39785928154,116.83553220420458,3751.9430531150133
0.01327456120731601,1.4898160640691618,1510.743433877491,892.2103808538886,42.92581884341329,3023.1689496989516
0.010175868869511485,0.9840920879995483,13890.563657305636,1838.3970437627772,148.13552199729787,3805.366767394398
0.007971620808557591,0.7724289493628645,4998.922114847062,992.1306192951031,126.25650497379317,3590.3727564254605
0.010160390609298962,0.598021825324206,265.2459582624291,325.638105640372,41.33799489786528,1802.1339549221134
0.008177434874252638,4.983168253622789,9943.265162982294,2730.053160187582,253.5278117386039,783.0776031652628
0.013256658112249152,3.6782927696106777,6934.799426073976,2046.317983517382,262.75674888039975,1347.8137207394848
0.014165930497327684,0.9919337977183593,10893.225618327617,2676.671882179494,282.0215435336188,2393.894511459209
0.008042958827777261,1.5281359900063687,9900.436298223342,3143.8585682670505,285.2540948548018,1586.4323143874906
0.00798771621740532,5.929099269202938,9842.236828084768,1005.145259335535,212.8843394317818,419.8835171856319
0.005798854508080886,1.9669237217350102,11682.448930914852,4895.843521812929,173.52542633644686,2983.889659328295
0.007868788487479664,1.5538834826797552,12740.899619645843,1616.111372862967,79.8134377147545,2428.3878483332805
0.00798927696452953,3.6378868855332787,6952.32943406828,994.3168935652661,275.5097396800414,689.0620207488686
0.005727958456753419,1.977075781245759,6790.56857382128,3378.657753331254,79.11885659451632,2951.9756823056405
0.0080966725323271,1.5703647373470413,7974.498792482763,2727.166793052334,283.3458660889411,1744.531665373555
0.010689924214664607,3.9683687861114687,7788.405457855953,2780.7356499624293,282.3711156941272,1100.7737213656885
0.008064340084991833,1.5876044801066447,9951.078617318988,4014.432433514833,209.14464171200498,2893.977887901539
0.0092951592040964,3.087440545481145,17900.318397408824,2083.408754482449,300.1122667858576,957.3631261603879
0.007988488595231089,0.5741740432760654,11702.186837555757,993.61486280578,194.1663921754005,2939.7846755005376
0.010099584995101532,1.0234892220751113,10133.728031357998,563.5277702260279,116.2011955065737,2103.3217406200624
0.015012845518782006,3.989949201288713,6582.755792272066,2167.762693413528,240.43368346514907,1405.6676530944035
0.009984844185299746,0.9482624974383769,911.6894133977285,417.72011039122344,58.51396272603871,1888.640611325594
0.00782492361648646,1.6055322395235023,9632.03006269035,2721.317477588064,207.606910912026,2259.797694656746
0.009992298566926443,5.008803500100184,13857.853521518005,3867.950371375885,315.10845654024376,893.8083760705593
0.009885372787483394,4.946953411083538,11955.033935801077,303.3575246619866,228.6941474299455,252.75342532811226
0.009890537428828644,1.9715329553700505,14159.528708349439,632.9861804029196,100.15954128999637,1229.8596339696144
0.003939768789349344,3.148415833312105,2155.8437193225595,521.8869306218895,51.67965009927079,420.1474566318805
0.007695645400864216,0.9992066632657147,6908.010274137723,3983.5874993643747,240.90298625232643,2936.4195501357563
0.00814381029854917,5.357850127717594,19511.67335500119,1010.8557827223843,157.01742615511577,526.7483088623244
0.013287547333062947,2.2827265675170016,1968.7409433101582,824.0973261416374,49.28005682587546,1991.7664505256269
0.0099804222502187,2.9874629211886297,16017.017310502397,1547.1327655448547,325.61482823262827,557.7526474850258
0.002393174273954496,0.4971099540780624,3150.636303415824,911.8521222715169,29.477426876896075,2245.836009269806
0.008041856383442403,1.3908409861812951,108.56589096456277,99.19540772208322,28.966641185956732,294.2696241065137
0.007925328689288497,2.5442274242179814,12621.602252568675,3999.140612329336,278.09980396068494,1401.0800983883128
0.01032147962489982,3.7923650916098426,19780.850193618084,787.7031316144029,161.41037664254728,691.4610212205838
0.006942045479780409,0.9895667038083168,7138.447375533519,2961.1645381672374,242.2937447696184,3093.821309038743
0.012723740639274148,0.9164833031250357,10278.655414619216,2816.171266306714,257.03536069828994,3059.6913927576966
0.010016914566018269,1.0091698512032607,15709.85117408779,1392.4768657559864,118.49814136430494,3471.8633043744303
0.008006043233256993,2.46119908876436,17589.795802686556,3167.7424362966717,303.61095710102757,1483.7684356472744
0.010803308124071634,3.0047814830088133,13727.873876862044,999.6353459469941,137.4356117901848,1121.7684295691452
0.005736722739734157,2.0145029505725174,15612.45961892318,1472.7612126269453,242.0454147018318,931.1178045879094
0.007950410302134123,1.8487965990591,2025.2814904953975,1988.7798025401053,105.71168933300578,2701.9457144004373
0.010961299339025309,0.9980185415483582,13994.760428759144,2808.4478987313837,299.4887273421107,2107.4517380979773
0.013909629830829435,1.275729758956998,11219.67111470988,3373.946125570967,304.7936222019872,1882.1812054756135
0.010016255581482657,4.935168060394132,11816.567687510491,1102.081700347578,305.316164179645,354.57604443678554
0.010129569736840007,1.9826909535788901,14166.345979865466,1398.6699024706966,181.8474681733578,1617.455686606182
0.0055738035079578255,0.868116248664878,7081.3332609483305,1922.8825665092115,250.9802811717385,2688.5749401322755
0.01014423725355875,1.9897144773057815,13607.720015636107,2442.4603260678,210.02767858929374,2142.200888678689
0.006032615763900801,0.9929371956336925,699.6230589087182,198.79007503175535,135.20620438692086,553.9294631426116
0.008001685594753385,5.938130382555164,16061.162363109801,4050.989078395931,334.23351396447754,682.4176536956986
0.010851698924068155,0.9966106593726145,13583.50588990083,1532.6013294067309,301.0465994122109,1508.0289277324712
0.010305755553011855,3.8308829466230225,20101.10163413941,1741.2142173106863,314.4107604253491,706.1196480316667
0.0058460996554413015,6.051065651663639,6840.5259631381905,4975.027178219157,219.0752213891926,1056.1313000831988
0.008020067725382645,11.04338567518845,17570.948210994768,1992.3456068505823,220.62430421736335,407.1417050032784
0.007721275388740381,3.0994177979758986,423.82935323690475,331.9339796252648,114.14547312788052,360.9454713409018
0.005960530650207909,3.9369160245492942,13714.45700189005,3324.6500186361236,78.18125127487548,1677.5837391753375
0.015026533961146355,6.0104490448969505,11713.580580812823,784.3287647724351,199.10329078301564,582.0929227247176
0.007984623886587737,5.92924256231055,14698.747702822937,993.3807091618128,291.1208263135652,239.5908137517374
0.008099278338109034,2.0130980689945326,15667.208859045688,1006.4074358772824,276.1139850999677,773.391204689865
0.010174740955762223,1.1685584985797828,268.34643769417096,628.6170487957847,31.078137691822942,1737.7418851919258
0.006036019454510741,0.7830544044177499,12588.56132912381,2718.2081090281104,304.6769872316342,1694.5969034621758
0.013235701438427032,1.961654024239904,1568.1610684146422,265.00455864825403,29.497596406854882,1001.7001306100834
0.008572338663199387,0.6011531268337366,7722.574899600166,1683.1828114297589,107.0179780062305,4855.993360205489
0.008061699266159223,2.9906816703243972,11760.094153672342,1984.2885212457816,318.52648276473656,585.1338386305679
0.00791811535239176,1.962660688748378,4901.20588680103,1586.1667627938382,239.74466364094914,1615.9574850210033
0.008064668083969322,0.9685047424302116,6845.981377083423,2035.0845727242138,158.60752218122167,3271.8245057775985
0.01000346529981755,2.9776651953807414,16014.738044242571,684.3730877566586,325.4268638886936,370.37755478102633
0.007922130390578808,0.4038263337653921,3064.0379800400715,4961.648659606328,97.56741229887653,9457.323553569844
0.012967132902243701,1.9553056392181813,6745.160523313931,1933.517310474538,223.48855104779892,2272.1352603667324
0.008040484460774905,2.0291044988085343,11868.68043053205,2765.6212031657265,178.93669188362117,2216.905319048975
0.010622609765026719,1.9767121255672462,5941.219727677103,1524.0245092909113,257.949836963766,1768.48172028883
0.007984450003405032,1.2114769086887016,108.2481776446578,150.4692598355411,29.330369306242183,473.7092591552124
0.009938617586072302,3.0211741309094364,18105.755075510366,791.3475035750147,254.95343790545712,575.0758033437389
0.010912901792666966,6.0043836431103035,12784.019586437524,981.5426783873672,171.82707992734564,577.0599615875251
0.007935674875069021,3.028789017440284,14865.9406810292,2002.5245262084668,307.56567902495885,691.8912309297659
0.015054596026633366,3.145341966183519,5073.493589017001,2995.370719137039,226.554940222835,2118.5416492502386
0.0057885564273062184,3.0097370470326306,13647.596603167276,1503.3523477440299,237.49111954189866,672.0568854489558
0.007886346569088827,0.9866726408282154,17457.472763187605,2000.9193761103336,173.89279966430377,3297.506439693552
0.01009327811375964,2.0110049964805676,18098.01207337972,286.256013441296,159.53697614171782,526.9040163914093
0.008048027255023325,3.5631452988437156,15065.775803685807,996.2861416537961,240.6837712322943,566.6242695044099
0.01018127321760134,2.979805886107423,12191.562262915668,3159.333537400971,224.2363685744647,1701.0563130403914
0.013094478770309202,1.9953902394627456,3136.0646004332257,603.86776812025,44.044917021814626,1999.3622644435338
0.007935745935227315,3.078929806849528,1992.4238919124323,1256.196401438596,205.6783170886086,919.0843786523461
0.007866138744728744,3.0169849781379554,13867.120495659305,4155.99907228581,255.85335126588765,1597.9917306056686
0.00710589022545837,0.566652446122529,10361.978542672452,3567.090718485561,294.8406933812016,2494.4660332347507
0.010720907265535987,1.0025198950835355,7904.574927490832,2745.0635297548624,138.3320358710444,4829.615731993435
0.010908965284911691,3.003144955701089,7881.191278608283,1505.1178006627063,241.80203234420028,1269.5111188430997
0.013152830855440069,2.505900617600827,2136.442218916818,900.9527720583731,50.36464821674706,2042.8796613223574
0.006002936388374378,0.7982690685172329,7964.538172032818,5016.598840989014,200.82520466845872,4476.546166050028
0.007734756157745035,5.906527802000332,13916.440014671876,3983.7419884987708,301.325636366822,822.7711629972493
0.010132353953440879,1.9982825112373195,7106.331154818269,3316.3455019507096,277.7010864332823,1902.8919664630175
0.008161128602210589,4.970365704210176,18104.751747691767,4013.840490258518,255.86025682783276,1351.526875666485
0.00989837884235028,0.5963544044331646,2878.38831149961,931.092619317671,94.31679877155551,4865.784324191614
0.008230064495894224,5.282693326732923,11716.649451138162,2033.5393789159261,274.75464703182973,524.9450692010737
0.01313191371171163,3.0059681526351816,2503.855214170092,384.80768790625564,44.16663219099432,980.3493353352612
0.008283602601954706,5.281508168438498,19939.542307404703,2015.897996711911,200.61510076529677,870.5198588688233
0.013166758954459146,1.9534192017035386,5141.530421989574,1871.695576015976,153.2073186053696,2920.3280039281544
0.009956270608897243,1.5223633585146945,6855.074531521642,693.8563048541911,92.98862992396936,2024.46303787733
0.010926463388881286,6.087902563122948,14407.701297203406,1006.0392918506915,257.7244097655385,395.15590349442016
0.010031077065526906,0.9966945880445679,16190.896816436294,787.7447927536602,115.007076847302,2461.8467411418787
0.01485667473348917,5.064375997369072,7060.283868372961,402.8709668929726,278.97664282962353,441.4994681824832
0.007975562361714027,5.028933503873303,17817.40969978674,1587.080217302462,158.19052510391208,755.5384902665936
0.010006077028613454,2.003315858834661,15336.305720040731,1019.9151456015858,129.44226312839336,1488.7149931049166
0.013105744150573712,2.808898311335317,3154.9327334217364,931.5788215939318,51.49977741952132,2043.470125912761
0.007711162594652333,6.041408974665092,13533.36994042541,2014.5486249957698,284.04791172933847,429.0530289868462
0.013012301432435432,2.037189424495784,3246.1499100481215,849.0488207934271,50.53916174419889,2527.4733706942798
0.00590381787287355,1.0097870286750434,3040.7319928562138,4300.442037269143,100.07529508578553,5588.685813881479
0.010002111458326067,2.0079086839049443,12296.869785297222,889.7207899133332,110.53858360890179,1643.417884140695
0.0057922759444551915,0.6166433106846003,7010.727126690128,5120.68776269168,151.27707463088043,6381.562230778098
0.0060420385648827174,0.9812295571742239,5127.9287487876,1344.7276678510605,67.44362847829865,3573.680100333688
0.0099863287927286,3.005279090074235,15716.334355395333,1965.6496735204948,245.89002937010224,1188.720518502185
0.005894321060176645,0.5018257279001687,112.70438668467878,200.64044601827433,31.298556646918335,986.7574177851233
0.009931493282450138,4.919335137713115,17899.43367983975,4081.1873380737197,335.3888706213782,976.8017481287468
0.009507639684347046,1.8028049514705085,15326.321752394757,2650.2123620670886,200.8197394755582,2588.2208347803885
0.005828235786543023,0.987953249675892,6904.565716528827,3363.0031503443806,138.89504110553494,3981.665236024586
0.0060803033093991534,0.7955749022096956,9766.795615602987,3977.8882520159473,251.5203711874014,3041.298155145571
0.010263719628361862,3.616975005919995,6921.776060948708,4291.03690072275,200.44464101052907,2087.030249621011
0.007951312047980242,2.5324158336443863,2902.779595767951,1003.2641166400759,176.32322733413667,1163.9103996476877
0.008087456053211787,1.999680214876751,18091.07167949556,498.2396556860407,335.87970320559276,311.23984084336917
0.006151960820094622,1.6425045058612548,507.5234021183927,149.99947769428005,29.824557812529296,292.3075188301768
0.00800567096181606,0.990010786603096,6882.523026865719,2028.9822328751975,239.46797544439193,2508.707266613801
0.010039350071417215,0.6016557421370625,1721.762775912891,413.5053734043351,41.29254943749534,3474.0070052565948
0.007913070090724157,3.026145802192903,9998.585450249022,4051.25936266438,165.76437315210907,2221.206694116688
0.0125455705909387,1.936360461070962,5263.881446056169,3902.5983814022484,157.88402307262913,3605.2022179472647
0.009960277494717963,2.0011111388896494,4045.44835699388,585.4402815565298,40.76526659547284,1508.0703309206726
0.007961715880088845,0.992843102972171,295.74468932032426,236.741811073796,52.29927938234996,732.6553970606062
0.010896853328616564,1.010639317827371,13772.57260928699,2719.019807989726,180.6469054054816,4626.450493727729
0.008037314358447968,1.0055634244964669,17475.90085906092,1010.7957878908848,317.38232226316524,841.4726642898974
0.012137172965310016,1.1892795280675381,293.56356497335696,498.4999130177508,31.851519107070295,1903.2228496064974
0.005132450530212188,2.6379528631872904,9600.297347097905,5287.389099530465,206.79387411673332,1758.6985538198264
0.013281802976611187,2.0434103323087824,3254.4134387351537,853.3989318518732,50.35643688927887,2512.127924312647
0.010090176725965141,2.0259967316097565,3117.220949310083,349.4967018988588,67.89259384178754,988.9607564310826
0.005892268978426034,4.069297157350313,15877.942810845821,4993.201370462571,135.87829288185466,2041.7337741692318
0.012791706187288691,3.6337433313532075,6959.443674485711,1986.222550592341,260.0183770701343,1216.478835364999
0.010038478856962534,2.980439407864131,13489.660738894534,454.88403335591875,314.0272055850815,329.30366367890923
0.00580638141877973,1.9748695405623895,13738.905287277777,5008.787748963631,197.4113980908963,2726.995750557981
0.010453753473281651,3.7915738494419604,17268.39264988916,924.0857070671623,161.7360778097546,744.9024980175585
0.010687604605531255,1.025647050787377,13529.875981660294,1006.3051775860234,258.6993547460999,1580.9389691451754
0.010103217051201293,4.933314599307298,10013.044182652273,2695.522072070038,285.37059791723476,774.9475231513903
0.005781349918351531,3.0196823087551663,13810.525134866984,5003.749946459168,280.5767313896004,1437.2712616883616
0.013039275599065056,2.771250621514712,2407.7713642222675,362.57501462755187,29.794506336305655,1017.2113199195175
0.008093966529225867,3.0481026581208015,6905.022829353921,1007.390289224408,248.46093670689268,831.2462780646881
0.010531040234416849,1.0052018375529497,15790.837529358765,2768.5275422978893,282.48804182417155,2950.2722992232157
0.01398218887067176,1.4935999636108084,10941.155471040056,1973.4568145399712,290.63132537019413,1555.2026634804113
0.008032613486032089,3.9751243083023065,13725.565647603911,2811.857242967769,263.8967841608831,895.005376489897
0.008001919724234245,0.7927060102599669,14925.927246520858,1023.2221615081901,232.929222774805,1706.240389985525
0.01064812763373672,6.051685278000598,9796.137394809819,2743.0523433003154,260.88849421506484,869.5709795909207
0.008156259404715515,5.333269836603238,17457.803555688628,1011.7018765889459,137.01806791606884,541.1903167085504
0.005860635144422054,3.9043877233838624,14660.815270618583,3295.528032443541,219.12626245866022,1078.7338484181744
0.007731565303097299,2.0635210261364163,897.685915205396,304.3901603080793,105.32861204593017,603.6995782046985
0.010179865022272989,2.243926978126871,2722.255329854558,714.4156756049756,95.95821164817609,1498.3702323884004
0.00785304062576802,0.9971152627854916,7021.388937818375,995.7024496371253,183.62065779734402,2446.219578977199
0.007966334078145622,1.666059696249469,15912.297689307246,1143.6022641100274,280.82440790959413,868.843582944417
0.005845800094931257,2.0050935272446253,19436.28352737831,1483.2347654934579,158.86657517045353,1256.7142290905651
0.007845458025863757,0.7765114973361802,9748.053007260092,989.8869442958095,61.25541078556055,3168.913165469184
0.007939848122639995,1.6092869165100434,15557.748094407918,1916.341361865079,168.17894215295453,2210.35120010959
0.010250205779663926,1.0130121539578094,13623.628925092946,464.2745590618165,95.29545633755127,1756.262007102173
0.005873659983587957,0.998605620577998,14573.873111353503,5008.09466282205,195.43544024104656,5206.141590906355
0.01356201742731275,3.6841292152255978,10338.265478311738,2028.2414592927112,245.013445692455,1303.014815268679
0.00393400070894861,2.0669968716288114,1888.64549583208,1072.2714692341885,55.35112834363317,1002.8815615917388
0.006036305981763288,2.4016130791425456,6936.415401491121,2218.3991274274395,218.2399512179716,1361.3801079721934
0.007898933766390183,6.035449309127462,14779.099492709389,2011.9095760595826,202.5179318506421,685.2644245597
0.010088121533074009,3.0097919806518676,13983.683308994843,1154.484135935458,234.04398708201856,838.153476235081
0.007710935951277164,3.021008403195331,9590.559994703286,2087.7283813822783,130.66627760801333,1648.8843418684817
0.007933488251644303,6.035585385039434,9905.967435903398,973.0378164839157,243.57872574477915,349.3482272011657
0.010462405663008491,1.8026003729448923,13649.376756107353,1342.5298711292053,303.3245000732456,951.6539470328178
0.010574350120801481,0.9853794762804184,9737.6037758246,1517.5967604243888,202.7324082008385,2768.587779156183
0.007938008453681917,2.25136904010958,9865.450326703522,4067.5321377287096,209.2153572479449,2267.181183204187
0.007885654969488634,6.999400128179166,17587.454810105493,2723.4084536736,199.20040567501903,881.218690844717
0.01072456678001041,2.9758030581123616,5888.370692323184,1981.531231592294,258.0295907770152,1408.5730622237893
0.010768095037801849,5.996019413399729,6742.753255229022,1010.6915165261255,263.65177452406783,524.5699733271975
0.00995370969829688,2.0986916183535245,3660.032871921877,394.1747948097724,98.1161826571921,1081.133092810201
0.010024834210980596,1.0032379957330289,15836.694291498943,908.4184771861688,105.51720541780229,2726.82658938998
0.007737518287830395,0.25338759162962066,9773.339485019102,995.9901465250857,176.52465690292337,4770.040769487572
0.005789046882996283,2.046045589190328,14649.101415401501,1469.9432867995458,139.6032378726305,1279.2901518997721
0.007976850281751102,1.0043006085191086,6850.1890608473595,1005.4315757634989,219.60138834808896,2142.2434699196924
0.009970088912743714,1.0033808732269214,13796.023305694329,2525.5647385062002,203.9969364825795,3836.6828382409717
0.007996159141564242,0.24776721038605545,1963.0472590472857,2102.0175289356885,67.05378470058476,9051.703580249086
0.007899622221346153,1.972543129220285,13582.36948706037,1495.8732877536481,76.96975404908888,1956.9476056621515
0.008015204155081147,3.6890631995870065,5078.635522486082,5056.722129453357,252.65776825224287,1581.7231937273227
0.007917334502031867,1.0012995173149228,13791.607313199003,3970.7811679414954,138.29923242143676,6363.66187872233
0.00803632911477107,5.912692333841976,11846.735234145262,1980.5414775148527,316.73403633881395,307.31682608475785
0.01079794671056846,5.931919190714239,15804.480568665842,2031.9866515443193,240.67763627047407,756.282719931454
0.013353000440311048,2.0205552849389443,1201.9736677548103,284.9288861810696,29.44628401266033,1021.2412414847062
0.008000065557616764,1.0049805498100393,9840.163086382783,3953.7825210406277,187.31685526575438,4268.689843586948
0.007746129271693872,2.6179112178974524,14759.320916907684,2424.9853792031045,317.5787497776925,753.2158285178105
0.0039955568955656485,0.19910522564421174,100.45980378976562,2647.2396697133267,13.827524036190303,6630.706865597999
0.00999387361832573,2.5029462548265813,7084.406352781224,2167.3417359015007,197.76094478866088,1981.349169662895
0.008016587025022852,5.992983416773576,13888.71756004992,2533.516283096587,325.36345742003004,364.9697756410417
0.005665775711981454,1.3467665012819925,7061.909931190275,4018.9819661976394,250.38493354796688,2480.597609921337
0.010000526675142594,1.993503308700593,14140.396774988365,2237.307919719228,128.92133638154223,2849.954898226973
0.010095427936301141,2.979573077590291,11872.236299848879,891.2436296818848,220.63510475985953,807.932203086938
0.009831853338360364,1.0125364823533582,6999.480267485665,742.7025694680608,110.88076032615417,2912.045572235643
0.015121307262703257,3.987928041618653,5009.54173103306,1114.478837943587,212.0561524281005,1220.7073098458122
0.00792144059813702,0.7982211901633909,7928.296953843831,2241.8809860675765,147.47887438047542,4296.47078892573
0.010799137508212122,2.999168032714133,11759.597949717154,981.1691245067541,244.68800363635478,838.2444300858493
0.007927225629127987,1.0012270144577433,9952.75839811941,982.6476477139305,252.47837019166178,1819.4590739824773
0.008078810961447325,2.99778079134517,13565.820282645731,1005.0090471531366,211.26967253564,687.5204774749628
0.007916493008371172,0.9806662886448133,2918.55607533125,976.6408710612415,208.47671297241416,2434.792689493645
0.005723796517944119,2.9714082639872914,14912.320091469734,3308.861052351898,137.62495515242512,1854.5345036941362
0.010029400397076503,1.4997216465238137,2776.210883648677,1641.9927058059448,138.85835811553775,3054.488086115644
0.00800091658408078,1.575618795534146,14578.888022024064,3156.250301644087,323.00449447213435,1270.3496797693372
0.005724219626516853,2.9399372119244385,14350.856647413306,3345.9316110403606,198.8246131242978,1458.3802509493867
0.00797011438073586,1.5835481428875353,4916.061559007661,2652.602380653322,215.54292611369786,2763.2866827116363
0.008034672726977003,4.0272407517538635,12071.351375105822,2017.6231030668832,226.0156733430496,927.8127778541729
0.009995751679560714,2.033640047824821,11816.914253551191,786.0461858635281,102.75884643926067,1471.5581119821904
0.010684988137034812,0.989807154036395,14780.929113442056,1493.9624578751352,298.3298340499672,1394.2172719242765
0.008010228190611477,1.5681712296117751,14684.681890192272,3248.717740753853,312.2779587248831,1427.9152116849034
0.010900211059355458,1.0051536785942718,9934.889821602825,965.2864318388087,118.38096003940386,2875.825218955984
0.005874625297140056,4.988223953359902,9684.969352606944,1476.972083650876,119.14594692917355,644.9125727205757
0.01275479641177306,3.7188153634211525,6939.042715931208,3745.2439714957777,246.90487861042095,1865.3679916119054
0.007937456269803706,0.503760593997237,7936.881906818014,2766.367973396869,178.1979521542957,5220.959767227633
0.010793250886915358,1.999982182601007,6943.1277819648985,1498.1336960182211,242.65530615523463,1897.3326960798167
0.0077250836968930795,6.000622645154561,13845.028975438277,1001.8022350122552,227.56445770127118,331.4694844216423
0.00801572835700691,11.091691105447111,13828.499760563827,1008.4618787916795,97.19988815293124,302.9839557308743
0.007492570488967693,3.8010846861592245,17825.397262153765,1736.6043903023772,257.8577217901093,703.4610050462728
0.008053882688014404,1.589397672697037,4930.413056868423,2697.6688931733324,227.1563690178773,2622.410323256485
0.005771778898617797,2.996194618669294,19491.90315824445,1463.8012244834113,220.57212832415627,735.4046351894872
0.01120847887194786,1.846687196395292,6811.331590823244,2062.214162203223,255.69100342388444,2012.7771761201905
0.00798538715515261,3.012438050655501,13630.350636665431,999.2612166989509,267.60460872208694,582.1306431769688
0.007886825846978456,0.7902844434562739,14623.315230099193,1584.3433546890626,257.6180994816207,1964.3540039919128
0.005723303962364026,1.9872733234538742,14566.318896934637,5044.401296456319,279.7010326318946,1960.927584324205
0.010073328388965665,3.0364096861273353,19889.068277052374,795.3879708380282,268.6185966229108,523.9917355322502
0.010094620508718205,1.0143367569126802,13775.461600770019,1752.9044706008142,144.77887629127167,3583.7888951677055
0.009203305620782433,1.2285305531624922,192.46530373247114,293.42960222382146,89.64246113231205,832.7962131122378
0.010707847649512195,4.955168585629697,6862.5002198916045,505.3882722586404,259.9190919581496,413.87328649056013
0.009426343323217033,5.57350392051451,6966.316680150601,4055.243527163555,243.69762531053112,1247.0385695488317
0.005812354076969589,1.0022865803512215,14809.654166817132,1497.821193871954,159.4431464984893,2122.803375202548
0.0038901759440855845,0.9850397538646035,3032.7351484699057,2800.7528130425835,62.73807491279095,4024.142300618681
0.010034074525067025,2.071496749192805,2706.5647735334924,451.51757743880245,114.90411100260334,1171.6007236258968
0.010886634336296174,4.05623995703375,17863.9174042539,2749.296580328892,281.21607602247303,1193.8469388173135
0.006129345091778477,0.9158441842134237,10200.485370374376,3730.0019594599758,205.6554071199238,4000.067455115306
0.010664670516809822,2.9901746249406522,19806.95177419146,995.8915034505859,316.6798743416746,477.6823348185719
0.011043822228872548,2.0116639917065133,13783.69306772478,1496.6872230444073,282.1313564043519,1053.3620911382413
0.010745407968867894,0.996498312187119,14527.195075736243,2749.7977167615286,259.43901407845703,3253.53705048439
0.009980060794468502,1.9835652811002098,15674.456141022074,1710.7889157978652,145.762233670236,2170.8722312824957
0.010063707609103533,2.993140669897752,11907.474311637463,371.80934897667316,294.5435501342336,365.2422574046244
0.007744104001247364,2.9816656159224277,13629.700989525609,1959.1786230996065,117.10099897096755,1481.5458950921093
0.012781715804141591,1.9504266386805578,7027.570251800531,3851.4974653079285,224.18052141441618,2553.223810375116
0.00575296169274196,1.0099767696740634,6865.195959455005,3365.8801481373075,225.1316770766702,2947.967949787437
0.01094620344099429,2.0270602305491323,5873.984601771424,1020.8816988258232,239.10732190291333,1589.6908258907538
0.007930806408673698,0.9983826599640098,6750.4105705982065,2003.8371789682437,254.64212796540082,2336.90682573592
0.008166648852880366,5.265111243616203,17715.433112725306,1511.8316114024308,179.9873023708157,680.8515337086475
0.013041182144600235,1.7614131145164056,3082.141938355326,705.4087165693664,45.02410905707423,2432.5570066370724
0.01484176226596987,1.6304782792943835,5011.850144233734,2195.7694223654516,265.10138061053306,1136.9658925254644
0.015032489600432483,5.998539967503748,11478.245688417537,774.0847399684855,156.63401346396267,664.3133170541115
0.006145419264521711,0.9156710056321088,10350.16052419924,5318.064495140206,210.09356199944375,5039.465875023051
0.008207101669784568,5.300456663979234,19771.741160461144,1007.8093411397718,241.2381661143319,411.5695700063332
0.005703230405162938,2.981000996199173,6917.590507628358,1528.7793086148488,200.65649523516078,965.8243271962816
0.010016033138412202,0.595055547630261,2298.9394833986657,779.3856138068029,87.49423715981776,4487.306325683487
0.01326720696765527,1.7363281856841686,3281.965529473723,330.14893954478293,32.188557214883495,1450.6989404810367
0.010082048679395637,1.018627237524376,11984.574587237455,947.9020484210661,125.25242239195876,2811.4372312184482
0.00791210332358722,2.940256928562555,10004.351556133683,2025.9358209109866,279.59872798658193,816.2987686163173
0.012994987680361322,2.237736050990229,3481.949716831522,280.872348135083,30.37192418529487,985.0821377469521
0.006194744022153637,3.671562218922408,6919.742428883134,4067.7353677623673,256.84374586465844,1260.6553327353713
0.009992456396327877,0.5999842771057534,2534.4101391071626,397.46679521102743,51.06379700673086,3414.6401973420016
0.007927430644657056,3.0523108557550813,6740.468386469667,4046.3296588027915,192.76935842557677,2205.866313381503
0.010044855298786395,0.9894949331445114,15557.996524145097,1141.4181530991134,187.81106193676803,2283.649605071725
0.01085817510425467,3.037969162027009,11931.101057511096,2786.306453917921,314.56674382181325,837.1890170172554
0.010786131678942486,1.0042766860570473,14952.522272172766,1487.1172019973765,197.5481235180526,2519.169664948195
0.00803881880084041,1.5760950915290344,17723.22784790025,2655.7022440287087,336.7044649186537,1202.0506296381843
0.010113107436144271,3.0128127533547366,5059.805958445912,5801.6683759560965,237.41735477403293,2498.5150333430565
0.013232432962109714,1.7940215585088914,1207.6595105553395,239.66037137996983,31.001383944006147,983.1979301201084
0.005444448702399662,2.504907163578609,7117.517238837922,5828.416509944537,263.32106368032805,1739.4492503358838
0.009372728955136618,3.06193098357078,6949.597493888927,2756.9536780119683,217.59191949863205,1812.852341311538
0.010166414490407002,4.983664642004011,13621.394892995488,6319.239482447193,315.97072833987704,1490.4498986978929
0.010849167267535717,1.9774578711110917,17742.952014687708,1559.2366059090834,255.7013608420998,1253.6817754819779
0.01009837626258999,1.504283412648174,1406.4477531789246,1444.4844519876276,132.2602054060641,2505.2927031151276
0.0110535729444096,5.9561016715592645,9907.412449653368,1004.9153051863852,136.69381540241721,704.4970365087493
0.00803899721345583,0.9895401516878903,13983.84535884735,503.29268415555975,132.0403474532458,1449.8227162283688
0.007983254285680112,1.5907355808209886,4982.180818790197,4900.147958655793,212.31225673328782,3281.7836389663844
0.007826376525094414,7.121332437801046,17578.342402885493,1909.156158700713,96.31650696690971,824.0552219525216
0.007761505692972019,2.6075225891479366,14646.404163755025,4550.01752337784,302.2676596134802,1517.8634920637896
0.009377025570606039,1.783632072397446,204.49987665337116,294.84163777623485,30.35924145320805,760.4000337243195
0.005827864869665877,4.003825978376779,6839.7054886716915,3316.016942073337,78.6103608573404,1758.2317123416651
0.010049989292162165,2.988264227674344,15921.930101845903,443.9345001824873,326.45584754109683,290.71694000768
0.0060351099974538394,0.6861859337460418,100.50970385364393,412.176973538483,32.83001476891884,1339.0038123777178
0.014228883550216752,1.545585694707432,12472.47267778557,1016.5529224979663,292.5855808127215,1169.7258425810567
0.008026701431174208,4.006414852438394,12260.743972132188,3016.5543016847496,315.1240784189857,632.0085494688327
0.012180552998543476,1.2047753135083574,296.484498669786,502.5428202507751,32.202767905429525,1929.6580624518963
0.007968850947666027,1.0053813127899776,2985.6307133551877,3034.6899172551534,207.2008228369725,3454.410114216387
0.012959328004731542,0.9512517381729827,1194.5673219616608,588.8399674780611,99.7144506475741,2838.2616841915087
0.011041531061238476,1.0117478850473307,7935.267274347884,955.6220119444114,199.59179102759697,2587.668847206047
0.00995988698732079,2.023054089185904,13675.274942198743,1039.1554343201294,115.8079757439296,1585.5434270125681
0.009932352963429997,4.954020333463723,15632.750523160097,1965.733805456537,249.3000924661464,785.8041592781228
0.008185796933455376,5.943999497652443,14678.437949293215,2774.7443074224466,300.33810362321844,561.9257394559049
0.008194291346264069,1.9587279299705946,17771.968743011996,1465.8504964262374,324.1722386950073,747.2813238880734
0.01006649288347805,2.0129421272474266,13574.259253500244,855.2639870093716,201.2836632152354,1109.490078295627
0.009321172674175336,1.754528920164157,6788.848704342377,1988.002737990341,252.46916337386418,1944.3815013784133
0.008025890824750814,1.0080103244843046,9673.73936689784,997.1290415320525,261.6939417310543,1735.633104500621
0.005909186333795104,5.0764896588759205,13697.678031518913,5089.044978856268,137.3630507292392,1674.8950330798898
0.012903895211208325,1.9086835080303086,5199.63868799318,5571.04842812482,249.6685015731141,2803.792457270421
0.0040215465420761175,1.4954889739637176,5052.664530282386,3034.602568448919,63.85935758331577,2969.69502089595
0.008008301284917495,0.7861295825376703,9854.420215367234,2737.6862121916474,175.2193882091509,4290.8572343735195
0.012793811997070087,1.957545751992976,8077.1230169115515,2750.8492287370277,261.6816968077944,1916.3125737669668
0.011207422227586387,1.8094742397842642,10064.170855446293,2036.8430018522247,254.94234234476082,1588.2604645757667
0.005853335766502063,3.034927853727682,7729.021551844598,3326.679822344851,134.65963938944313,1860.8427064379105
0.010807121666724517,5.928902441802393,15467.464942948283,1529.980541428188,284.2128326108417,485.7310443426213
0.01399095542205684,0.994748963496536,11003.701391753644,1609.221528740881,246.70372858991993,2630.760113282315
0.007779678735431357,1.9705534677193939,4939.689170966436,1541.3719747403052,179.7157167631662,2001.109450080516
0.007707468928610701,6.025437899621122,13609.598337999927,1990.9400265760587,169.4334050495851,683.505194623639
0.013028410069328126,1.5010895507317443,2356.153947450766,293.24115916668154,29.243375493702672,1533.3531944223027
0.005772252889420789,1.001050450948674,9541.879285907933,1501.2440337467776,178.299650438314,2299.6068130739427
0.006031323290063182,0.7935355257350831,14432.306852934815,4040.444741635268,290.97211005045733,2694.3376907023508
0.010694274455507963,1.011146225427616,6982.964758121227,1020.6777395324563,176.12789755127892,2838.7117348271163
0.00816877449633773,5.378380489241011,15761.622062334816,2011.8952904534017,218.94203285718126,725.6220126358336
0.010076106242872144,5.008170543348304,9886.260498813135,6665.5177979603695,291.9632123140122,1668.9695276856296
0.009402795662847342,0.6083157822467051,178.54574119804138,306.752091013229,95.54595055645143,1499.4427565090589
0.005900419779799503,3.9912002546294847,13919.815621460712,1498.841934680246,158.10831354932472,679.0077315305858
0.00797119103181092,2.0556538523070182,15617.412110635718,2818.4926988337975,304.53276826489036,1309.2154269180699
0.010089367688424585,1.0049421727190155,421.93598124573515,140.33347606708165,39.4660170969262,794.8603031400768
0.005973639474847891,0.9990442777916549,3073.4547606740734,1038.7342915571642,79.17011075186656,3017.8846579644924
0.009976214469645176,2.970945414585686,17577.434115837925,961.5135545614717,339.7962992783916,371.2623074811684
0.007853882736640698,2.99443005934101,13927.219253510404,2007.9123452858976,152.20952797397476,1333.5410975197556
0.007940110213693109,1.9991699164277628,9715.493913367178,976.0098244442526,182.70952589880537,1284.3949104714327
0.007873722450329638,5.9855254760553676,14683.959905778971,1540.6044099021096,323.3194366676424,278.3145800776066
0.009872025265074224,0.9809105421181732,552.1402852834071,484.98307861186305,57.23140081988712,1895.6866996440415
0.00776161480125229,1.0476658740135147,3190.8584019139375,219.6567530516917,73.63229558827216,941.2568809141376
0.008130182041835583,10.979295367627117,17946.922029570767,1007.5873712894237,159.45690094741215,265.7700273474896
0.007924896598669611,2.44174834645316,9812.507127123485,3918.6742046628733,285.1127966603225,1354.6563676510577
0.008050478720469125,0.7772488812143661,9820.821581459752,1601.1985005118242,190.9440168988577,3087.7793731698516
0.009888960849348745,0.9603716437498974,2341.6641832244995,1353.8331537006652,121.14039312256486,3866.239739815475
0.007754472232030822,1.673811370718272,9815.058554259349,3447.277155797536,289.6816415925064,1560.3735525774061
0.009336650391611382,3.028596656877783,13735.236816455883,1037.2454262734261,308.3080759419882,499.63181015301564
0.01000149988205616,2.249678093063328,2658.085717656914,1313.7187242747452,135.62491358177306,2019.2735534186745
0.008083937197807221,3.9593250409284435,17992.674445089797,2512.981058370332,349.7581695211199,528.4648386368289
0.0057272684724998715,0.9805731750841667,15747.40423745844,5023.207328634394,217.50741772919648,4787.726370702802
0.007625446144988752,5.944657239029459,9981.063702579548,2096.1036987615616,137.34117241558528,857.911426129162
0.00988331974859996,2.0084877803525605,1650.6744977481148,172.6425892973909,40.637744781143844,522.535952244529
0.00801723147401417,2.010346323946708,13510.85624838585,1531.0099488168314,38.78694106796041,2149.2399715231936
0.008071173158730223,0.7761813896273796,14960.489319154452,1601.9069514774415,316.0251761832031,1397.6883472169986
0.007919710704729271,3.501910021053283,12791.622704799373,2009.328693809747,216.34746873328433,992.8747737475732
0.007946323439706516,0.24190754508552512,1962.9954268035067,2094.2961478492534,72.7480114893911,8747.892260347366
0.00806962934888728,3.5389871426856483,14673.935378205299,2027.3086768604276,149.65519027941818,1278.9682084384783
0.00806794020815561,0.7779421369026657,17590.079449131415,2681.859765137887,274.4263084953837,2862.212629775109
0.009827053212116315,1.0131943737395905,1108.0588074891286,650.0790485087327,75.4596283719758,2463.441842188649
0.009382329082821298,2.9863192887671066,7264.023289242433,1983.1352366590313,212.7708102706465,1529.7551987845516
0.007755004611865288,1.0008402404568155,6840.079169287065,498.2971050616719,75.97361852704924,2000.1312715034985
0.007981518766044193,0.5068113644170986,7852.092321695738,986.4913498963618,195.54641439821256,3640.0514637700835
0.009963086922062945,3.021914859001062,12033.758522218173,1890.3842446032238,296.5802837882617,822.0200543163395
0.01079962013026696,4.098194475199839,17642.616845810655,995.073013751705,319.17264514930946,381.7140934919034
0.010032338147691482,1.010871740996064,13886.614552185603,398.3632600802568,101.72988259706085,1551.408870218883
0.007890358790112541,3.9119103729217253,17764.979875930832,511.1258988543835,338.1831434592747,183.69519270160313
0.011507777341350106,1.845024837680624,6888.420576691676,2752.912539093329,273.37941530997875,1948.1809107826678
0.0098718091588502,0.9965287783581458,3950.2211976596327,692.3714404930112,46.60399228618793,3391.3872544683104
0.005918124949513853,5.000696553219845,6914.52649204381,3337.34420272175,158.84933727388358,1103.6731229928555
0.015034938516182561,2.488961303100723,5060.180212590626,3003.4802584765384,266.60024666223535,609.2316982556408
0.008021143620124302,0.8063674066734626,2928.8559009419673,981.8379398926538,129.41393327406925,3567.512842174728
0.013320061138270703,3.6707343324964468,18930.38455784232,2031.292536598041,318.15333733962973,1073.8729006224307
0.012791743235806672,1.9304644862059808,6838.753878511758,1370.5569799032621,246.0604105135176,1986.165496808714
0.009281593570211999,1.2205540068199972,113.99609253508892,120.71064542048674,89.4860282132227,443.6718060718343
0.007937404413838941,1.0107006399560965,9789.202969786562,981.3120483486573,175.0146483762328,2318.4691357471806
0.010699054813353023,0.9983570501445556,13824.363702890187,2724.055819874296,324.78244567261345,1629.1845878522804
0.005756720303893406,1.9904642810863302,13843.867918819571,3452.9998910720965,135.22372574877787,2532.3903559376013
0.013417046345754947,3.628533275226211,13038.942565349118,2015.6541399250189,326.4174820124711,642.7192468959121
0.008505174558549442,1.3114720372419124,7742.990376843281,2213.010843750752,278.75532568467673,1905.9027851360281
0.007854149575796384,0.984599813048175,13514.832470711677,1043.0254659807422,255.42214088564032,1491.0093743134316
0.010988288004483067,2.993060784290085,13626.090250565121,1984.5128505596695,258.1683901831257,1073.8525947836968
0.008013771173406698,1.5543817000511595,12600.75752156231,3262.636283503063,278.1708585555508,1781.1991699088703
0.010471018593932664,1.7483404220332681,13839.309397359637,1795.3581888625536,322.51671627687534,930.2336521733732
0.0092815143606884,3.03192076403918,10919.620376489253,2046.8302438915964,269.21240933904676,1061.7613000961633
0.015470789330790087,6.112201692904607,13590.156288518201,1029.5233842077312,236.03041878411844,595.0743711943485
0.009930570090389567,2.975476898090419,19926.75362020481,2477.410366403551,269.41005750324035,1407.6681257171253
0.009351163048488391,3.0587682043634645,6926.613432288043,2060.469356919537,259.95696235889477,1215.7788385703625
0.00785641080684607,1.5890666371582316,12578.595007619848,3240.4965514342252,321.46238505875226,1111.2771807195388
0.007783120894142209,1.0175599875559822,9831.111108526557,503.569237215582,143.30160187166052,1557.0880136916917
0.007747201880865779,6.001935356152729,13610.55916635,1033.3032516104358,263.57076600153266,315.17452259800973
0.008038571816289457,3.0002623142741176,9788.20083070349,2829.952269908717,277.0533274371404,1028.5747278055321
0.007921349726907476,3.0009314131566653,9950.341583286681,3996.8317925570236,296.31265412971914,1183.8877033460135
0.013441970920725934,3.6824746596118385,17382.207719577993,2031.0075400391092,325.2374893924052,884.2628557610126
0.010753205490952487,4.048578524035271,15613.03996288795,1525.1594672479885,240.0591279793823,816.066217695585
0.007829249395039312,2.081153463375538,1122.2325802942812,400.44035181103345,110.39172085923427,728.6157545332918
0.013052532066973236,2.481563907780971,3384.483867516358,759.291580382428,52.047807987144616,2013.6844439221752
0.014927419319153807,3.1716855139217683,4915.814174072209,3781.566409840467,251.6720997238673,2113.865399794909
0.00998838131492495,1.2516387320454714,2146.1834561086707,1771.191953267019,135.1305435395054,3581.7859806318534
0.005746339211321545,3.0235901755725085,6802.412365370562,4934.283250540097,241.52763222958563,1682.543262790235
0.008210682175399218,3.065877263824739,6859.221377527402,502.1881745495918,194.68267376845282,623.8536795491589
0.0060971612794139115,4.814371670559566,6822.789122596826,1133.538656479156,183.64950560673714,532.2725265115384
0.008094955257848542,0.7815136785049832,9750.552480171045,1636.8671494889497,125.49974804953551,3810.016430260305
0.010070103926266609,0.9987947159282691,13947.946694101483,1043.9126143994013,200.93933057409868,2033.4478777162285
0.013337764769395855,3.6231423379630305,15756.024537674335,2111.1006505816786,282.8814145306458,1078.1730946832338
0.0037803362935011206,0.7978241121891642,14937.790236478677,5028.21849572812,303.6089269299042,2313.131361064261
0.006032579760164665,0.9999853348221542,1131.7427288959173,1837.7064341765024,69.18700777845308,3534.994262155933
0.005878408668691775,5.973733535240168,5918.294167113592,1482.043583147824,240.0184924476874,472.26266683997954
0.005676523315532793,3.009115989900224,6877.217620343943,3356.83319786058,199.6643508760331,1516.1226503415546
0.009147853590840022,3.046657330313765,11033.014812222009,1041.0603535769553,202.42299741718492,924.6686385880528
0.008336570865886732,6.039688797745297,15635.697674170906,2784.1087090174556,310.72652204830695,583.5325448885006
0.0077827881320401094,5.999850996135226,17580.242896918804,1067.0626174449078,81.09043524049062,568.3329506803931
0.007909304523403021,1.9813997528552243,7890.27988058016,2856.4829651414034,155.47817900818066,2405.5192233296298
0.007995289426066345,4.980751840447954,14915.48644124347,1586.8960276272956,284.90422894356175,449.0622183712639
0.010876727590421966,3.009907488414485,13586.982650879409,507.8432689782483,138.7864557398625,680.0649133933458
0.009445072486475942,1.7589706638317997,6899.668214077192,4084.257710927153,229.08373673874135,2511.2621814878185
0.007921700823680043,6.019924917145343,9800.163466271215,4015.495238071809,283.74368547628256,851.2542453545861
0.00916842457774221,3.64266241832585,7065.670276029021,2739.274231455433,221.88376554536597,1440.4008180596563
0.008053418542129417,0.9843583521830597,13814.287745726733,504.56451702983566,241.93448761428192,975.9642008482708
0.007893020869200547,3.0245277925167744,17661.9419497466,1982.0883011815752,167.95016642301195,1359.0843702592963
0.008054336300935834,0.4955790103495609,15711.907950377125,2025.1371520458454,305.7498656582163,2553.5129027133758
0.008015968554189398,10.96213597351684,6953.153451477268,1027.3176194124094,222.9265992462413,290.8817760091259
0.0080647095222321,5.938952910156346,3011.492748770807,3985.7751710191897,134.7634134456514,1375.075079791973
0.007896122831781482,1.5724281084639613,12671.02899473545,2158.4395915371606,316.55565379018105,899.5983038929903
0.008046477117758648,0.781192522815503,17741.37781467997,2683.502881155053,311.6191046139084,2253.371711614552
0.007682717940390167,3.181099338015595,3437.5217017004434,643.6431077145874,116.8999450758717,827.8366387701243
0.008322471616785536,5.412550124898468,13504.733726146675,1985.5141153172926,321.38717847831856,376.71985590328615
0.008011643577078259,2.9831833406489565,6922.036676754074,1000.5046289899562,272.0652869988717,795.0430220137267
0.010158734101539878,1.5049884201200026,1026.7896402683668,312.93017602626253,56.33487176154634,1039.6286222221197
0.00803375968280028,0.9839764951815914,13848.595204691053,504.16956266531025,309.04492055595017,835.315427037327
0.015047654212655002,2.3890421475856374,6494.674429902032,2213.3498887490478,234.44134982442327,1823.098733531221
0.003840660543099968,1.5572926628993717,9574.71920799827,3916.129873293095,201.84151849175973,1991.3563653951376
0.007992606671474762,0.7741602614349116,7925.548852130889,2173.0509720875657,220.38568457786894,3222.7740784394805
0.007937109911038201,0.9938965607072778,6797.038581633165,1998.0769767778793,132.1386642848263,3779.010687351149
0.008032476752318319,1.5718236209314793,2961.430441500099,1572.3600314922758,132.9926172707182,2778.9129027944214
0.010977915504350018,6.050683237848236,14849.555855877947,2742.272793065089,271.6966666267254,836.8132724040794
0.01011821471568646,4.971774759332759,14049.817833132262,3412.929055026152,319.92306228597266,758.5287946978153
0.008067926551308524,3.962531557130956,4936.397326959314,1244.9392504197424,164.94362320606558,1011.6428770136978
0.015075050210761748,4.02090013726901,5076.260197347043,3884.816327254927,184.52410555430433,2249.9662293037836
0.007965274325871066,0.7867259482891069,4823.312690036616,1003.6987416321848,94.64949846800239,3716.294262612083
0.011033880737898879,1.9806087076040066,13511.316869754202,1092.234890780507,303.25664459602694,831.9967560348246
0.008011793320035062,2.5425134869496935,17655.129700466456,1608.759174843978,262.1778081575558,932.0466516584644
0.012374593030241136,0.6235218605503253,345.34995884289367,200.781503574053,89.13799595333306,1119.319459451838
0.014966004501373094,2.4735979631919243,5063.546305040067,2948.891322598696,258.9289288201186,1691.5946871573694
0.007628329526072056,1.0485328397481712,2007.8511922815544,230.99848422525184,76.23416869394077,955.9025381376689
0.009581210593467969,3.082706732208045,7028.173245947126,2006.2364849348614,217.19601870647824,1493.2853599896757
0.005727917898601166,1.9886936674103595,7969.763836931476,3387.7653888254804,156.90746234001793,2266.684783403691
0.011056759771332119,6.010562040858707,17731.90993141242,2284.9412766332257,321.04997091656617,545.8997559450796
0.005885097695022632,1.9967585289169427,6806.991198520741,1502.522101304065,182.59143847563533,1473.9243457534783
0.009928614206744645,1.9937237598137918,8071.799856833691,365.4439142642501,168.00998849143892,881.9895322595879
0.007913109985502582,1.6138884355529224,14518.386547775453,3979.5849252262587,320.82072836468353,1558.4210597411163
0.007878766869375779,6.022950890442487,6923.363517740761,1977.541260744908,269.946274622855,565.8928981095142
0.005851590143537111,3.992291734539567,6880.50407176227,1495.8660846152538,240.52151080169799,688.3154659766635
0.012676693747084303,3.6322521220333233,6955.949871431282,2589.5033604687437,260.0654642020586,1418.262138104523
0.01266025418769039,1.8058477563139927,7155.845790989979,1451.8072575279527,202.77532392629217,2295.2170022680943
0.008038618859021657,2.9961983502820533,6861.1875481063025,1981.8623037669436,241.63988548042224,1082.478160361438
0.008039835819439373,2.004918702179928,11752.58124395278,1475.4672999618092,195.89039269656595,1382.4067750908553
0.009911192615049944,2.0121782866641107,10011.397695999232,3108.7468094145274,222.7223658836672,2198.5215056735387
0.00994502047094023,1.9910423556557417,11879.215844445296,2245.3642226030206,131.58952085739614,2726.8689392462848
0.00798475309060962,3.0572896769473537,9984.275028955713,501.86058536248026,274.8909721197403,432.9594223576938
0.003904569324505373,1.493834840529371,7060.99915886835,3579.630545321389,66.95021194671298,3107.8025106274367
0.009159058338416664,1.2290390109453648,112.64599340309964,92.72115395137612,56.173797901454236,387.3405927726099
0.00996677941566504,0.9926834830355366,9730.082746294387,1207.5563669087533,114.09513688392288,3529.0697150410397
0.00802996119107421,1.5945755379479112,9640.779761431115,2669.8837796772805,290.0732978462142,1526.3445731683767
0.00781132935876719,3.0260382408547133,6814.601618811205,1097.6827269343758,129.8910135789883,1276.841997870568
0.006012088063081478,0.3023652579179275,100.15292768268705,25.88894328003339,10.586824314739827,278.6438531006091
0.00791119713600654,2.0055611389920442,7840.673162672595,1972.4141330456457,98.18360228887347,2523.609183572206
0.010395893495989184,3.807300048009859,17550.801186177578,1647.3313218739463,200.2690001626231,1098.2730427091603
0.009944837705889968,1.9996534835112385,10066.694583017163,1818.0598537151195,144.1284313070785,2304.4245333953227
0.010060034117441195,2.016766586234249,18072.648363307617,1285.8224904607748,149.38176646252907,1678.0809223265023
0.010097061911071634,2.9950876344358566,19397.29340069752,3487.9277001016794,261.4811474609907,1932.8510875339302
0.007929845626747662,1.5745914294957029,12651.389195572303,1000.2864866038291,272.28050462871386,949.0266609619479
0.009936131474012871,2.9789569773646574,13628.645011482158,330.8996445708247,235.01707571377784,363.3319514650694
0.007965555458359846,0.9923418950139182,9952.403324456349,1947.51609654254,160.658338580218,3335.525367635968
0.010004980563565224,4.999998254090875,17873.568917357232,1680.1162344472166,338.9628784586223,409.44268291905956
0.011263238296188168,1.8031439906261706,10621.292766759214,2022.1502500404,284.2511381254759,1337.992860515141
0.007829207723642519,0.7834118396250255,14650.068642211856,981.4206725488558,317.48334279566023,1109.5893414326783
0.010627978795997826,4.027624448960315,13395.2473248155,2036.3869678456526,307.2664532590563,646.9599080380884
0.007911643102386564,2.025666475267011,7967.518636410108,1435.3920879948987,117.92685096549786,2039.3633530955449
0.012973795400259606,1.4856284049372506,3111.386945530435,569.6318634718128,41.91087478888691,2539.516187473977
0.007962353305162108,2.4212694451694343,17666.586308139005,3266.363045413395,283.67474940897785,1601.8384641410983
0.005904182643894515,4.024604350852248,9841.076815095295,4974.417015511655,197.36652096085157,1556.2414124983445
0.0100216526572916,2.9969796035862046,12035.682981301825,6875.376772744965,231.5994732919767,3166.219645090936
0.007818750525443376,5.938133102260436,7073.665928946243,2028.726229389295,184.05228488464732,830.2834119859934
0.0039733617842310776,1.0460187604727285,2250.7740440948987,752.3457287718189,45.35340393272633,1539.8141066977005
0.007899764823578676,0.39108847796256396,200.51086273567924,4793.993043996869,46.75726953488564,6684.042908678817
0.012954221047383058,2.2281054389092434,2294.054114408995,1090.6801912572005,55.154834844919655,2464.908622268061
0.012721981348561976,1.9221679513721395,6911.862171990229,2750.113876093804,225.75702523334832,2418.8990988561673
0.011215525113231631,5.958003003619696,14824.70137106121,3131.657367120695,311.1827412774017,733.8171895220049
0.007821504267887743,0.999580599808991,6840.085101424095,3952.943615727983,160.04078621123415,4302.705108293755
0.00799485683167555,1.0064652089113055,624.3786494385907,150.9494694728158,76.52053130144611,592.009966235065
0.008032522301212092,2.470632495230705,14636.439375583808,1021.5701638564357,170.17427557696075,964.4406433123584
0.005653873327114611,0.6226684512593633,13791.254428582544,5182.29137281902,100.72038204479182,8570.565442119485
0.007919522594179051,0.9940517739373882,6723.710940833946,3999.1954530226512,267.59456631706246,2566.769496799605
0.010123753327611298,1.9828949613668816,11962.912130627263,839.6572190057454,108.3766264159352,1542.4259003616244
0.01098622009294487,6.042501562955034,12756.626387167516,1600.2921462993004,299.9502509470433,378.0943750505272
0.009955547934987957,1.2384051145456372,2107.6030342138456,508.53105180264185,78.73886199924655,1985.0234146718094
0.008004698576103567,3.653604615651739,4961.470165478112,1522.8665258976212,254.34487221547082,867.2223581740502
0.00791710209725192,1.5965223260371384,9726.782902101408,2720.7208037748214,298.67313737066337,1379.9241843393381
0.010048452659436423,3.485945396504703,4999.166942671002,321.50352194733654,91.00545039439308,526.793907963597
0.0077801666061681355,2.616277252703173,14715.988991905,1043.6569950629353,253.26902291475776,732.5551561219899
0.009921939527138133,1.0027347276591183,601.8817215104289,149.245919022307,77.424117779413,772.2264736792023
0.012550364869449309,5.555531609996461,6786.348920388342,1359.4476548757675,254.03856664012395,783.0863061837341
0.00792609464709035,2.4139930316559326,14682.380038156884,1027.082963692437,145.8390920431755,1005.70066869728
0.007976847043158519,3.0090588935184694,6824.4453941686725,2033.5601783056243,259.38923661956056,1107.0431205588231
0.01011203055784603,1.9911890083235937,13671.522610642924,3236.5992781355712,325.40008308097333,1185.1737605368508
0.012548170566580615,0.8999798787121001,6958.320920474938,1901.4450147296284,178.0577842794424,3604.573723322861
0.009939585252055435,2.0098772090966652,18038.532714382734,1774.2271667598475,150.84592990636511,2211.2169742529286
0.008004844441427017,1.5744736247396325,14655.28510219568,1622.1828286229377,280.3887521124001,1114.635794554084
0.005827714297809796,4.003297066412023,13757.737877549562,3302.2940729001875,37.002059742171994,1853.6893104637857
0.008093468678024743,0.7771880646717213,4895.813210708461,2184.401084355528,110.2301426586063,4758.382814727223
0.012573752645706631,3.64774201777191,6989.772080493665,3833.387637653606,263.69392488691125,1765.5158065858545
0.008126524944067936,3.963266908474954,4943.695922592259,2960.3192658438074,165.54542392060574,1680.1529783190201
0.008257905622066995,5.422650463920973,14878.35370538343,1961.573931164916,338.3863433120869,338.12361642882365
0.008232481379634556,1.9921657122283858,4947.8970666180985,4944.955314240017,251.8263699883298,2513.494097241301
0.014191279870610139,1.519091897846102,11102.163341778352,2003.2122493015424,295.2303918310861,1505.3297714725536
0.01073686067524976,5.9605014965804655,5903.403694733027,495.62234783505295,200.08005199182264,410.7242842080938
0.008103783930775404,3.5490445658793117,2966.9727074113302,1975.4613447815439,181.16479855983852,1226.4771412287005
0.00799007015631307,1.0033624421670055,13730.920084697213,2040.6996959470532,120.17837115964315,3673.776244976347
0.00969421697964926,3.0683724162068695,1027.2824929100839,805.8484799905654,137.17496999631862,896.5085414041185
0.00804035878390459,0.9776848019898118,13721.517958880924,4026.6643450690176,196.53449127120032,5124.889115712934
0.007941170056573101,6.0405429691472765,9959.057187369293,3968.3623081809656,257.87731373848976,993.9274085913113
0.010387177298994956,3.8164611679579274,14641.408190919612,2190.2590466137076,293.3014674935122,738.0013762629823
0.009871027883747116,0.6000589449921148,767.3157366990583,569.9908286138826,61.91064560502192,3424.490669202321
0.010109115783231697,1.5021750486841452,3493.521171475979,967.4766510178417,122.94059672444457,2506.909546410762
0.00785366558990419,1.6819196571478192,9839.756099673694,2005.2493798081364,266.88250886085603,1457.6875464675898
0.01006797434682455,4.97216007393018,13961.639406788932,4641.5362643587105,240.8209670763651,1658.5933285130322
0.009961603724522546,1.9819163463422251,9823.652482491834,1500.5692576701726,201.33406202377634,1776.138658444847
0.009998906074008631,0.9948477867581097,11645.314095639953,1165.725838005924,125.04001174094344,3020.6821246432078
0.00394692450892327,0.9986191634698725,3064.2850314244674,1573.2540079671144,70.88313667908066,2753.989385868858
0.012820440529169018,0.9693117525454944,1489.9265871054877,320.1786960548035,66.28707968728696,1994.3556666997044
0.008115134013270764,5.958977255725384,4946.051404692036,1631.9998678598802,150.11059657213687,735.7963780926179
0.006020748610251051,0.7869352360055287,9959.478321829545,2214.7874250050463,286.5446292802549,1968.962527286028
0.010008056475330665,2.4601704452939677,4214.9053013026605,1225.1242843192636,110.19893517074732,1955.5333992673234
0.008169393949417202,3.4972706791445507,14706.179642608246,1994.0734088817167,237.7355635210196,907.7419655986764
0.007865333361560745,1.012188282809107,6222.582456697408,1038.8582812646503,153.76320004646533,2777.546186787689
0.008067769938852234,1.0020338890363074,9975.001012074805,1935.163564547809,175.47312481929342,3138.3192637534667
0.00812143612650161,0.992109701396499,17853.71169563461,3277.456086285177,321.24555000401597,2175.897517003525
0.010882722947077704,5.9545998275892345,9978.601736748004,2139.830323380433,229.1540372542058,837.4193023077357
0.00799036447770444,0.39191180173447937,1951.243739801885,4828.360592576205,94.25091422525281,8846.809589046665
0.009906247323218433,1.2492109399080378,3204.502861652617,682.3733728234027,109.68668730585509,2526.020675702454
0.008019257571465571,3.0265432763094773,13683.952941417021,1019.288264463412,306.8893157158122,455.49876313439194
0.00990210551565358,2.0075948089462385,11628.48676297842,1958.6807275226488,211.24608246850235,1831.3907188386756
0.005795472091914737,1.0105762849185276,17520.459217673135,3396.7689845931327,303.9025427306525,2219.238533322321
0.008003352851526934,1.5592916249634892,12852.098222028613,3205.8709509222317,322.0480364163182,1104.3592449399143
0.006062985102736103,0.9978309036070265,7087.392423110869,1147.1189976435573,85.72449451549747,2929.3750755315323
0.010123181786629255,1.9771606501985277,18060.2682818038,331.4866953528056,162.6140216042734,577.0869353484904
0.010709242106091763,3.0139136432835216,9777.086034035741,990.6748055638915,299.9377132740204,682.9942852467007
0.008135454548894899,5.387506798723759,9746.019569573487,1022.9582680777821,289.0081738195093,378.56195147674094
0.008020243636924617,1.5598930046397386,12797.302906026187,1600.1037523976202,168.12218383423797,1996.7407170269603
0.005792591685871786,1.0054489669535849,14666.554825249324,4953.209210079304,263.2781230913521,3796.2788936205175
0.010991423689225512,5.958421867255302,17234.35794891333,1011.1629925647242,270.371434057852,359.0315853194413
0.009416223414218484,1.8643373674935366,8288.403593872627,1295.0358932442464,202.90663832080548,1836.300443740995
0.00808976901403571,1.0024484074506317,4903.078992235795,1259.068718004755,260.2815908476555,2607.8557549199786
0.008072010358672096,1.010090685069167,13890.203027351748,3344.520328704879,257.53932324814684,2950.8373793606993
0.009913499391930963,1.2457789140018578,2077.121855101807,205.8346915792946,41.71967580587738,981.0378129322766
0.008118128218660524,3.977274985177433,15884.630170911645,1986.8605857130974,318.4278104975882,489.4512518941088
0.007996110712771792,0.7493066179328829,995.1220441914861,984.2483642908595,154.58370748218314,3276.4520656829054
0.005758618169731396,2.0270064203595033,11899.744158081488,1494.0960241372086,98.49205194142228,1543.439885303145
0.007789583672384142,2.052273679317055,1604.4891482298458,816.0664561382883,121.62121821728881,1198.1686223543725
0.009849931841385242,2.0066089806236547,17717.636014680877,797.7228514094622,105.0547375407218,1287.147788777572
0.005770685636483286,1.9816088681216075,15434.000356269087,5010.3956280766,178.92771741414606,3198.155245644177
0.008039964151239025,3.976919889579556,17781.737521916235,3320.877818338349,262.8896351705054,1279.529529651013
0.0056501318969691995,2.0289282490621674,13977.82163633012,3492.6780993081798,295.93734363349637,1121.859395123971
0.008277741178078338,5.3879852538606405,11823.813726821862,2298.8848851553184,310.3608618791043,425.4093145825126
0.005578970035585253,0.43611631161816145,7021.957669393654,4053.3711815587963,209.79708894262447,5612.6513795085875
0.009313809157452883,3.064438984710235,6978.879217519975,966.2283048973525,225.08496436267444,1004.4873423193806
0.009370008178732304,3.078085424687337,6874.761869754302,2077.691348505195,246.9006670401548,1305.0638234358855
0.015135030864677998,6.088625040402723,11909.534915626602,515.339302228275,274.50571416703656,365.60104446711205
0.006141686632307868,0.9073630143990343,7001.738651457309,3862.1880651673587,182.29020027747558,4224.142655387287
0.009620835628492263,1.7362106710828267,6845.032092725864,2002.0283692928301,237.28639270137182,2332.352339803869
0.005797629902236392,2.976029696090819,13991.284402808318,1499.7161304706729,257.8408296812418,606.8833593348011
0.008086279340487343,3.0026960457341794,9903.271327671253,1967.2732132362341,131.80606067071875,1569.8129898562504
0.013439322597782683,2.5415254373132763,3374.0128855888497,499.6320945679822,40.40994226912639,1447.417190717819
0.00803280206951874,1.5543965604423078,12615.908531571664,968.0872090556957,208.02838423158488,1266.0494745060373
0.005899286597800219,4.990285495675493,19579.37243887344,3306.2836697191697,281.91702788223057,801.7389185122532
0.008126332341669446,1.5967387566186166,7780.492077478261,2217.3444839201707,194.48147516231637,2407.1919366641923
0.008072326133361445,0.38835623517738416,483.68131456010445,5035.179204693308,31.969583507223703,8773.606272688687
0.010133385252211625,4.999098937412197,17672.88420941467,1090.501083183587,342.2980079895358,258.9417829783061
0.012603167882251411,4.907461658454042,6912.077024250652,3885.713477624641,266.47442676472554,1541.5041987322552
0.007971653812057231,2.981846771156139,13600.198096387778,488.91316834015623,311.94208775616715,283.9951624623292
0.008093249794410213,1.5632871387446894,9994.892123654727,2201.3237470493714,247.20396168043695,1795.3349064544063
0.005842880939884488,3.9931387710690576,9792.919691327656,3309.5877258729124,236.89111447556564,945.8685363742597
0.007988020855823397,2.965102224175135,6958.62718671388,4017.6270572348462,258.4526134279121,1671.1644853120872
0.014949285121792631,3.132979383323935,6392.504754559175,2226.919239442353,225.9825348268066,1697.9138328915185
0.005832409336154573,3.054427390676239,15957.269324361683,1503.9960838962807,180.2416475222612,792.6482448815657
0.010087442987411158,3.8166769975795485,14511.80616018126,2241.470237692673,170.70976457157985,1464.5670841516564
0.007686778973818415,1.7058053029158264,14678.65501171676,1986.9971165563902,294.83896038748946,1115.123054903213
0.00794230453167385,1.0091069142483307,17821.729803156028,2018.8494039410293,323.1522502919546,1489.4211516074702
0.009917863011718786,2.0002496254135336,16307.191022979927,1161.112728536396,338.3449910145771,640.4317067622675
0.005723056923403427,1.9732245942245976,11697.8567892411,3473.9534062178072,261.78976647633544,1377.6858288889944
0.010817752466696152,6.078474120672198,9927.670785521914,2038.086706752572,255.7570370486615,684.5239511637503
0.010099287737192628,4.950360305238986,9927.550059196512,598.5862467033384,286.99194164566023,375.5924813256215
0.007878154587955854,2.209698572698701,9750.057347024984,4070.315334570584,240.51505960619505,1849.4019085980067
0.007967998574603523,0.9995366526304021,13562.615831818246,503.3097105094439,163.90015699441977,1247.8939185700724
0.008099834137547154,1.0102272354734476,6932.6494387952935,2519.775433361212,280.44539123717,2499.14018671094
0.01007005543677479,2.5034191856432133,2710.7686778910293,1757.6054304506479,150.10043798250626,2008.7154957313796
0.009945519226632529,3.0400589057865415,7033.428324841581,593.7793783861479,261.25464301053023,756.130041220498
0.003943240149661474,1.0322219199605818,1899.576774014154,1036.16998946607,58.36648621643106,1784.1473245013576
0.010122294863194381,1.0081348675848858,13819.107057794581,359.61404136407435,100.18757127322681,1461.35022558214
0.010111805775883808,0.9511112832796665,1069.5493485452089,416.71310183711836,59.11032196097777,1988.1134375995903
0.006104141251505128,0.7798135346261096,14798.57602748426,3209.9557227069167,232.2968670120467,3238.5151798809534
0.01012016447715916,2.0238233121311495,13611.043516042282,313.62735689754567,99.18758601039264,726.960595386947
0.010051100079617247,1.1582136197702386,312.05359224310297,236.86480306994198,42.082797866164974,975.2904128739127
0.008085817381561144,1.5557043697798805,14410.649514696499,1618.956566884657,179.1546304311148,1871.8808082235203
0.005796614932830614,1.9685590041865575,9740.101361523246,5024.342792083533,118.91595261194736,3318.656844145701
0.007803525469708624,3.5657194355207107,12605.25897731245,982.3508043737951,186.77776265790473,712.799009868325
0.008009565061512151,1.563457270875742,12745.618827760392,1604.683975998188,135.61044364147432,2147.950886313397
0.010013542202233794,0.9852841595234609,2042.6535052325003,476.12768897928004,52.718715059082875,2333.546255080508
0.010897165834920532,0.9991243286107725,17724.75071607878,1012.900040905712,179.46501390406914,1904.4827005285033
0.00999036149538875,3.0225939962686765,9033.502830852387,282.1005829997142,119.59905239076225,504.31340640329734
0.008126525189742316,1.9955716558775445,16199.737247653562,3001.811983325333,340.91941022766895,993.4883859940851
0.010916332068821052,0.9973332738944881,13659.096316380424,1483.5797045772363,203.00897703013234,2618.8717008357617
0.007622108827413129,2.5830575682244272,14779.499088362454,3535.819439396037,227.46227712332666,1927.127108828034
0.010074882773241766,4.984572485996974,15646.278638960443,2399.3110646379537,328.8125521207248,560.0115084679511
0.005813260644925148,1.9908176872938221,9840.089668435816,3509.3303094299126,200.1598673606524,1911.3605847325823
0.008105015391322192,0.9971546671294034,13923.22166788871,1954.7874737350194,227.7616664050626,2102.34621569587
0.009959226008347975,0.9683628842174749,1745.9403824259768,1130.986656607099,110.55380167308503,3536.984368034895
0.014976331904622369,4.05364799079765,4935.090393501061,2255.4511141835114,210.19980435311263,1716.4825923551548
0.010114457857643932,3.024048381457325,7067.428215260047,5169.122298097321,187.3598894553126,2558.8832481153295
0.010183695377912586,1.1490030400793896,267.90717353543215,361.4690951910115,33.36463985521901,1245.719171009505
0.007934422032582125,0.9959486455907482,6797.4054963658045,1005.5453138286929,133.0600988991441,2821.8977856789434
0.01254829142139749,2.7578209849822266,7069.924078370549,3969.194933236641,221.10300412469104,2248.1418754689716
0.008093594956428826,3.6035427455476325,11839.547042035589,5951.155443181276,317.6936231126121,1424.619414634133
0.010098875428389144,3.022033866750468,9600.684403394545,1383.7768266273313,210.52788182508382,1206.0608889157365
0.005859650997833898,1.0082363619371673,15777.489107437226,1506.3054661313422,262.27680685572415,1395.2948659952963
0.008119908942725539,4.0390600429875665,7008.32100103066,2511.097959204133,185.58511451103993,1394.9411793269207
0.009365598954405426,0.6129516898741227,116.33693703284906,120.31813453123208,72.85378433829548,727.6013711842504
0.009285445446193226,3.0336539946529375,13958.112806932355,1025.4925090610682,274.5532383687918,611.6568616152821
0.010102798387330964,3.1023583286249097,2014.293332355358,455.65508728245084,105.50799194850491,765.1244804501601
0.00802839366375429,0.9794976057106638,9735.349572132973,3993.625465610344,285.810430764359,2158.8693022831035
0.009885516551025575,2.98919441077174,4976.374466571529,3079.622395312376,159.2469993363282,2522.502902592085
0.005919096273832082,4.048039685579004,19786.399837047524,1486.741294603997,256.2705731865238,489.1751138804541
0.014973209832833683,5.99341602546526,14755.803492044515,1405.819216983796,282.23378286211226,583.8922457154438
0.010211956986305393,1.517050738059378,833.7182279313083,623.8941939485952,84.98089570018374,1536.8793009365534
0.010843714563022213,0.999508167368371,14561.532425664574,1515.8875672998693,155.79881278333676,3387.986996958373
0.009460681400988012,1.8528040260968763,5531.5273343221525,674.1058717774208,93.74299676103863,1754.5498511213382
0.007961159014952526,1.0061642214103277,13733.44351829265,2003.2364330460052,203.06294891099876,2884.371817494077
0.005951728367687747,0.5004250735928858,703.9280360713553,196.00094910879284,29.465281599650275,1241.1091509605114
0.014900457066561224,6.037307031884424,13735.34363385898,1018.8289405814892,216.81960094597093,651.1212114447592
0.015273099896646705,2.431759278343984,5023.6578060555485,1516.4193123916937,259.7798232016263,734.5665721355188
0.00791129991790698,2.059960902033039,3151.1599207358086,330.5839393465145,95.0845107700381,703.3129338165792
0.014830219971930502,3.907217613957217,6443.434035373803,1103.0266482434677,225.0075783237625,1104.5967636544783
0.008082477691302097,6.0150043452526205,13834.68537040594,496.3758441646077,237.39340373531493,200.1399251194884
0.010002761251213946,1.0094363546469793,6937.059805176598,730.3774890050067,92.58409332441167,2925.043084948367
0.00990759231845752,0.9603163409106386,2761.1205649434373,918.7923319078241,109.98391394799718,3480.8431543760994
0.005813485272530285,1.0120763457607138,11761.91126207313,3390.83254898303,240.18501321712927,2560.343327578369
0.010091265070591014,1.0103747402429832,6920.443161833132,536.6463644080789,116.04027957914371,2337.130266336809
0.008036948330884038,11.05577134298847,6832.848292690541,997.3899893655946,244.0080751286635,286.13259180185224
0.00766009241657175,2.0778025679967134,2432.5025739795633,657.7336812060208,113.93583164045594,1171.4210043885678
0.01509120003753534,3.1656683037142086,4920.74071806894,3872.55098199953,213.62856183569542,2285.3197668586545
0.0081649235835603,2.0280250962589834,2923.5609810784067,1987.4163335176604,226.20471747349163,1700.2197165228372
0.010775601064121476,3.9805724758796255,13631.112859169696,1517.621855085658,181.1518896959145,1013.3695871938776
0.010096018652452828,0.9856827998173505,14055.330023609282,979.5368918195319,194.41341954876066,1986.3665440711509
0.005528308661325275,1.9986281847527088,7213.742453425376,2047.2774157520369,208.15774691449948,1574.5349677493255
0.005826566178310678,2.021033931290543,5914.743995631062,1500.6295606206568,101.70318488960942,1804.1917794494998
0.009904221235557106,4.958983323602693,14120.224638628579,525.0221518386018,309.179586675216,203.75202751386485
0.01070378026957424,2.0064972685819185,17676.14536307477,1005.3378878294382,319.19725166143417,637.3374531459473
0.008022645763387126,1.5403902673407606,13069.087901855788,2685.155179544264,246.38889166833147,1929.5569610100497
0.006224805218719621,4.62189663875711,6838.414221425129,2711.109555256087,226.8602010475472,929.5643530932058
0.009921559692245013,2.0231224325262813,11762.070093879933,2174.837522956287,131.65866644734402,2705.7062569231275
0.005667391692660594,3.0524498635199078,19903.888783107635,3345.0246672152966,95.58150237201772,2167.4983877478526
0.009995602410875614,3.123515773965121,3148.4971576515995,523.8992390085681,136.75835795846385,876.2031926472429
0.013460249617188579,3.6065428811076017,15288.927621228097,2032.3726938221853,311.8482671504518,833.5180658225055
0.010515414709776103,5.900528396773292,19522.94984688137,2035.2803445200493,260.05198352174045,789.6292963471933
0.010707983960787273,2.962099695577841,13814.836241361123,499.5420218857991,98.93197813780453,736.8080244261795
0.007918456117421124,2.015718435405301,13624.317729114962,2788.53117460603,281.11229197693126,1421.7831763029917
0.007756332802710834,0.24883168004496328,14510.702568753071,1492.4011282248716,196.54019436425386,5030.33859316752
0.0047873221870765115,1.7939351070606064,9730.182430950545,2705.5399408085937,243.09566883017888,1196.3700990503664
0.008037472246480595,1.004263602209343,13793.09892376808,4108.495680588183,92.7352394697081,7238.275366790615
0.010441927750246655,3.8068571741917934,14781.245678148793,2245.2510303369445,171.72640372075773,1449.25173772685
0.00808196862404442,3.512422482940251,2011.1337970190077,2027.0111582059142,121.22240727478489,1351.1264053806271
0.008014183998199954,5.042595564095694,16193.551792208355,2511.987142466925,336.84952333010233,434.7722097241764
0.009988960205325003,1.517137900989485,8931.430911984675,294.7568327988054,102.69905430786866,1012.2524182182251
0.01005890143045495,2.9958277945905225,15904.428422806974,2208.455485155386,326.5456726166571,799.7476086198858
0.012946711604674544,2.714546709331693,2428.3901969787453,1010.161591599485,53.46041660561102,2043.1253803426182
0.008059194912021717,2.9765070001567033,1007.2893618786702,1241.45269567028,168.04391095307724,816.566160135617
0.007831310782686916,3.002098536316286,9797.065119500065,1993.9100758593956,137.13270941612075,1620.9299161169652
0.008000023325648645,2.5489993060296166,1026.0950871724738,988.80479202731,151.149878559536,977.1160807752293
0.007964497704767547,2.962543973600317,17867.376066314046,492.3150674841715,224.62958475380873,403.41228136379766
0.01101692942737823,0.9988701206654671,15716.067483209259,1499.4635476413514,275.57779335009326,1676.738350504838
0.013046244994094177,2.249601199298748,1786.2617752656577,519.2452864251901,38.69775222741306,1477.3919398332425
0.007832569270666783,5.953971663376876,14467.519516756794,999.7153939243686,156.80252076805735,451.7823950050061
0.008071256593708885,1.588988359481056,12714.76792885798,3196.9706445528445,298.0312745041295,1558.9776578664819
0.008031918732572169,1.7798186880034426,6858.571862230878,3911.6043400833487,271.055285301607,2069.538019845707
0.00998730270227977,2.0080638055297557,18007.941547231585,1388.994108942499,152.5255433724386,1781.5026452753489
0.008007546477329373,0.9884738564117136,14096.202792316953,501.47958629593944,103.53168015470924,1477.5487868315097
0.009986699365088444,5.0354135799329205,15827.424637639437,834.572030526682,246.32168403250378,426.25322464112435
0.007971682165529941,1.560212866749147,17639.061698593036,2675.9223080145052,309.13515434712633,1611.0078388521367
0.007938141770944073,2.988248905110366,13801.620840254975,1026.2060659560545,202.7302474040926,778.4004669989723
0.01116769601715128,5.985287936276491,18018.308515316872,3228.9644162494733,306.94471746079745,891.8954697229376
0.005959559052340266,0.7760076481730984,14667.02999677828,1628.917533306919,316.54285899237453,1116.4060752920334
0.0099740975604578,0.9539816091659633,1114.7998956299487,1245.6712439006321,113.04932716617648,3460.02850446153
0.00782486310085942,0.3929749849590818,1016.5948464366671,4853.364471926593,32.22697378593292,9624.023231832878
0.00790353149517005,6.044884873977269,13697.376034104132,504.2579380613623,178.53849660914307,240.89467943654788
0.009284660871398339,1.3505009597442321,7122.398762760285,1007.0373361135672,206.50898729278646,2296.5772391954806
0.00927218826601244,2.4038835119789734,111.13826282298002,93.74522086437057,73.39421424025774,202.1631483294378
0.005694677063470375,1.9678939778821696,9707.156318876787,1467.2081538724601,241.2538551358575,1039.7221813574106
0.00798794090137528,1.5723745317905522,17601.24635378786,4056.445414115104,288.6436223585797,2618.959456623957
0.007925611156210998,6.142158616800827,9955.416072114993,2004.0797761041113,79.53704501122911,1013.8698456698604
0.00791019929540052,0.9895496694556282,9837.588119823738,1522.2880445072458,283.2480212851504,1846.7081135795058
0.009362424854655396,1.2295869238834722,111.23764161906688,94.01646212586338,56.82082545396755,382.2147194414776
0.007933245056568112,4.033774665733816,15747.566672026149,3364.80809836651,323.2299552231375,801.891902697313
0.008188221783441684,1.011726758093788,17877.16826643075,1001.9339824932567,104.96485009702664,2086.2227026630135
0.007867683033363368,2.9687789424457125,9913.753042650264,997.2748384635912,226.9221433053081,766.9652992168811
0.006035129970413998,0.78074840614195,7759.258500637929,3230.5479947032672,208.5998760597614,3425.219408697599
0.009593927984388247,1.8393133250380747,8351.020933308026,659.8745754745324,260.23534770819816,1132.3548362414779
0.01009655198864275,0.3517303326577449,1352.8080717022233,1888.2237110466951,20.29259070677374,7327.673808583635
0.010375884182909944,3.718762781537959,19477.96967922096,2227.91793245243,196.60082524366354,1478.478918924747
0.007938202245940927,3.014077130525673,17478.41121499028,2028.7369258250023,81.26121561100618,1727.5266560243192
0.008297935864196634,5.304459184304172,11757.579222974318,2003.5603090055329,197.11821234227435,822.5867212754675
0.007951796793138207,10.975645974455514,17733.88536974602,998.7484780291917,300.90719420150214,153.46190609608058
0.009441524691904984,3.068385834841541,6883.333456425312,2054.830028194044,207.3021719898568,1562.4122677831106
0.008006450787970376,1.5639240462757733,17853.10787625455,2204.0706115440635,314.13304131366584,1302.881484137317
0.010046573022999434,1.5049464593730326,4978.607161322844,1208.2118753328148,97.38966704263733,2943.119234030354
0.0126951112106688,5.539383399211984,7097.345830978518,699.6647952904744,185.72655023471248,687.9795504080231
0.006135636534286648,0.7867362336309297,9587.023441640493,1560.2334399710212,247.2668635748231,2214.982218511538
0.01263488972185157,5.565270149442054,6961.792531739676,2672.5991127767666,241.81570516257366,1169.1394367705616
0.01093415560605323,1.0042446389446655,13677.989888545644,983.9789758332302,137.04519114957577,2665.055811396625
0.00805715070847826,1.0029498775762968,13908.342121605207,995.2519012929242,244.71098577863916,1493.983316544959
0.007743599657135672,1.0559260527204,3196.1165702581075,323.1772063259391,86.60029580931,1322.5623105138443
0.008022296234894538,2.9661103095590313,9741.472498263245,496.12686368537396,71.81026514852827,713.2064465190564
0.007819366909064991,2.9786747664087554,6847.14329464717,1094.4467583574428,231.27846905617886,975.5870585471471
0.0107693407783836,3.005595398500312,17692.108794356358,499.5754078327654,116.18964463088076,658.3693102792336
0.007703239745530817,6.010717514058031,13952.145671552573,1019.8563895659354,90.82468781238373,573.6349017532228
0.00784322077277094,1.6547407310876252,15862.577172698628,2793.9514408346918,286.7667747882308,1733.8616543573999
0.010589447328477799,1.0001635454166693,15869.033580792267,2015.9796554899258,179.90771414694348,3491.188853913792
0.007897551053300075,3.5527863165659315,12983.950557347665,2012.9699844824918,187.2440310268665,1088.5149244600057
0.01084330996144912,5.96626406920802,11654.915012838039,1496.940956454256,258.014082696715,528.8170779036367
0.003981699373476378,1.0287213833475894,1322.4352611162155,1103.0377158135739,60.58286688996062,1783.7801286603474
0.012621301420334331,3.6329834141811626,6935.109906652752,5126.480899546284,271.2528087138878,1910.2340069274328
0.010466136906710654,3.749219921534726,14722.620005315297,2225.2118348656345,247.23382504293826,1057.6402816223006
0.008385967814733481,5.3030527487483505,13588.727426254238,1982.057700382265,313.23930937805943,436.6178458253328
0.007876065890492095,0.9043433781208062,11699.401807302349,1369.5336422603427,149.54403676040295,2959.7324183065953
0.007773811219384023,0.49704069317054167,7903.519454869594,1976.440718990526,158.56979980672241,5190.810481478388
0.010011485662435841,3.020048505980395,13846.200405483793,3694.3436393300885,245.9712642992088,1983.9042144612201
0.009942006483699507,2.025158557832159,9887.517324721222,788.7429324701204,102.70277962307821,1543.9563662831665
0.008130045936629006,0.9964171396505799,10052.238635441128,2520.6478001190426,299.6968227883187,1807.2240757825641
0.008065891843111591,6.052636456560865,14746.554829911065,2745.412245420719,293.8150300432422,597.855861517659
0.00803599684074233,1.6328925573542687,7941.428865634143,2672.8318888216045,290.779884204688,1657.142782514763
0.008142817958649776,1.0166052333560358,5047.903517423581,1700.8943535530923,80.6312352979781,4216.856052204343
0.008057188492150875,0.7868167682865925,9689.370400987062,993.871232031073,200.64313051339585,2265.708370562213
0.010012341687107741,0.6077434400964843,3136.3856657719816,502.82491265583053,67.89025085953882,3957.4003280641105
0.005723592698766728,2.967536278858125,9746.560778723588,4994.0159881389945,96.0643722198122,2578.9761389728146
0.013210114818020815,1.4980432854325207,3322.5015566468737,740.6019877408562,47.590424073201305,3044.4604800656166
0.009879622958077375,1.2657214568612247,1360.144334919407,1425.1734192331708,129.67804857180957,3032.233617594546
0.010626518259541893,6.002869198298824,11859.273369757493,1534.4821365441685,158.46167742766755,827.1269748321438
0.00799461113390464,1.9740632623515988,11735.647957373481,1999.9165047218005,117.12425406986716,2273.1841321968022
0.010078374471018598,1.056196730341695,1307.4280858690954,215.96906279429768,102.99553342659837,1061.3308912883258
0.00795793842091614,4.970203055596491,12500.422189948282,2730.53249096592,316.84692691402734,447.56575595318037
0.009957338068835092,2.035455590918714,11648.816517043679,678.2066303739977,174.06129682972028,1134.344886376507
0.00803936655435438,1.767311057112458,10136.86522541874,5290.6375315313635,248.0278673407233,2542.156718632392
0.008087268534189418,1.5652067578232367,2953.3745328041405,1012.4861887951862,191.40859986129752,1821.579786425488
0.010893579257379691,1.9817581775737092,17689.763433596967,1543.3212876444943,178.10732257197176,1816.8665898684778
0.007887372496961679,0.9962823988678673,17587.707311009442,3972.93512904574,283.75665555119417,3560.509220120453
0.00389361896285933,1.0351575676454499,2490.4022229000147,724.1314573568717,45.08427481653998,1519.7976047255993
0.008033130043124889,5.006589844607455,9872.877665248187,1005.8284296606114,210.3293868356441,512.558712832824
0.00993079150779187,2.0015940835040844,10159.222956127907,378.00343901527754,111.0551224814629,932.3789361078569
0.008218873684074491,1.6365316920775075,5869.333633244153,2260.7348645450293,184.37541078222452,2441.2776851763347
0.009974622536461255,1.9950403269255066,9890.282592079251,3106.215476251342,226.55555288965064,2215.6366610392997
0.010038746710413337,2.9970869197697625,11763.215845996316,1027.4691903153298,222.21163081670537,895.0251975804237
0.015171523988683091,2.351029513642093,5001.115767518036,2255.957152769318,134.30493630220087,2765.525714936506
0.007900160823350964,1.5729353279506062,14278.098104423814,2230.7693044461685,238.7156538130321,1793.7515981484405
0.007856699934243675,3.0230547131102368,9731.831242206667,2019.7836873227388,269.81190553114857,909.4442247565732
0.012685512525375165,1.9479733448310956,5210.91120164072,2680.531273045575,182.50500964017374,3036.710648151314
0.009992975940545984,1.5147480400149926,2419.6714162216604,1714.7245193269275,142.87376847850197,3093.68165480763
0.005992978580368913,0.7867712474861571,14766.21212071519,7446.406562608053,291.8988598337257,4542.195967645582
0.010714901690271962,1.9857552611741713,13656.607097634187,1517.2488392486152,256.976813153622,1166.5000944979756
0.011282594758201217,1.7953502302611246,6797.285451496627,685.1029651349866,200.3453853520969,1642.7675578171188
0.008011620998792435,3.987358741322957,11704.673415558334,2019.6473104844438,279.7151232996946,635.4813088712306
0.010006810150256793,0.602979224447675,3202.5906078594003,863.7357217292132,96.49975318330816,4832.241908594779
0.008084277553777053,1.9669753654401523,9651.92742262913,1001.2355345899219,301.644670966834,798.5183696048506
0.0057821249414695694,3.009278673179314,5875.272871530307,3304.510919126907,261.7111441223263,1155.7099997308248
0.005744476985233119,1.0005489476633955,6955.1644671547465,5157.040641457426,120.7132181511612,5417.779465451156
0.010886162844338422,1.9749493606028155,5869.923034064308,1498.1190594905413,160.4479042045346,2396.7885472981197
0.009956076318027732,4.954642150708894,9744.390579262259,5499.823702597194,290.3106714483642,1394.260044218311
0.008158881670950286,2.530017540910518,2989.9167252111993,986.2846621875144,204.17632588726937,1090.6996868924207
0.010202952512413899,4.998369018501993,15776.156283510702,1116.4234571407476,321.0939297844686,325.9118946459532
0.010034421682310836,2.515442755114396,6906.31762272586,870.948477751368,144.7022516206766,1505.8928400589798
0.010132757181084941,2.981327679880585,11747.524277810491,555.6395448840609,218.27027658463683,620.1334796590442
0.007619781060185984,1.0069255143958908,17430.8753063105,1003.613465531354,134.4910559373186,1977.5438457488642
0.00791271748978019,2.0243794759016502,9901.280827733048,2788.6734135948795,138.5737597731461,2694.267341282191
0.007839410011764428,6.022462165053104,6902.874674457928,996.6239164757749,125.79109155837331,631.6856913344845
0.006171184965110719,1.014640248883303,1157.2327691844089,1244.5343227454907,58.213831312039495,2821.0678940327416
0.010018280406054004,0.9440770329873407,2251.009180402614,959.2718960134758,108.78397222639627,3508.205897241287
0.0060420435742828725,0.9956670517050391,3076.9827780287033,2489.84329048023,90.2988052728719,4636.753931125076
0.008068939900475127,0.9933551724145654,6763.269150965405,2013.1952902241362,189.11681497937076,3043.6351007929106
0.007862072463101645,0.24865446932767413,14460.893438418945,1025.819811124404,196.07777883781085,4291.9062875224745
0.011004399334852586,6.068112748357349,9786.975844282959,988.3154581872889,253.18218858899283,442.21795480005386
0.007757170295225476,2.0766758743198124,2167.2727976929004,482.38450416078666,110.01381690328817,949.3332036834693
0.005783471448975302,3.995269071026623,7849.0396962507075,1508.073779209687,183.31620766375008,785.2225703065382
0.002397543499607875,0.5000039109555896,5087.515249382148,1614.5287200532646,50.10663643577531,3640.0511763947184
0.007844712693805388,0.7752848814860448,14596.658855231148,1028.7662296284955,196.5845492374612,1905.7117586906784
0.012853685512843804,1.49842241907093,2216.803670233734,612.3708078438536,41.87349089012534,2553.16364223084
0.007754211602916567,1.6688815129245747,9777.532532291316,3422.4214949853595,256.7206117097491,1933.9767631565985
0.013115812282887863,3.668389644564196,18861.833657588104,2028.1229021251577,334.4283121282639,895.4828470787487
0.008115142405985485,0.9941460999312816,11810.662314384032,1508.856596374429,257.1022035519008,1799.2870327305843
0.0069306324768686044,0.9722607992766696,9895.704985715978,2307.2836302545284,302.6465090945187,2060.954761576916
0.013182328851217253,2.962867385008751,2024.06001802904,758.2333882868057,44.983794963072555,1502.0970361263812
0.010035671799794222,1.46912134694955,5016.440940210744,2151.157820047758,111.64611364965776,3468.4975065837248
0.007915590497738703,6.101925697545083,6906.468856289245,1973.9118740649133,122.88882666971104,962.1092085555844
0.00793356991719238,2.9792496539565807,13713.605492270694,2041.0271856678503,298.9220085576719,678.1639379856939
0.00824278163586758,5.340367520522484,11524.314295313348,1002.6735754288815,76.6347982594672,685.25592759065
0.01529393719008958,6.063085208981021,17441.59560499375,517.0387914825387,218.7190671194961,400.15293109354803
0.01019433083001501,2.003004276339476,12221.770466991316,464.75495443524227,106.0653907854936,1034.8321285138352
0.007949097486766279,1.9837478686690466,11838.143142228755,1479.3947227858828,138.08005992158536,1716.418129537454
0.014828130842906895,6.027252293003194,14648.909807331022,1021.028998146125,234.97295073641266,585.7903157057472
0.00814813512308717,5.893998318501257,13660.84940804198,2062.9110521999096,304.8856112518583,384.6422132875539
0.01017821230281463,0.5985909476105862,264.85229158657,152.75827579591441,40.76298490240355,1203.1733447380077
0.008137226691606382,3.492155264313188,17747.60802221539,1021.9096451211524,319.48051635713836,337.9521722561636
0.010745144321912854,6.080004040576734,9763.599807988385,987.4571532811756,298.3316072908568,383.79653298305016
0.009992630680949788,3.0337484953193155,11833.559064942972,909.662634842414,297.0967849618681,555.8778325269776
0.007976728631895401,1.6284831499515202,15813.72897129402,3522.9118897157546,341.49890255694805,1312.2192403382421
0.005962888321369843,0.6824444241513897,100.48373182858515,140.20915874094595,28.426088640171777,591.852033922773
0.010622466185798972,3.0191231321681506,9653.050739204517,1996.743574787167,283.26811453391963,1069.6480164520844
0.008068897714521855,3.9938542937871837,3045.9395162800142,2501.4652603138825,134.95937896052257,1534.7989180340678
0.013989003989018485,1.5460828878161625,10974.83560636385,1013.0741393184946,270.2112092814855,1552.282389179941
0.010122089246625224,5.023327966179832,9926.98179955909,898.126921166666,204.1804824787642,596.0685698384939
0.01069735447780682,0.9998760932386384,7731.767264164973,1488.9945256944322,260.33189157017443,2384.258001712792
0.00808780679378832,2.99827720550814,13711.274384604554,1987.6455616582136,304.1126666104163,698.497250276733
0.010374372963497537,3.790016081655124,14676.904195754249,2272.709052018301,96.80854467145977,1873.6163072170573
0.00951708859023695,1.7917806632739108,119.09966695740505,118.26331341946272,80.86771725261829,343.930905790475
0.007933047411393583,2.97874733588149,13606.482721066735,1013.4046199474766,129.79558000443365,932.8969300594779
0.006126314515317583,0.9229063792577256,6967.662125453231,1740.1579418591034,181.10895146241094,3208.8530308986637
0.010013963098561585,0.5949489149731124,984.1774206010367,1395.6593087974572,99.39782463463868,4566.598320751254
0.007953396508611757,3.0845917945676717,9769.807718471622,4018.2557086954175,268.94206582474493,1380.4466320720064
0.013100122209711702,2.028038185095607,2338.483760390072,427.296032031382,34.77488472078583,1444.134280476733
0.008076062461855356,1.6019616337838702,9799.847580905958,989.0153232796413,180.1691522310378,1593.3272907154194
0.009952273433115041,1.0454394731619903,1346.5592810198953,214.12258126143485,99.54937841080655,1071.5369853858076
0.00812206859359587,4.026226911734324,18147.68651035525,1994.4045806775143,350.4112464680533,409.65925220707425
0.010062670278818747,2.0187734496637333,13903.087303144492,2222.7090612099832,205.5510100971194,2105.8211539577806
0.009369183450372975,5.587892113867596,6956.427347299856,5592.788741164391,220.82450032687734,1634.1288789277603
0.007869851338057482,0.9890932991198875,1000.8143516715982,985.9649902082058,98.3487996836774,2447.7275091072374
0.0058960594134720296,4.019583017835556,14956.649625917573,4887.159270714153,219.40066130398907,1588.315346900034
0.007839680936280326,1.0137110202150135,7199.35071679742,1261.1546873898865,79.96295391908752,3383.1588249005736
0.0038638873673593564,0.788827933747513,7811.768330075039,4990.926698561928,213.70562457872416,3439.5620380793175
0.01068066779333772,1.0053361199876374,17712.07981475324,1525.7813349121748,199.18013938563476,2547.934465834632
0.007929128510586348,5.9556850020607826,13855.845201217913,3888.6307489533315,265.535327432461,896.8466452277954
0.007659441682999207,2.6151645380413124,11987.711770005024,2294.10793742032,179.06982364125375,1530.2973680562216
0.00796295956167087,1.0071838963212585,13943.175912728335,507.0548218782967,306.87347175224915,844.9561360255606
0.010384051596509335,3.778847857927938,19553.104476328834,1009.0088607418792,222.86809879128663,694.0561051263345
0.00804568088699186,0.38506008793835295,478.2372851321578,4974.452656040934,57.459824829278276,7522.489666021129
0.010112349697724022,1.9958220425313926,2901.4944587914697,1800.1175636281537,154.84813784693753,2512.3333242813164
0.008010288217369583,1.5923252025742918,13028.394609202463,3230.298890265876,218.08033784235374,2568.104019340589
0.007748394507849453,1.0081243693778152,6821.593212512727,1993.438710963675,215.33745102774046,2706.848588883126
0.009906992208020585,0.9569715722148029,1358.8033950304962,171.7454514117537,39.61498902432514,1047.7433056309555
0.008110881671326588,1.5766181154734784,9928.9876425,2210.303392548235,132.05120549863577,2778.5880622564337
0.009502579933504214,1.722428359922678,6968.847046619705,1984.2666986416646,246.86082724722587,2016.562566294316
0.013144182799573124,1.7229122885861907,2699.5638467413514,335.92808193707333,32.31095496409806,1469.364230276126
0.01507136745811985,3.184421535414216,6506.790335050586,1094.0589124695437,238.27611652449326,1234.1799175939564
0.009970048667484976,0.963131432549704,871.9598074851108,446.04646741535225,60.769943778757685,1955.4949823522427
0.007904902486599032,0.25110331551060094,15524.160450965966,1024.003415744214,217.00426040424622,3898.5921175081094
0.005802370861381823,1.9780320232359483,7904.815487480047,5073.07666933395,217.83160057255208,2325.3598921074076
0.010121631787258797,4.94675210619175,13657.440486608599,5113.068433151105,237.20086252301672,1833.5737779244455
0.007736666420247251,2.0731505996141912,1828.2056667421657,755.824931028061,132.29899278767252,1205.455505616027
0.009983888511075083,0.9451445087490328,1177.1688902914218,174.61878228497528,40.738204025195984,1055.623840078428
0.008244724601967459,5.339108804860764,17934.30413967593,1000.8156989685946,308.17182992189464,293.36736120600693
0.01181432429341209,1.1921601859542241,300.6017982030003,499.06554663870025,59.650582997395496,1830.4345792862086
0.007647878358644917,2.607548134247818,14587.025888061777,1778.8263632103483,230.17221476526348,1085.7150997370893
0.010035538081753722,2.0129272539406036,8020.371427728,636.599618126123,186.31231092679457,1277.3621593294672
0.008103511270520255,6.015775751708449,18089.8046128342,1001.1085786111536,288.8847466941103,290.622845323049
0.015136782972774238,4.03592260169419,6530.332553371467,2077.460688578164,271.4815934648467,1130.088639177352
0.007859984251657723,0.5007444434753896,7890.924208178821,1510.2317457277636,138.11322515159506,5067.526199888225
0.012910187020458746,0.966135000007574,2706.0247611048208,516.3531611379781,101.70019968192419,2968.657443505088
0.008091559277472652,2.9951561363725996,13853.260750518431,2023.447632336638,297.3857698222367,715.126760114041
0.007943554883052636,0.9894409507025372,17618.78735104727,506.0952276256105,117.64611538715039,1302.70580216594
0.00584343360127982,2.036466929145798,15661.501176094072,3462.830567807177,323.44447395705555,1111.8594553562584
0.010714769882023105,5.987246041750472,17588.4670823015,2240.6595180859235,287.3264999812299,699.5533815988941
0.013391215823093102,3.6328474926358143,10361.413879896012,2053.531992677272,266.3339737185641,1177.8237539452352
0.010760910367962907,4.045605954324394,13645.550783478027,1028.8681129306165,300.51691273874536,482.5768041655136
0.008007991410257924,5.029887029416016,12771.495839213643,2742.8353043885136,314.1246730054573,475.1450465755664
0.012631145651786017,1.938689297994047,10332.867476206244,3805.1364237310686,280.056182233857,1777.610350182495
0.008060233849548105,3.003486946000489,9655.256373617472,2022.876114323812,216.44366906613064,1173.8381124435275
0.014085598157090038,0.9739697979521296,10859.640796403353,1985.9627971296097,280.72178632309897,2172.749575689834
0.012871524523595588,0.9783477328246087,2832.3922272483996,386.6217708986857,80.4490985927193,2447.4703848879094
0.007847594122634203,2.5712643766449803,11854.941889286367,1031.167453043752,260.59746718923725,747.7584838039857
0.008071560839410925,2.9948384505812498,4954.3191220523495,5045.560569819464,163.15608685916902,2915.5829028530698
0.008042982879603288,1.6012457823415691,9935.500371865306,3947.757466725346,256.60803501501096,2066.803403336323
0.015062185995992518,6.053003521993447,14822.402536135452,1536.0181429524057,239.55282652433277,761.4495084513453
0.006808579489510195,1.2069777797292986,7644.426103703829,3926.3541971473765,273.7078937373825,2307.1488169700333
0.008104713236915903,1.6019613356901234,9783.380600114755,1607.1069623008252,268.01118041887065,1488.7611903779512
0.01007700435772327,2.029201656412181,13765.89779546977,1597.9480401750761,118.16787986822891,2193.231643328823
0.007894429916259419,1.0466941275482804,2263.0635162445897,329.6824463266307,90.07939038893603,1340.248241427945
0.007700902857175981,6.022619768985123,9927.32258004395,4005.9350004938165,224.0625922802511,1039.2386619634638
0.005921819101538272,3.9314033260983265,19493.805779149145,1495.4232182185503,285.36934370659895,445.8706872714142
0.01291788645295491,1.9114088817549058,5184.382012095315,2632.8015025761047,147.06896504882118,3271.1121495877032
0.005801300532114516,3.9818109820678322,19294.68522239326,3330.6258736644,221.55325237323837,1223.3982813713892
0.009941609221035964,0.9770455423366093,735.8782268224816,518.2460369447041,69.96986518226106,1944.405339125506
0.00809190882882817,3.002625774660291,2947.6093498665136,2024.677476626459,133.4278702679188,1761.7073316800688
0.013481536053580281,3.671771493306651,10348.128915563962,2041.0766942835128,304.602975626258,907.4722082395792
0.005756383720533051,0.9964525164617012,11766.267544778964,3301.8044316574137,195.44787547177907,3277.3772352916953
0.012610300093315312,4.8400838838472815,6698.386077582591,950.8136018799091,259.2185777933081,755.7409797863597
0.005758463060893556,3.9694702210269766,14575.042635458827,4966.760913155829,236.40823931755955,1464.9406532875137
0.013970601096937884,1.271588929830763,11258.813852890744,3367.3556529787556,299.3871150768729,1857.6233060136526
0.007954951255465187,1.9971610137551181,11738.129032182567,1496.0826606012788,158.21164984569782,1633.629416041785
0.010151074220800789,1.0115415182245868,1530.2021609274295,568.4758628810628,74.41160988526033,2460.1179538848673
0.008222385187521329,5.872516366503104,14909.297345636884,2803.255849438861,270.2898580733007,695.8643779535016
0.010091343929990094,0.9554870310032847,2957.5521621459484,177.77817038179475,35.14327281196285,1157.133317304365
0.008028717358766488,0.39421351539307486,997.6472302043944,4834.378491102345,89.85504161449259,7599.053188274707
0.005782257845995029,0.9818171287351952,15720.144341998755,4985.221126031029,321.5500289493023,2363.8612065999478
0.0079004476601121,0.24137355806800465,1012.905792743975,5121.953159423298,84.97244846558338,9866.564064568454
0.008116151066392394,1.6124085369715162,14611.187628577456,4002.550512468058,280.7665552322913,2249.599340107323
0.005763488605245317,2.974827360145352,7784.658605789063,3285.18072528429,239.73120251189766,1180.5451739545315
0.010824110300768073,1.0053888143162946,6745.068568892601,2749.34789788555,161.93156899468013,4300.486042041394
0.005783501276211119,0.6200306875879604,13772.991973759283,5246.843257312933,89.18292183712781,8897.365094607678
0.006020259631469657,3.2225328592909976,7026.231120446733,2950.190134656258,224.59679584418438,1198.4802367494567
0.005708097518543812,2.9840195804897425,13679.656110801505,1484.3718876709736,175.9098720436561,813.1453661342894
0.00806792946938563,3.0401464745805105,13695.087523271353,1002.6133681615391,191.25988354325477,755.6018754986698
0.008013721767854826,2.0255660302968233,11832.63304648262,2004.2160261395359,262.35747984487193,1249.0599510036334
0.00804122550145678,0.9875485717490957,17509.494141626812,2019.4926846393323,90.78670377806263,4059.2207628183714
0.008085461494818563,2.968784458025751,13995.68587607221,3991.8473738703415,291.2346405681487,1293.6200934620315
0.008191060171049555,3.0250856695190844,16064.19799560484,1977.6015418291747,249.74505952426625,1048.175125460911
0.013017951396659197,1.9569814515296187,6995.496213142944,2715.552073784453,151.15393565115386,2971.8223874732953
0.014800317513909006,3.2140815162001752,4996.091763191868,2291.74767285466,253.75328314761504,1760.3509696656145
0.010012253424173683,4.935625540169705,13533.720863523595,2551.765798414079,317.87444872370634,561.9268671679373
0.007841322614331292,3.0102854719735905,9964.218127834381,2008.9178958611965,289.372871268817,765.2198771058305
0.00606294858214791,1.002082318246675,809.3640529866688,202.41870905696402,91.1962006750429,638.7220179371238
0.007899581260228855,2.0188458818857105,9907.758377791763,1997.346714132202,195.59829957054515,1802.293512157428
0.009904768311620894,0.9990880726137376,1436.255064736847,566.5430849038064,76.48196971178719,2452.3289102169065
0.008067798712671801,11.162403827197082,13782.035543991058,998.6635559201649,116.46999932313373,283.4620736555351
0.010671572929918063,6.151002163119879,9800.585833875566,2783.869558400669,301.8562387360999,652.4006889276353
0.007927932635267088,3.071773573924101,13648.126135318878,1012.1489377473149,282.08099751617095,557.2401147542425
0.014902422226779986,3.198074137017963,6497.78290775125,1553.0313203656135,250.96743811110727,1300.1250901159885
0.003952475799915708,3.0871733070563327,801.3153500667974,1328.9724617384716,66.76014038335421,646.5308533349878
0.010583925735446961,5.985460853886983,13558.25094383025,498.192215443784,276.7652936670161,208.3412797446342
0.007843729849095562,3.019210499725156,14773.06603407656,987.2000418398567,158.3905654809123,835.7624637027336
0.008163342492758532,6.024547297738695,11860.740346731527,992.4453388554265,188.13968954837992,409.9272242047675
0.015168896610612196,1.6191497424787165,5042.238055447194,3817.2355977205575,230.0300627704759,2714.763847089549
0.010615004409836882,0.9875572359322938,15686.04789377257,1990.6068917031791,199.58596010250082,3268.273253504184
0.007875301472266713,1.0094872511770716,3044.446247783571,633.6867078872868,50.27420377973366,2603.697495391338
0.007728653292236271,5.959026979304441,6953.836019589582,986.2021514416587,155.34934570550075,553.814068230123
0.012593469250757895,5.626203744603309,7035.7739820209545,697.6370274824499,232.59940614096178,651.4188896872008
0.007987804550739575,1.6156476376864806,14778.38332036717,3176.481695815219,276.6399357399751,2018.6838377740191
0.005945418248768181,2.411702158122349,7121.993127502428,1127.3912221840985,228.2790808949991,926.1397565318802
0.007861196333549413,1.6519344701234668,17617.820285241665,3603.8464948097444,349.2279092586965,1248.97750137598
0.007993907216324224,0.24609247885738794,1515.0659971072223,2167.2474150146522,51.610219512788845,9471.150614105554
0.009964617676617544,2.069781625212047,1707.153334720208,212.74599006765965,140.1989323014943,545.2220370601021
0.008066014327399116,1.0102236222325796,9750.727729985196,2791.0552848956677,278.172029159263,2023.3905161078444
0.010095546040749331,2.0142772316306283,9821.492583570873,4131.505626883362,228.03031910930483,2636.954667904091
0.0057572266888078144,6.103775198371961,5875.064651784321,3315.6317014681363,202.02710265278796,862.9470499403882
0.014111674645428986,0.9864122200015584,11093.202392100298,2015.4305333298714,275.5585158743792,2363.3594437293796
0.0038695299166615037,1.5702673650870365,14948.045363615272,3995.3401157664175,304.6863104177897,1373.4658569875962
0.01002874005899287,0.6060360382840336,3158.7703830013584,887.480300116331,94.07170149054764,4829.3061056197475
0.005886400367512124,6.003024502867931,11537.468019343272,3325.6063801864357,258.2051860090609,568.4109628143437
0.005836574043926573,1.002513307451727,12027.229369998897,3315.6709849507474,137.72934145461468,4241.7422888644005
0.005820065189310942,2.9666921172124,14654.856398628599,3356.9832627113306,297.44838659397936,839.8578661085612
0.008064929869998768,0.7760030621960524,9754.556844565719,3891.7118230886094,230.39002233528802,3959.2435507940527
0.011245724262344797,3.0807930802521732,10415.85634817068,6525.359440187538,277.41781363306893,2106.9226079823757
0.007835611988628009,5.974036595650663,10145.608618763115,4049.3490094468575,246.4850363225576,983.8280844097407
0.010105103063234186,4.937506749281371,16296.455850919749,629.9635354400612,242.34650002292176,349.24872350910454
0.012415323932770853,3.7277352811616544,6839.451969080476,2504.764444267951,260.1858063410527,1443.605760393011
0.00805523172454359,1.0042462758827093,9978.328237444019,2052.8310220197895,162.49553364553822,3347.675195367726
0.007896384570987592,2.037265101225619,13592.74531540892,2794.0955720493143,119.54169338973163,2853.161070848524
0.009945621122624957,0.9997519219131591,15970.59534036838,1242.1782987694419,123.23416744644814,3009.0660526943793
0.007991094057579853,2.9899657586073367,13670.013882448955,1013.8927430824867,278.5653645636986,550.9491333216276
0.007959404380589527,1.5714098068823528,12908.42861803571,4061.57987754746,245.1228798205556,2814.239387873431
0.005724006363559822,2.9911113090119144,7796.200288783428,5082.753423647206,245.48461346413615,1874.475198775393
0.005859265742507206,3.9874210571520172,14133.691398231691,4992.034487034829,136.88995993468592,2032.978572408215
0.0131673725702044,2.995078954744363,2208.4867690885917,398.8632109718222,43.98866773246281,986.3989719845902
0.007644511200851241,2.0849064159297725,969.0422757364756,431.0937223950169,113.417067075112,738.4360034284304
0.00784941939619845,2.984337539686328,6840.836772992475,1956.7347732554042,44.86044640142212,2180.981330910225
0.0054039078025050116,2.5086103953926306,9704.632668549624,4936.846582981429,281.69615885777296,1355.6139990882423
0.009919647059178026,1.9790704734356934,4047.8081567560876,1905.7410090244691,157.62336756357718,2448.2967744924476
0.00783588774985051,1.579622965569427,9786.07525761051,1598.9406145879752,243.35556334365225,1651.6802533792145
0.007994950251400176,1.5599839669543631,18022.08274630381,3233.524961035911,306.01069359853756,1820.0776752663362
0.010829929129853226,2.9460190398322474,5842.769851175727,498.7729841629533,178.958806698943,813.3718076775539
0.007832755648646243,1.0066871850916348,17898.484372914725,1997.6661296922377,271.0883328515186,2180.170145581674
0.007894479315120084,1.9566317742352457,11969.755057497268,2784.4833734376402,97.33890262119515,3026.1483838061977
0.01082456098946119,1.0022115968650764,17443.28003576778,1528.3164028111705,180.51040523689707,2681.186346830679
0.007928899330435711,0.9923614009425666,9835.957138659058,2019.7853876694712,142.08742471342163,3448.8243223676136
0.007818041897386982,4.947695477589058,17824.252217880832,1580.542430041194,174.76090998346695,747.088004054501
0.009343835465285817,3.6524009045424832,6866.905031111458,4161.065763049829,227.0535016100647,1800.0115978516724
0.007913158401333043,1.0047331965478055,17476.55566893976,499.88979866579257,262.9478066417797,836.1838467718235
0.007961566717027852,0.7794739552045694,12679.699258346373,991.4574097617381,188.5831187573127,2047.1913399596644
0.008248162319609663,5.388309447362036,13562.133414808775,1997.298906620972,275.0611836348197,558.9470008456738
0.005751422777251914,2.0267249952152775,9865.785930828555,3167.6971895382153,282.8444763258535,1265.9013797648145
0.007938159292510537,3.5251181848761726,14627.104652097123,1009.7861546319824,296.2124979049871,428.32879940981803
0.008200454927010301,3.6698327691670993,14132.05880240071,1255.8442804266442,327.3572018500615,365.8848385217691
0.01285095079474747,3.595318220155405,7065.501728406823,1321.8089007191038,230.56975862598122,1268.4657481186923
0.010013172161432328,1.0127456362507044,9848.95236952619,1633.410278359555,122.98420959841378,3980.665418093717
0.007647222194322883,2.584602874660286,14890.8307642718,6187.7322067329615,306.7715820907679,1919.5544585086332
0.009973583259028713,1.0117440719580526,13748.723970824383,1168.5698322012483,198.64413820026792,2286.751015107619
0.00791561143583943,1.5764896094730083,9770.315980253434,2660.6179880403,187.23811206451296,2490.459786997686
0.008645119259489803,0.401575480012713,11838.64594050276,1902.6940476688335,256.2023325910321,3436.3025683339
0.0099798338448609,2.9578151750904564,19722.094203180575,1250.8668000968753,263.8671338912226,795.5348468240841
0.009992926414387145,4.930872471953325,18160.12354170789,1165.2729355880767,332.21117316560395,303.19757818960335
0.012993071790512394,1.9266569354177152,6954.85273131311,5348.723672905776,206.65170840099455,3555.030613417097
0.008083069794631859,0.774837630815061,4924.7801255666545,1638.2474365299365,169.32840561434065,3956.488973532914
0.007811751005036369,1.7558549174926938,9980.916569657713,6358.968063214153,274.2844128151993,2466.578468791559
0.013013434677316202,2.521534842007409,1111.6568348839626,670.3817465514171,40.519963888490814,1470.3620837001458
0.007891221868634328,3.01761590799615,9928.854745103068,1015.5565122857646,144.84596921432845,990.4528490180832
0.007934057187611962,0.7912654054399725,4937.563451422004,1613.3094217457704,80.33292225404657,4556.942150571286
0.009834724992149482,5.003342036892621,6918.630132640355,1323.370702182558,181.4192086749606,926.8715951264326
0.00830737797521987,5.391835975974074,17582.355419845837,2034.1188464684558,259.1547557727149,684.4569558768832
0.007963814998135747,2.9840218273816665,6824.869170864477,2024.1563780777087,259.2020148419036,972.6542108077074
0.008029008804612289,1.0047376264978924,910.6211079816934,153.67681211461272,70.69515721003562,662.8554543457637
0.007858374066063344,2.9477608775292223,7088.23145994239,1046.2743133346094,81.80980421135428,1408.734246297868
0.00796935168401835,3.031311639345557,9752.219987104665,989.8425124608393,153.89093367960993,932.5917064131173
0.008019343093687117,1.5657803375888069,7755.616043951754,1621.7661668530932,180.26103918308345,2234.280228192567
0.00585543708488797,2.0011926883858275,5932.332495952763,3409.113477271517,262.44253581635945,1621.8538520685713
0.012943178409113057,0.9704697139639439,1664.0146724524318,1183.12165625522,145.7147453855558,3958.7594591360444
0.008049329397027037,5.065188627595729,11924.819510450467,2992.8035386454776,314.9336879745273,515.5850401954983
0.007783164441423905,6.053148781915431,7233.893567029229,3976.3329614568097,66.15566688886594,1800.9622017625422
0.007921195741209362,1.5547883691549218,12831.908952442434,2716.0837120551973,269.85778437889735,1705.7308897423197
0.005953971162355236,0.9941854039508045,7092.15076843475,1750.988138342891,83.63513840560958,3423.046341935579
0.00998189767566389,5.0194204949737244,14077.85631461257,1253.5760551370922,314.26269705688736,361.71239252069245
0.0038232741506317365,0.8033934044125413,7816.058618226306,4992.363306336901,267.99836392689264,3004.22781943336
0.010746752407270242,6.003816747628543,14628.531769047016,1543.8093032970025,137.7340136270186,823.4148242435085
0.006100020335393538,0.7939910137097974,14522.068914910038,2746.245999447804,331.1226699548974,1373.1435238896627
0.003060430996010415,0.4963405931605958,7052.593951408442,2208.1575885016814,52.981452256839404,4594.722194422679
0.0057372807643270235,2.9864285680199467,6781.669427287443,3285.3058816016987,181.32250710317095,1641.5560968437742
0.007769173642767219,3.046081763932043,13711.398553031966,956.859647000665,152.1047631094146,825.0681364162365
0.010046093066181174,0.9978955532424882,15756.320257307128,425.38675482314085,97.5778747529282,1655.092041269491
0.00803821219104669,3.0007908780201995,6847.358358719758,1007.8215043950895,173.23579310435215,1061.8001792666282
0.009959775331859533,0.5997946075133768,2836.2370275304543,416.5135565046782,53.585065350482004,3424.111184472913
0.007894516215974073,0.9959405435615558,3035.1862845314236,1728.781562955836,75.94389389878975,4381.453253441963
0.008094448299586925,3.711683998266925,15957.483215773382,984.7294290190328,246.69166858716133,533.450111205384
0.00943508328794128,1.7357856198821284,7033.095949237245,4179.1315434242515,216.8445580812163,2693.69437323082
0.008108440765059944,1.9929908460375982,18245.700314683603,4949.366332992239,258.7416004697885,3140.7629373566556
0.005966662210318886,0.8035346501230859,827.3825644012968,202.11900918171892,28.816221538349694,837.0416278626066
0.008061471242083779,1.0221639459104919,6916.664422203702,1014.7525043579095,149.00050675227223,2621.2984368347747
0.00791415404165408,0.3941706533477372,1513.7051546700236,4994.725542486538,111.76999998797392,7449.17096818748
0.005899119788575927,0.39607508420209286,7896.105666090502,1639.2400532342695,73.75102160596848,5818.388554690906
0.008072345169286763,1.5725088431355236,17851.397757886185,2217.03333661342,327.42242714812664,1189.7481323087288
0.009898645412599176,0.5941071000526442,1143.1371084104867,251.7393514743383,40.07701180433887,1977.0155736265033
0.006306974451799804,0.9082845121530426,7009.801519574327,5282.119045651961,181.55266592464375,5197.355659167991
0.007886433454363288,2.957381584942226,17549.007808094346,1009.8288429122862,166.9032708330387,760.4177894306245
0.010772032368201716,3.994110886373681,15841.410146415592,1533.6884337673387,136.85267409462514,1174.6679577192535
0.01000334535353588,0.5965436318130276,1677.4211013178099,559.8888376609624,69.64224433839502,3788.7820752899675
0.008089164047855233,0.7929527599753536,9887.593947944117,1002.3867739431756,238.0314596120832,2068.9348027437704
0.007772585086940023,5.87335222630287,14575.922192968454,2011.1153945380124,159.82242702672082,774.7613419405633
0.0078069451440184855,0.9957326087456829,5053.053894145355,577.2364814857733,61.24931011873351,2441.423909225874
0.010092735004292488,2.123033430583279,763.2607481399023,364.7826404627387,125.00796720636437,766.5993377153983
0.009857777413101022,1.0096729389360428,15497.779935458928,832.3756361959098,185.37273175933052,1903.3574793254822
0.012979122441707852,2.995646247293516,2276.3320401019078,1109.2881878567266,56.37494980529527,1978.4689276188808
0.009784023875557563,0.9657965035368961,2071.085331314322,1506.015078383235,128.25429846287574,3959.911374494336
0.008049651887740386,2.0206901718475145,17519.139318922073,993.4055072333579,176.52303841823408,1072.5571947422739
0.007919672903165668,2.45306244410356,17711.015445199784,3120.9720306161967,335.67776830162484,1057.1033827460171
0.009968094578821194,1.9847097552662383,15688.007301106349,1936.0905027266697,143.63429404548998,2405.596771283805
0.005841329304500692,3.0187909168459974,17462.99205373664,3348.5193543729415,198.93333313879148,1604.2047253142673
0.007927671699511212,2.9956156806220116,13657.754200036663,4000.909667076234,241.20822118993678,1720.9387262470566
0.01003395559046282,2.0012113420688507,16138.9220787157,399.3048209835134,135.83202337674211,747.3655368951277
0.013557232594519505,3.619994197576946,17195.17665472209,2049.9904366648125,346.92212222117183,680.3852026707906
0.005739638328071504,3.028334154303465,16093.176687076266,5089.5514549887,199.1427416055539,2267.592303759433
0.013079143046135796,2.2599734326003733,2202.622182543011,506.2658630196665,38.58318277306133,1472.2429174774202
0.010009314015887446,1.9819304672005162,19691.729170208702,281.96942492687407,98.95628418257556,564.3059236882555
0.010738836677141645,3.9751316238490397,9791.103576648922,2023.0049185028404,299.2300838451546,694.8678782670238
0.007970397562968141,0.3962631366261432,1031.6920784544768,4676.394979894896,64.67243320380021,8796.37361582044
0.013253355518485981,3.613941186071196,15636.392679953004,2046.8845607225437,319.0146394648444,833.8043731991871
0.009981923490183543,2.0742753421713322,2620.7915344889607,215.96476755736768,130.93336787739705,530.7933179150338
0.008085097298321079,2.019877654976294,2967.6451556938523,757.5228276959001,134.21971478890367,1481.942850189736
0.00808791781810807,3.472174933938984,7925.706439952171,1988.5794109248109,95.21395635073443,1696.5207633094385
0.0078393767655939,6.021850153467734,6823.31630606095,2014.6164004235632,173.46568052392897,791.8809481724232
0.003960975104497533,3.0811128974195032,1984.950511483106,907.9531427107662,59.03588630307397,644.2030277760792
0.00804318853240886,1.0066900250249606,17782.0616629106,500.9207924632777,197.51958928004,1047.50256361233
0.006132671779381161,0.8066532412241603,17608.21840529152,1588.469942612004,322.8266644487082,1193.4499628139372
0.005716264765456533,3.981216233934034,7784.418495348188,5007.110238682518,243.2746737252821,1316.890450020832
0.00808232139279183,0.7971287987751395,14355.43588024177,990.1951105838805,261.42896177611055,1449.0313631943025
0.010125166288495552,1.0136150263396377,3036.8801057344535,452.6062748985268,50.47419511288827,2278.705291254396
0.010188188250732408,5.012116562668735,11726.330997383482,5984.885754408728,297.73256180515244,1364.7215373487588
0.007872052066757272,0.7716855628619584,7910.280830245443,1621.312025701928,168.9970872126377,3461.1700269564585
0.010679502268573011,3.9781119178309696,17399.149750853772,1997.178278436832,257.20650439782116,1026.629372709416
0.003789601742416481,0.8083502449855006,12630.771050187765,5100.383424100949,250.53422823858983,3028.53967395027
0.007998102672374377,2.5413796241647924,17720.626584274567,1611.5381557948142,205.33119025922738,1148.196152410461
0.01082613769186059,6.06311060655492,12638.307543510848,1579.914347687236,270.7632660438388,513.1998624498149
0.005711339636024261,0.9910660645594109,17455.74562924063,1474.8333893048332,278.53540863130263,1348.4668253017085
0.007918041389888466,0.7778389076296808,9821.323123188393,1612.5674902992546,169.39115723850801,3337.6113825604343
0.010572889824555193,4.021702518949846,6829.139537043627,2851.9812589789626,238.97247306938772,1402.11877981856
0.009906622624880866,2.0105745526785537,17694.787054619963,722.1540978251537,148.20246536573762,1044.3205513961634
0.0060865779935001295,0.7908811387640949,14837.00045318971,2177.6123867453343,260.2139473385851,2200.167767202774
0.005681573055161616,1.9914414478745939,17907.43009015663,3437.6015172982593,118.2145126873657,2985.7173185467204
0.008101295302613208,2.9968456571251076,7019.201421244406,1242.9911837503605,182.62934398272486,1215.5593987667626
0.007759207114502923,0.996974817890344,6932.360622860764,1998.6592608764433,259.0932782605478,2446.397351968891
0.0101607205408804,4.963212229409919,11968.637461865716,5639.376872476623,227.77190867013198,1845.3715013434537
0.007959815813474554,3.004323899930681,15588.460019307093,2069.890471082943,302.9838437439287,742.6162413174663
0.008001547487004622,5.063709250613817,14541.549649390203,1582.939520017012,314.3942514508541,367.1766215854338
0.005809266993085737,3.011729746455977,19778.49959946997,3345.0056321811835,159.80277909164553,1831.7524272367707
0.007769756080741058,2.0682072347077476,2566.6294170263254,275.52905156113786,92.14440763384226,609.6867322501987
0.009940590335479785,1.0085413268524808,4946.907879859423,1332.999906417094,100.5386868536952,3878.6662689655795
0.007899226359445146,0.9940617910477718,6973.5048922126825,1000.6807084684534,71.56791901832395,3060.295025143556
0.010043952350722972,1.1519808837609027,215.80248084860594,592.4989492352141,33.36766569538338,1534.3553695077337
0.009520039766152717,3.0988218173309208,6928.441522278468,2108.5659738703307,213.3563258812351,1534.596639456494
0.009827635696156412,1.0103542338697322,3907.5304762801015,407.6761035757298,122.11890361661385,1952.2984561697815
0.011055745313802223,5.982487628071588,17622.795746636388,2106.4151934960796,293.49423366001776,689.1147286712336
0.012799721051039537,0.9525277504506848,1696.3955869473536,309.38872589337967,65.11773205256961,1991.8106600834587
0.007882453937426459,0.997912945491597,3009.708585677139,6138.144772990272,169.90834895364364,4956.3139408222105
0.010014509653460723,3.0036885811705685,11804.787053900634,2653.0821218171245,225.52051453139555,1473.7670885499947
0.007862164412359441,1.5723874021099757,7748.07775360252,1075.0685412080184,188.43137874397522,1825.6074320494713
0.005718842603772996,1.0122292085835707,14697.633694321303,3340.605313313745,177.96596051465912,3986.4229450004277
0.010027843216450196,1.0317707314413285,2195.259973350611,203.29863910160472,99.31662730789878,1045.2523121840525
0.0079288835603048,1.0044049701378204,13864.68196331629,987.3283166216027,77.99321455245484,2408.711426170028
0.010026308157167192,2.016110672711205,18195.86654883348,329.185913369669,107.24071872842795,664.2724083665246
0.008052669070137138,0.9856473374074156,13591.4959667284,994.6217526335247,123.08307024659238,2261.7553039257427
0.0057258802615417735,2.9966064323862565,9733.930294010619,3286.8975963435823,76.76015168209257,1981.5319888996437
0.00782020904100023,0.24966752502492548,6070.704568829524,3014.4449502345574,177.7012536215947,7014.176141149951
0.01199751554679392,1.203576546309654,297.4096288716014,404.0816952909349,110.17025646507919,1422.6573564418052
0.005920684240181027,6.002057787775344,14585.520399156843,3398.160441316036,283.217208286168,569.2465846681941
0.01007009976323643,1.026303056421638,3016.0027603610665,202.92613793190597,101.13445784239164,1019.0645473534888
0.008052194087150586,3.020950179595529,9703.064112962671,1963.7306591167094,190.6483264554352,1293.3485076189606
0.01021992407737194,1.9883648039771036,15554.15486586098,819.0374308377568,199.94462937369013,1004.835938027066
0.008068871432293217,5.2958318962282585,11593.559607660916,1011.825753801748,36.638917314303306,759.6259090425674
0.008026673803953792,3.452894730818894,1971.517495608297,993.6110555625052,142.39921774432617,857.2476729913527
0.010029704657721706,0.5998379030610571,1408.6394370869305,456.4725200252979,55.39243005655185,3485.4591065740824
0.00991220949233418,1.2486209771162071,3122.5616833869362,702.9061478079806,104.84583044241492,2505.141672275151
0.008039665023652068,1.5762411311198925,9891.35586289756,2739.5136724237404,266.62922750258303,1658.960360965777
0.00821295573921047,4.948441380354777,3070.9034337747266,1251.0609843076577,134.98661371503883,810.8576940981669
0.007286237774840312,3.803353470720076,9768.543096435227,2521.817945134658,286.0987527295463,701.2591581629014
0.010014780065891567,2.005487689721241,17840.13466814896,1682.136410774739,154.75516724440007,2170.4232307379825
0.005762316955100284,3.0734466441757866,6853.9069924106425,4951.355785042368,98.36866020302215,2717.7316776063803
0.007990076515603683,4.979537650117876,5105.407783587267,744.4411706953905,164.96792034086616,603.5626809640216
0.00962031387652827,1.8317984402061618,8115.770987151564,347.8103368047062,202.60065647648895,762.5137384373761
0.008154680117022873,3.0054559927800173,17481.723419495527,1957.7134632252116,152.6304638797814,1459.7860887798524
0.009940774394508878,2.0044032566549195,13882.430799721169,2409.2703489383434,124.67064144260178,3014.612260900847
0.0093404507796747,1.229777670938664,135.73018598357513,160.02479502680876,99.52949851805232,590.2772561339593
0.010848299253350718,1.991729544107005,17831.84399181271,544.5137177250309,282.3607654128247,568.0738648163644
0.009306994002910823,3.050140467450636,11299.709586447754,1033.5923972836692,282.06055530597274,646.0054518861638
0.009977941270726973,2.035952760653142,9830.596427234112,985.2106924572413,111.37930516091593,1765.1164958547083
0.009925418994607376,1.011438115904037,15935.117682390306,570.1114971410199,96.24664672550674,1839.9359612699502
0.007865595680258191,6.026882413896932,10051.065431204894,3985.8998951009958,226.74226438055385,1131.5865233250709
0.007945511600633054,1.5519005384974354,2924.25500258446,1590.528070251313,177.91585411812707,2432.8139298862066
0.00940614365812244,3.094903436989005,18311.720479017626,2978.780300611081,294.6760865767984,1407.6735062615937
0.008139284910445934,3.94502582393591,1989.3252994825978,981.525903299752,110.71965937389507,820.3960989651836
0.009941715061373693,4.973146316100252,11799.40470792207,3696.071137730762,302.20177108042014,916.4666441135063
0.0030019257547924836,0.5018682840677366,7189.563328702066,1143.9582347663177,53.14318930394435,3454.04902981288
0.010852723502136183,1.0081381276648822,14932.671591553864,2012.6876488347148,119.2035345134506,4194.01652254658
0.012612835132215896,4.584665619437037,7030.8806247706825,1350.8344989288535,239.96354543057083,953.5828805764257
0.008004792317378736,1.5753405547400798,9901.854723865896,2178.0820319884833,240.03858557068216,1876.0010636570373
0.00796155914604102,1.5832499459306204,7881.21601613417,5093.868769644054,288.8479740428525,1822.292554553263
0.009392683725366977,3.0412889487039445,7116.704120064799,4086.238053542606,200.79749734604067,2260.9904267862416
0.008264345021946702,5.300180916926178,19475.39436132131,1503.1115315993552,135.13294184206717,806.922463852516
0.010261765190462796,3.0389528242660657,5002.414058747628,3814.7191611483504,165.6798644971443,2732.6684644105007
0.005877781303038995,3.949170425481749,9657.71131995726,3298.863199521006,80.10445381274229,1616.8134566985964
0.003943357466810543,1.4780934893609048,7126.7641304257095,1292.778394989346,64.42282607464583,1816.4389983186443
0.009898231296406773,2.95846740329588,17539.138987381735,735.3459167943229,254.03956878614534,560.3488763854356
0.01005217853933893,0.9745120122041537,2906.975328579715,675.7106877684936,63.32537260656487,3128.266911618455
0.008072883218595507,3.692102500365699,3007.950584749788,2982.849665990852,132.19899333580534,1864.7584173887142
0.008067753376692754,0.9825280638452255,13691.712466556626,983.191341378125,307.91022223432236,1124.4152670276053
0.010020828757969278,1.0117474315103316,10073.126995365099,1480.1622646055514,119.51668792552702,3898.030576666075
0.007833359841654525,2.050165313359473,3439.2847842368424,608.5662406507282,111.77153276146852,1147.683560012379
0.009991197189048909,3.034235660787619,6866.461659466484,1892.7508824706906,132.8645590046343,2027.956409038772
0.009490573184645416,5.615553123444766,7090.347801627374,4140.032436032791,247.57590446653893,1245.1363525708177
0.007626181437541179,6.016666780612494,17705.484924498498,2015.6239282681327,270.0150052928335,527.7483559258812
0.00811359137249658,2.9973729787319403,16299.557992110911,6060.629098868379,251.2584940607074,2808.620173765281
0.00803544026321078,1.5970443833647654,14782.392456826576,2197.814594111552,250.86486947051614,1669.174343462681
0.00795712258381302,6.026224062601272,17891.63733629245,504.470061417073,263.97059318785466,176.988268550792
0.008042205661912138,2.9963033180307455,6789.418810140676,1993.4318836526604,171.90918725888045,1466.591119247453
0.005842739180505099,3.9954120202135845,15653.563115427545,3332.910584158002,338.99233419566264,536.2815592983236
0.015255456168455056,6.029167246555875,11444.047181421643,765.733047053887,256.28614318271207,449.8227473258444
0.007788735419708865,5.979107382251353,13929.002278383035,1993.3201540243247,126.65760413907795,829.4897429033447
0.010806814336664826,1.005834354701806,17771.586371776873,2730.172192849131,262.5725178478642,3481.1913938383095
0.012407921776282279,0.7477611102455368,546.5106606693873,100.42146973039713,126.52323283807463,765.9701105920359
0.006351742897508302,0.9109514133631958,6906.592795381544,1757.0833018930284,177.93923758556474,3182.070338322132
0.010857700743601479,3.9589309083406636,14955.435958132899,2741.0861136227845,268.07463659819615,1195.6489749728207
0.00989891832854289,1.9935193471840593,6920.881129689414,3138.004945148203,224.93888938137707,2394.176023032941
0.008331608156153367,5.308032969480774,15667.636773809418,1014.5430162850136,197.48099531481662,473.61227904958804
0.005982569752187704,0.7892555171717534,924.0734841710082,100.83982104956968,89.36270265388666,377.2622275251375
0.007877947468947889,2.00150332253482,17449.69518319577,981.3955645590075,283.4393134330367,727.6611154953648
0.0079743404548778,0.38724688445687117,1501.2452220202952,4801.667011325304,93.62916159030026,7799.355824797919
0.008067360758754638,1.5771082366174163,17680.439759272314,984.6171953199533,250.62731585627515,959.2094761294316
0.007843738683803982,3.0045714475261525,13507.064326882559,3323.3843774956513,316.04322739307656,856.7901933519522
0.008016763649714235,1.4109765131677694,2968.424570393917,987.739749482716,155.73904916535506,2018.6441278912862
0.012805233495503032,1.9598728998333823,5071.0628985489775,3828.836082051074,187.41162919611727,3070.742770678659
0.006068600370176908,1.0061373640957592,1206.0761477859637,622.8157650594536,55.709239684559634,1786.5037090700769
0.007842816247412001,2.451608533171922,12980.83641657052,1626.8220216744037,127.75259552683355,1556.6827496332558
0.007909312497866581,0.77961031896879,4945.011359576039,4010.745189974848,231.96350170095593,3550.3050354550855
0.007889363200219558,3.046206783671216,9823.397532659535,998.9105776159134,71.85300953365744,1199.5505122097697
0.006207298991089868,0.9102782805585184,7003.497731319256,3709.1874837473597,186.72609156145592,4231.85770588235
0.009994836910735454,3.0112744493075954,17987.505374568238,338.43418588203235,259.4978988897173,316.47997040151444
0.007819508515524078,6.904908206925575,17617.63349306524,1946.6732822011952,281.8109056947727,437.6676146175201
0.010092422404554557,3.064010146456403,17640.38690884202,2082.6733402801638,346.2517767804224,655.9377368139658
0.007995351825480666,1.0001753382247058,9801.092547819653,1976.2117667853142,204.10337494885374,2689.3400763630557
0.0077617716456812634,2.9879017740013967,14712.760501466868,2006.1788110562366,239.18540247739054,973.286386161723
0.008201359776842042,1.977968425541134,2008.891250381508,2513.328981432687,112.31661111156772,2950.2600248138215
0.008024421290505554,2.963997710380831,6813.057675647046,508.12635108066803,254.71053512915006,535.1712286797797
0.008005494724074403,2.9309908505653652,17625.04975059549,1991.7556236160235,239.71727014543188,1130.7518166946759
0.008144504767364695,2.0172454927519223,17541.030315902266,1461.9030943283428,306.0014780189006,861.9322171398671
0.010115335284643541,2.9868908279093205,7002.802495391521,1469.1819422663616,183.32846514123997,1513.3513609182705
0.010852645480500108,6.0011534986633706,15729.791617113458,1007.9882885648523,282.87722958882955,360.6927349961654
0.006091153646641515,0.7927035378564672,12748.17826051044,1622.1790825754997,292.75022761722454,1550.1031785017312
0.015160952774402731,2.4802914042589355,5016.183776427885,2243.9101942654024,241.06274203750561,2168.440878901546
0.007999668555749276,3.011930900261545,6900.218263431389,2008.8773383373752,187.91419078897277,1385.3680626603157
0.008011856300272808,0.7929644539723578,2965.313726094734,992.9206415026596,182.2637894620169,3280.946756867072
0.002989532371803173,0.5002606749302649,7093.274301118225,697.0987825292567,77.3351318679032,2225.436367996932
0.010656730889389562,0.7605223101500843,8364.084322681074,1457.8299654142081,154.57543387044828,3945.755804787763
0.007889502184803492,0.9942675244142528,6844.647318722563,1965.5133871240905,276.9137083952568,2256.495390911568
0.012404176222676167,3.647281670089192,6907.30858354594,2723.380129153066,233.77023187046245,1662.24810061778
0.01350958291947705,3.599150428881324,17370.75726571001,2030.732088316859,342.20581035156874,696.1217316998221
0.009486095480881874,1.8393250178119398,8196.613227042772,4002.403983412695,257.5724971969491,2010.2509435311233
0.008094903056208733,0.7680751697893242,14836.820434879499,2271.6972451121674,262.8417530988692,2466.274682924997
0.008165023124941845,3.6003705212385055,5027.293851290246,1519.3154380279836,163.4728530385557,1193.1331446903946
0.010079602169548068,2.0079455920492397,9966.646462624318,1056.4098204116056,200.51348967146063,1524.7990242486815
0.01333461345356884,3.681908068033061,1768.680451632954,2010.4686606519617,187.4690183590789,1504.5596388428332
0.007870162722660659,1.5749531480868915,14719.179572503008,2183.172009861528,250.3524684308586,1684.6960568908762
0.008037950645682737,2.982949797456206,17653.63105130132,4007.943926110877,254.22074391089407,1887.5735273396865
0.012915493730463438,0.9161341183048699,6974.682510469539,1408.2967484173566,225.024903051014,2906.2182347476573
0.007971183059133918,0.7814729090711182,2914.7019938378226,1718.9967148380874,158.93174193616503,4505.186768054968
0.008012934641467318,0.9935592307018445,17457.765177855847,987.1674978537382,214.4989479857727,1499.137668931441
0.0057379955737582415,1.0089438957466104,13776.165613723952,3377.5979414003073,138.93230100237463,4495.18978665987
0.009451141414683412,3.0630963430227323,11178.952160407298,4179.987447400346,312.11014560518316,1209.793538211585
0.010852614857380625,6.07036500628145,9819.971520961573,1533.131760330462,241.00695515878112,604.7958227200625
0.008053927642453657,0.9952752547627159,509.5595714256133,99.18409165694224,45.416138086071655,431.94199083994476
0.009201299916740235,3.0400622961140784,18046.158837684827,1031.745214927292,272.52989154073475,595.2492616674475
0.01079572852652882,6.046446087803432,6890.418772701389,2053.28772496404,274.6787484200727,687.692365259592
0.007977880309133888,5.11151148710404,9879.701901467713,3199.904840837378,258.5186805301751,864.180254230029
0.008053955938502692,2.9619321880073803,17704.974685850906,507.7165569569349,80.29013729724028,564.8844638041937
0.010004103410693096,1.498566187075586,2792.490724774179,264.8636641391121,51.52396773936254,1020.1961640087733
0.009166559234975965,3.0070992667095693,14120.106690003351,1041.7997001125404,277.04407169223106,622.7355262615741
0.005740897156395195,2.9978874315508772,17971.362050318705,3337.564590314963,261.13854712824815,1263.2471370756186
0.00583477037520949,2.9889045887325825,9889.550470879927,4974.631565030597,195.4250123469608,1917.1689494093198
0.008185790536478235,5.350179100451351,9610.44389864159,2029.6030646240174,287.2469958957213,470.9242187723878
0.010358427729913732,3.844793478121706,17854.281546947997,1012.7933415572305,197.85494282270065,697.0723968519333
0.00779983822753501,5.961195750560628,17768.27258444153,2003.976327508408,63.63343589132119,1036.9109122496093
0.007721111988637657,1.6279203994492968,13850.881742765954,3285.9817320078587,316.4368457244123,1275.7044840706742
0.009239447441341905,3.060780229207528,18007.07135278498,1042.2924266736875,300.5227886008079,534.517208106221
0.00995691700348731,2.5172579260363745,8998.037406889654,939.3364737178013,131.4237125659374,1498.1860854732163
0.008212133676740844,5.029876857903893,5052.155946958121,1499.0156521259667,164.73310007650332,883.4364317298005
0.007907980600708181,1.64724534697771,17954.403774079445,3633.6518652720056,347.30984240883504,1263.4987969309047
0.012592984636412534,3.63884642391991,6809.94761749441,1352.8704088556515,251.28425983740837,1143.8678692908238
0.007951182187449616,2.4702439811189256,9729.57495064868,1558.4432598438484,277.24084630880844,921.3161505785807
0.008040345317781646,3.4645923685377733,9846.912804817644,2013.0486607462456,140.78750877295252,1403.4163240368339
0.010115593395321944,2.0065481440857265,15855.57385427202,843.5506020508433,199.02205458829675,1053.4034031923004
0.010162686676047646,1.5158407485954322,6971.226745521459,461.76609339653635,93.8894371572688,1512.4379726349516
0.007980874905689654,0.4982671994070191,5917.905615720598,1496.4452681430985,178.58266716746706,4437.438866853791
0.0079416794388714,2.462967200339145,1013.7055377406977,995.949886058477,92.13431815827113,1176.5324984819279
0.007947353073572663,1.5576059329887662,9716.30899771554,1586.4690300304615,121.23707950540683,2389.7099854435996
0.010108036893038923,0.971503557111952,1659.0431889595961,1094.6386367962773,110.98630887226727,3488.171194277645
0.009986554216804527,2.9958022039465795,9843.238135205253,721.9073178755567,286.5580356974226,616.4399487515989
0.007737792413308053,1.0291022305520605,7086.849490992895,992.4630222629804,186.50628024736616,2548.6618493483766
0.01295077672967127,2.0008570921283435,3021.2426335633927,863.9792832600147,49.47610270715609,2495.1757968854886
0.006264823806258253,5.49018343202865,6833.46641165018,4067.7142967338236,231.8550433801493,1010.5172787776795
0.009945066415847184,2.4531442926164226,1383.5209542001537,556.172516688215,83.3391348628042,1058.2963768584646
0.009940120826389174,1.5090503846362426,1120.3491430785825,299.3146589167222,54.93726497387296,1035.3974758069733
0.010107067946554568,4.874329558383353,15629.719272658935,986.716338323214,248.92512811498838,457.0536409361559
0.009146986791097683,3.076194598571195,6876.331653772951,3951.3204537355186,220.42732184150643,2016.5453136332858
0.014997633976335687,4.060485963361082,4829.686195958015,1511.0162177880566,242.46097562564626,1263.8740903635162
0.006045812678877318,1.01267935853628,506.3360148552999,150.57616004362959,48.78590930587541,474.79542461152204
0.00820168448794345,3.9662675501553877,9802.669215350692,2797.038867875732,283.8091719421844,805.3464283836263
0.006037646649509347,0.7876377374862706,9658.94599265024,2704.7530711397694,180.21671153747977,3593.075536194081
0.01012081853277782,1.5023976124839873,7020.15009905863,2528.388094627427,140.6719540668582,3379.856164335023
0.009984407716760053,2.473607752682199,1423.6355496787303,218.01820231745805,41.94653610685086,530.0283139880459
0.008048199516816453,5.345329926963149,9872.452544686397,1000.2051941783453,139.7249051164749,632.3874113060936
0.010000376160142505,1.9833614666589237,13881.813209899756,897.5716147348032,110.2024723798287,1525.1350013826254
0.0076521095325168716,1.0038935929054937,7074.750979338187,504.74309335701423,50.470518440087744,2050.5875100531657
0.00992123197609854,0.9973269158905115,13525.303674158316,1994.7590549100705,209.01509866814752,3085.397233815375
0.003985302099875457,0.9962977545876102,5041.628581559313,2491.718854097551,57.14010462770766,3806.9960756374044
0.009951011566199612,1.9918887641597913,7066.530500607275,1504.4098386612807,196.15454695608975,2037.7171588129509
0.007902975089437726,2.9804297445053134,13545.360054782337,501.77121602114534,311.3177136408973,279.1201554998547
0.009116904187300998,3.638313896782139,6971.980501565911,4017.996425690237,253.32367388655135,1535.7933638916618
0.00513354465028883,2.589055213822232,17678.26255594853,2016.2489408006297,298.96324279745386,685.9809694299164
0.010994876913886833,0.9855212545408331,14473.382422380682,1515.0901863154984,280.849561446558,1635.871771461646
0.007981957335757657,0.7701996283853728,7889.877714739016,4951.13798179332,238.5230836243736,3861.8492712438306
0.005772500930551005,6.107417973256247,18133.820148183295,1482.502716721695,157.6988347037274,484.93949861259915
0.012021539400632782,1.4589908604150086,293.93894124153655,298.47074321542743,61.14001393951933,1133.1621273093517
0.010830298379291448,0.9880194466899498,9813.926784101415,1956.470041445131,219.00702651323027,2918.3470278608916
0.010111327601825976,1.0594836991539744,3075.673908853845,200.7667872033007,113.77067004985705,1012.0481977100205
0.008106520492963641,4.111512867478609,10009.856589714936,751.6626701282149,211.28711806856052,561.9241497024464
0.008136048705909176,5.298782920358942,17651.978329241967,1018.9252435009365,237.6147116307656,388.3831758870539
0.008186492013787811,5.380413709872717,15648.618836886071,999.3083224472269,77.85915538082398,625.4234709448824
0.01079400038205712,3.011269283331827,13819.869372823476,997.1749870976582,115.67450739965602,1200.7376489030953
0.010779836289019622,3.9940256703565225,13704.183972228946,1019.5497837465672,281.38378581126756,535.053359192633
0.007945531625805267,1.5909983360899551,17537.86787161325,1598.2907590744878,287.9046240933819,1182.0929701235682
0.008074523677529878,11.012692390977874,9797.562777578742,1530.1314731976652,203.93968178392066,321.876381903823
0.010076993813144483,2.9761275412444377,6949.799699684118,2428.88093958479,262.3499921828302,1352.8481142723365
0.007769820523935913,6.026257858647673,10019.507335150229,2055.977003179009,197.30339966465243,679.3423336294413
0.010811402529884983,5.891593386617182,11857.459846485997,497.43060657222395,239.7992299558624,293.25798870677335
0.007972803738227957,1.9850616765725635,13773.460649273671,1503.7601692303326,137.0381166678676,1630.505019465316
0.0081205384687426,1.0062143456811663,17772.975004345062,493.81814618114043,291.34358356060045,728.5760560781739
0.007847515947065127,1.5805150981523088,14849.272824282829,2168.2335423390273,317.75180906398,1073.668778199329
0.01007169891365584,1.985323184330127,13686.16157093604,1199.126116175819,110.61917327634222,1860.2709414983685
0.007787504090713793,2.10118610055518,1512.4759872287057,856.6411245103776,122.0270631987254,1183.4795369674853
0.0046826101637926195,0.306565168556885,13497.067876075305,4163.80887627821,314.60568465797144,3046.3568200133523
0.009222991674585396,2.43958343860729,137.8626577826799,161.64869313582673,83.61604023485124,321.3394966135043
0.007758204943937554,2.9996357339634665,13939.077846806418,4002.219007604928,183.9867047658725,2142.3539892623994
0.006054343806409265,0.7957776927289067,14414.348965913176,2693.2731225872076,265.2739590266767,2523.8638937182727
0.0076267758300735435,2.6022370099080008,14823.219951629953,1717.1375741888212,327.03322994951486,537.3717649775242
0.007954561742301485,3.00138382998422,13747.0413244412,2016.3362077619263,245.88790543661574,949.5585070310306
0.009949509526906769,3.008103305647674,2996.9938335155607,2197.842793586719,210.88647884457907,1585.7195383365465
0.010114613807694246,3.5808341999151976,6861.723961599351,6517.733422221148,189.5562350447524,2647.6387851756144
0.00986493136270831,0.5979343780519066,3050.0604538985544,485.965618665294,62.61396784294244,3883.166724788745
0.008043689499982265,0.7715407175620026,7829.117205948255,1600.9616205270622,88.92084348194808,4228.807328723682
0.005526861213129614,2.531723955913011,9528.407786725344,1176.0148211412297,263.49068234705874,654.1650486250065
0.012779354215745957,4.601582542064773,6892.312551716438,2658.405286028923,251.80541896666736,1197.5065787728122
0.009915455624078829,1.9797070096564942,14058.297424324786,1869.584923569319,189.9415646603423,1948.5566705445945
0.010038884414059318,2.0289479774163977,3020.7445143997643,683.571235926963,38.264631243651394,1762.092359366583
0.00798604321454377,1.5678844581250784,12914.487989870953,998.0205010990431,203.25160342874628,1266.59416914707
0.005753414101991191,2.960241288132745,14638.171507921752,1480.4986484047456,180.95607881063577,800.8198772593281
0.013092180282769662,1.503527459929261,3250.237618296636,718.2200792094262,43.10088056400915,2982.9540254686563
0.013020381115109043,1.9944212054393684,1867.9222088907384,262.83252259288184,28.724487957692677,1006.8148541560607
0.009999545742668337,2.0313708511434236,9976.559038303743,2216.6114779178074,158.29232165482037,2481.045016129212
0.00817341034054438,4.985490259040658,17821.72923149322,742.9634537869285,253.58063466289025,320.6605116349892
0.011334109904118648,3.658571728836701,6968.365482595357,6692.979189542607,201.39775319696494,2506.9309761462396
0.008054581807334414,5.968721867187754,9831.371751146005,1986.3053064444655,293.4922902501652,385.5083611118013
0.01261946557252061,1.9589266036033155,6930.10177424114,1967.8865591184583,138.54062407991816,2812.7285722211773
0.010219862247840937,3.731405609336528,6787.443853205437,2796.8789464993724,225.23190248997545,1611.8508724499281
0.012150182349609698,1.4369474541693705,298.6970302734152,397.57454403448804,39.54691709910235,1508.120119925169
0.008033103874370931,1.5769985081066717,17725.4437707454,497.5140417042089,143.5772531688325,855.4352653511296
0.013042019446166514,2.7419430634552953,1251.1997546582547,768.6951974399974,44.17460935785949,1476.0698927124124
0.013302500492375677,3.6787124863277367,12050.241293075773,2015.1612270023984,279.26534422777996,985.2570078492688
0.01047664810957098,1.7794971586563346,13929.585199232084,945.7902774451436,316.9438874770189,754.4810765214988
0.008047207817337941,2.0295895187718,5878.502831830701,1458.1981806711901,139.38383926527098,2018.0492367838694
0.008264954161592761,3.0539093194719924,7174.5498573008745,4003.527195162716,186.34243550915738,2250.110924583931
0.008098072360824576,4.025726469704022,7006.2697098452545,2009.8427735926234,274.87530805453395,796.8435966645543
0.010174554170182466,1.1636656634411748,316.01526121143235,555.8031870867122,31.59453541509845,1694.403529834697
0.015228491578275934,6.0265076783357685,11809.409100673409,1743.1078677867663,307.2563312680152,600.9657298394072
0.007904076181613439,0.9884594200326632,13938.083815873877,2009.27771343182,287.15259254948353,1790.6004933789181
0.010816225700149487,3.9989035075223867,7879.399547655953,2019.4146516074939,198.7862820284346,1362.857656403049
0.005806603150383366,3.0227406764673854,7801.2231409587475,3344.8446810734845,217.72047468979932,1347.8416315053937
0.008147461495188742,5.39756796542847,13839.109984323124,2277.276969590421,301.6677103243972,508.34394898216306
0.010086138151229378,1.010517242345629,3485.852029418778,675.3949056890444,109.79251548174472,2986.7096977344445
0.01138932808339695,1.8338039871045229,10521.430062151041,3313.9552369152575,283.79872767127375,1479.705072482661
0.00821104017446858,5.3716755125915014,11756.915752318087,2006.6534829771126,264.31933000907793,601.3456776716488
0.01023858035479688,3.0214301508252466,3016.3601335854937,1595.6787157211468,212.75569207728802,1329.1444221832733
0.008083580438352382,2.9684222590301026,10080.90607656823,754.4930135946023,303.2142818651787,528.8254373639304
0.008099519574087739,0.7841115941157,7881.8804923129,2223.127460994053,206.68912685458238,3355.503801424282
0.0078491888867851,1.5760675497948637,9700.151004417226,3275.4785139956584,250.7108760656874,2046.7427144889355
0.007892750013632288,3.050310752668868,9711.487321390587,996.3710764766096,296.1957465289331,561.550346436793
0.007971240145892764,1.004531945389084,13717.128448253554,498.9908448939975,166.7120017555125,1277.7987330952587
0.010238917024632178,3.8445529953633453,15882.017174016155,1509.5417057620318,264.5129164100245,713.3252561673847
0.008276599676021573,0.396197280838444,5920.617093993414,2234.4568717332995,160.16842542093679,6248.174115874548
0.00571565240266597,3.033149558594341,17699.080747535467,5020.474820158822,97.1895543495186,3102.036419944214
0.010795871063582265,3.0021644764116355,5979.938575994969,493.7514007609655,223.67791367975246,745.9354781083414
0.015246765226414386,6.068902716266953,11854.681318222289,1038.783073951022,237.51563676732937,622.0962454045464
0.008086358036157017,1.5487398859804304,12740.027446636474,2191.848801074738,254.6861032228427,1529.8114216225804
0.013456156417723983,3.6387947847763265,8500.753218582877,2064.412693810091,297.19278780250187,1037.155974364989
0.008388499556466254,5.323307035789182,17333.294993166655,1970.8155933303522,347.1599807941358,344.20962952388237
0.007966969063135433,1.0057179249957993,13938.136552325306,506.0262373120113,154.25578596502126,1340.4710373080588
0.010114593195223617,4.966853192956907,13553.197568635664,1520.1225801688624,235.4745882784549,695.47092230488
0.007902519438432972,0.9816530870754792,9807.618396469632,503.4653054317316,277.9589982578841,1076.5657769787085
0.010149824456726296,1.5109515206973252,3569.1916611754946,978.3990696343199,125.95009096179704,2538.4538793420047
0.010071477841057839,1.9912413599182257,17567.028587538836,2616.595606122486,155.2171343945391,2974.124065829383
0.007651912589281237,2.917706731610774,6857.297787672723,3974.435027280878,166.15022824721748,2339.4669126976796
0.007949121505433521,5.062016305154944,14810.290819355077,3196.0880781205788,331.92277445412043,576.5924415902199
0.008020452796797882,5.079059596556036,10020.443948932916,999.7055978789235,264.18542036323964,407.29856544020686
0.010941933530947445,6.161273676422213,12627.537475703755,2181.491707919858,288.01415667379564,565.0948997222272
0.013210974123199482,1.528569494363383,2694.6562975249985,645.0940622352127,41.73202477950544,2590.1583728180167
0.010163783441182211,0.9910240533830813,3141.1423252253426,940.1307901722921,128.57238876963913,3496.887252305038
0.007875490211367275,2.5031986726977538,4927.269590775864,996.2927257071235,210.08178675050695,1128.683535818894
0.010668334346174063,2.9949512235884463,17803.210083144873,2805.156022190348,342.963852821534,895.0534157371089
0.006087077514156666,1.009019313009546,915.0717476871663,151.07586207553584,94.2301758101552,459.79095745759935
0.007079561438882642,0.9705495057869717,10371.738832399024,2349.849425242134,307.95986931550544,1289.1967865145268
0.010660617136604742,2.976447948933918,6908.203140885777,1481.1674697723624,178.33547198341068,1597.0866930561954
0.008228512164142821,5.333679826005387,13959.647540478549,1028.4352569370465,98.79846610148005,636.1477146541066
0.008082341408642883,4.981801113097379,16025.8453207404,3973.8123466757916,249.75911442563554,1328.7830214593728
0.01088173833462851,1.9893381517764028,17361.899018679494,1104.4698990182044,216.0056597842077,1164.4451479226184
0.008040980477979848,0.9841972728696743,9908.43665339718,1002.2278223066605,270.72464125442656,1586.0595765604464
0.015170709642036782,2.379150875177252,4947.924272921655,1109.5028046310297,214.5349956885581,1842.50439231944
0.007791278946296241,5.946461674350264,9891.751858364898,4009.717020237122,84.66467353866805,1592.4127382465174
0.01097120386943894,5.96984366736174,14713.561014564733,2141.543245866262,305.0090288301978,479.06886558697374
0.007880465422059144,2.962975895589193,17539.69122839833,2018.6834844758257,88.76000626464302,1879.3804577326864
0.008022470593845074,0.9901003566890342,17568.43622812713,2008.96689499203,127.19375052059988,3469.27598992486
0.00959560156335281,1.8143706892579763,5474.234230766401,645.9543836561646,90.9315810315361,1472.8280298532668
0.010103556028951969,2.496354462710347,2785.9196608849543,466.2938801479053,81.36006440684146,1025.1121878765596
0.007723624168249179,1.0186358815907386,6910.114193820653,3962.9289883671154,174.79937258840545,3885.6074872063646
0.005858448196841685,1.019000768857954,14964.973256030404,1531.4750898715483,98.49592933781045,2537.547779994855
0.005176416508429276,2.5886742979853787,12073.53354111349,2534.7592410130446,196.763520978612,1153.4465404663383
0.007688585266466353,2.1122453930213183,13863.689337180496,1517.3632268106626,235.47189899901628,1112.6966800050855
0.008027037602648373,3.4797194372037006,7806.241819397089,2034.1693708589394,116.37904642417232,1574.8665598374712
0.009996652231653044,1.2816431434153417,1947.3657821674267,521.9152171863263,78.54777001577061,2048.3479722350207
0.003860114676483984,1.570122621728782,14870.61864061803,3953.887036824538,284.1206965681282,1510.7769351297625
0.014100230630983255,0.9948243104659584,10927.82405811586,1999.5644860874643,254.79439820813664,2825.532679462684
0.007640187318451565,3.0677254450220466,656.6260485559147,285.67811541684694,123.74740584210426,367.52389532922444
0.005737736462531102,2.011514072995849,13865.653150694481,3435.8488920278683,77.2085359020811,3089.3845642434044
0.010089046618491452,3.641668635724533,6936.640803054027,2870.3698126765685,167.00218698717737,1936.8938340827149
0.010111794456459093,1.0075205669653677,13874.962060229147,990.3828522554436,189.31530344770758,2088.8906554807877
0.010017640880541469,2.017472811531378,6976.397675108465,953.65026697867,130.1502464556654,1864.6087017977216
0.009913986833690807,1.0219925571573887,6958.035957262421,462.1144018645128,184.73697671616287,1951.9367026821365
0.012836773614745669,1.8323566274747785,6829.999042487772,2006.6974909189598,255.75739260117174,2043.8200253396856
0.006219557412925064,0.9145652118772154,10397.603555815107,2649.8965934086414,210.8091519671307,3321.5970270681705
0.01484413608179496,5.98920192271747,9799.43080726996,760.7815945997314,223.80579392667218,612.1950279068592
0.007898219017779307,3.465539970153067,12829.020786033348,998.6656443051463,213.0731640799538,646.2751187184642
0.009942776287996377,0.9670422322179192,2934.833268650769,877.3852837900594,110.63360657035904,3501.5599432083773
0.01079654611634135,2.0044256516875674,13504.750678975159,2800.9984165777505,276.4625944275601,1570.7277927262933
0.01008971146232141,1.9865770492801347,11535.377842220898,2188.180293812852,127.22283453334,2688.8697056099386
0.007829656753970763,0.9913421306766674,9748.720504172199,1017.4088616643127,219.56443945380377,2089.3723026631806
0.010026575645983542,2.9641938990822796,2998.6017688012344,1590.4759468077264,130.66555541652363,1786.2970081591623
0.009976196943236568,0.9727712439792413,2864.79878038452,255.79544687165577,34.94753355235653,1516.1091068807948
0.01319795540909475,2.7875404334482923,3469.4247807879347,913.5367956157387,55.0037419712873,2026.173502888858
0.010091755957259535,0.9498932918458796,2092.1836572756197,1471.6626467181457,125.79477143851291,3928.542866499536
0.012576484259380178,0.9169112053984362,7136.840585460423,1002.7640828341879,209.72856449557727,3045.3974793346038
0.004819878614022603,1.795256885044154,9683.520378113999,2833.5150547268177,232.1431611675163,1245.8542212795212
0.009975386310017547,1.9966569789488615,6983.856860142988,3989.2521408823136,176.74388643520987,3119.9798437730615
0.008154927785793187,5.37524152403697,13490.38218786499,1028.9260998854215,288.9550272237269,290.81647947523834
0.007910328331616468,6.099848305481648,14785.350767127456,997.7520997756378,141.59071118252015,475.6229415093451
0.010017473998878543,3.0190907099138817,13977.13387204236,2597.756148962917,317.13336888156476,835.189984311475
0.005818390098978974,5.092758539051512,13517.846591501419,1468.4908113164968,259.79878488927017,371.4883929866967
0.013824561512613033,1.5211655606247616,11056.279030764048,1023.0140390437724,264.0901527938646,1582.7363363128159
0.01286416288056358,0.9582547235346155,2837.5791856776386,711.486380375156,124.82331654819139,3503.700241013791
0.010025365124271476,1.9863363272975056,13765.722834034688,1051.9241486757687,112.7327463726829,1652.5780869070443
0.01044723959605512,3.8189875032871816,19467.782675267394,2742.2276270252296,189.44650499229627,1846.7073155751066
0.006163709951053825,2.759329689930677,6802.836341237388,4057.022089464943,235.38389417726387,1742.8290483414116
0.008069704896379629,10.877710074229874,6888.595882384657,2005.828872266865,140.70769950701592,551.7880093693924
0.007236296129315679,3.820737846387465,17830.18810565775,3448.5574041383916,273.6330746383688,1185.6492301297224
0.013050443896698075,1.4884572330238377,3420.0156398523013,430.76240986832113,36.88638553066705,2062.8171815305254
0.007813365821411863,1.0246181006607584,13682.033193589396,1007.5954058854204,191.17827239596306,1734.0413750892687
0.008052830351227313,0.3940132157094564,2601.5139179903426,5009.263011748514,126.93108928724182,8453.709287353107
0.005803692153274796,1.0122531593601576,17671.268200635765,5028.671183307068,197.46520097330884,5231.178544892512
0.008213594621399851,3.0208937898476114,16082.725844214041,1260.8294533758228,342.26213507223815,403.37336398627326
0.01253292638645929,2.706074837027424,6988.7432889955435,3793.424284300742,268.8179096400328,1892.7393938259056
0.010881282870571359,1.0065915550578506,7922.139392576893,1500.310220965535,177.5220783262868,3188.1341242130525
0.005935758998694858,0.7902695294256588,9922.95845328292,2672.107480341155,228.8087232935748,2833.4523335463314
0.013003991262141126,1.7522120360498366,1958.20350422246,791.4289568464334,46.00501451050155,2452.520245192389
0.010013497787025398,2.458019447519891,2444.375433349317,1336.2924931177474,135.43997987651403,1735.5097741086793
0.01004459188681243,0.34914893318629003,1339.862328231696,1930.8680580539333,40.408191531046285,6701.430196247768
0.00997943708782111,0.9570945728506499,2801.777522628925,356.56407819819617,58.48234755849929,1929.0183123028476
0.013164010034139072,1.9876657442628436,2454.5630902418375,630.7241076348365,43.89745228331623,2011.7087418040842
0.010134031173983857,1.005305587231655,11836.603326958793,1453.17150086827,123.89188124728533,3334.6135551227876
0.009959175812172394,1.9814453787152586,15993.244711657315,1486.4523973299763,218.51314833863296,1479.1539240524057
0.010187304099002236,2.0199985339599134,15938.496557452056,370.6091960516933,134.32788637186627,705.0735137522959
0.006011313814261742,1.0067215284176367,5159.324274629572,653.332473739811,67.055989902154,2301.9924143156786
0.010801148360141682,2.006705185901915,13847.911500262417,2732.341250176033,301.7409473221438,1317.8645741738399
0.008105635089816045,1.5680659774686188,7887.379880459303,3226.80239657144,170.1660018947236,3085.7993349310664
0.0077611889810148375,2.1038532206477325,943.9133938421097,775.3029784144032,127.12841502507634,974.9594523691887
0.007889110475802716,2.9636341188553845,9851.458930409974,4015.8026865160023,190.23589484094208,1894.0391530842571
0.0038554754278600344,0.803815024209503,9809.393227790491,5068.011430018614,259.6955789772439,2682.4940661558862
0.009927207782738296,2.0077664444800307,5014.289020362265,6179.42235781131,178.9869723836478,3613.0291151858723
0.009997689091380322,2.990366083376017,11958.132733477794,463.1342401958345,221.6655913875634,527.1963175734345
0.007952973060393406,0.7847769180937421,7812.904444449969,2661.435581837397,206.13332898838496,3691.8254980147376
0.007691581099029207,1.0165159812554703,7112.282767907994,3977.802173801552,138.3667292771676,4887.146290302718
0.007776084924964233,6.039117669244499,13967.19857257353,1002.1625077650076,134.24559756151777,521.8440250368052
0.007928838642659697,0.24093286699128952,508.22447606069784,4804.220260357097,46.62627951401443,9746.511557559845
0.009432250203764276,3.683078156318707,6930.461348825254,2757.6169628026228,222.43611335764325,1467.5492373930529
0.0076668548006619,2.0823721176473806,1538.763572917895,360.12049615095617,101.28067544000969,754.8295658173053
0.008193892135343633,5.3773845824246225,19943.167301683367,2019.1548211362053,328.02476538843683,440.9039623620672
0.010646063330971471,6.04548531996287,13520.99515475805,1521.1447647967566,134.4369995296503,836.9036567425196
0.014193975811471849,1.5495420357260183,11284.956152491655,1025.01607621534,272.8577650820993,1473.3732112763557
0.008045066449446293,5.012970331814153,10035.3695546549,1261.6214853627714,211.38942981916617,584.2649778830929
0.015225412661668955,6.0287214935399,14580.590080956656,1517.8819416677152,263.24672007516443,674.4636793071311
0.015139211065824488,6.034372713998752,13760.94903356331,1410.8504657083809,260.4892439009379,651.1152863871274
0.005771772895583557,0.40146435154560095,7844.477215326012,2193.0315394030026,125.91304832516937,6016.051868206547
0.010004239980324365,1.9879816291695116,12202.918616057495,359.8059134986101,105.1896478990522,858.1465845543061
0.00993171613239338,0.9961346075710141,15751.962794022087,516.2247402838668,100.85497458656128,1747.8825203943209
0.010606701783202081,3.9923061066313728,17463.46343780556,1527.0129712577364,306.14610811260764,649.7987001003368
0.007957787843930381,2.550009990235994,17554.83856601686,752.4729186074842,305.26412647534823,399.7491157182296
0.008090459404347383,2.9982052035369127,13759.399233420365,2010.9511341383864,194.9668235572001,1238.3499118412135
0.00811604828790782,1.9922335077767166,12013.965208010273,4002.986609672379,221.57129375011607,2423.3928083910773
0.012712912292137217,3.6704227950945354,6910.810917408498,1954.1731159537105,272.2509066183871,1158.971296848567
0.010109929674916569,1.9911549909391364,7954.743363490014,437.50716129869613,95.82005008077745,1158.2741406953533
0.005887691055974656,4.026261812449383,7845.534091249958,4875.364214959223,97.02435237493447,2182.198340454759
0.009946726491825462,2.2638045486948757,782.4160815242362,1257.3183517204325,111.52737070013337,1524.9864488084274
0.008168282158935489,5.323064694967229,9643.066522548379,2016.518951405958,178.91616291833222,893.8684514916067
0.0077864030872014075,3.025745305082803,6907.998902296479,3966.1101611348754,105.79759810327359,2672.679356474864
0.006091623702830374,0.7953942967948842,9726.245956413562,7562.60501891892,273.286957063145,3697.7092883102937
0.008058523721364796,2.4404833347561365,14888.301251359508,2673.640662235867,262.7092474197169,1318.0260456841318
0.00795502529421924,0.7665953871304763,4897.188503720252,2184.5101159075466,160.98910780072984,4263.512161360106
0.010221968749690412,1.0148033277121158,953.638498920226,1027.1858844586766,118.62861046942352,3009.047124267231
0.007960307359048902,1.984257009260861,17972.560547847843,968.4043438848792,219.97705833049235,873.6938987589438
0.011035971453586877,1.0037211272074378,14984.486556651285,963.8839038385429,242.2455018325128,1743.2154165950092
0.005892656147978579,5.958159993203934,11694.046368708932,4883.347712291198,137.02053987690314,1376.2277132141419
0.005867610177671317,1.005890273198262,7920.319279702747,3379.559532076247,182.2934525670899,3396.0066943388474
0.00793399157212946,1.5487921081919136,4871.189554442174,5095.819861320981,181.98185755578345,3531.0323110718077
0.010170922873956384,0.9870723983233832,15724.537029713798,1174.825000851909,123.04173193286739,3005.6268184826404
0.01097083946562549,6.054611841241383,12768.654528264791,2145.817965530811,212.53599480664445,826.450935067587
0.012948931036872302,0.9547406456148375,913.2694501565442,338.9042329785528,69.76941929969179,1955.1622232500954
0.009977784730492094,2.023578371073728,15814.263727629195,376.25207989026796,173.78107043730205,642.7440295483574
0.008133651211183299,0.7808171553214371,14753.812649782114,3992.1519745946966,311.1866582747184,2633.115965274315
0.00823854634845635,2.99671847238966,13658.431915599711,2008.6637688629849,297.6291477684123,696.7802781264365
0.01000092587180485,2.0063080754364013,18335.308732479454,2297.3851791545503,155.0584255238481,2786.526212150807
0.008111055454515551,1.6464051328391993,17576.605504049847,1473.6215883392772,272.3137694847849,1171.0841753528898
0.010088653305286925,1.9883332551142643,2052.757033708472,1481.1865759618736,35.87201472008645,2778.7018470495777
0.007909853734163582,2.015569784424857,5836.257566727628,2001.8295006422486,38.915842042240456,2999.8554928683347
0.0057843631259880506,1.0017696257883268,6737.7516803327435,3384.5783705995386,98.66896966170003,4615.993256639252
0.007907854019780773,3.4391282801349865,12727.484898578032,1972.732071387387,278.4228553322889,739.6012271882756
0.00998637188151767,2.10905693611411,496.5664691769444,701.0986031400137,74.6787144031493,1086.661515908717
0.01000362023883411,2.956742969731708,12045.58274072032,5371.951457646443,221.63308200098538,2759.5871474508726
0.007977923598588161,3.4018923481815255,9805.141002661907,1985.376890624726,280.16377590362777,806.3313668682038
0.003937071858223829,2.0573804917765854,1071.653687653871,782.6982266705272,58.40991914075179,773.353134578033
0.008025118322238067,14.90371776078895,13850.793256105091,1527.071978922693,197.47659152070767,224.8903336596625
0.014369045154615272,6.006115473000183,15491.542446613525,2462.1789542717847,318.27837664667237,698.5175341482116
0.010090706346124651,3.001075073365915,17504.161345947727,1618.1589691264273,342.3104619766844,582.8234431506781
0.00808723872401187,1.0016693106216075,12169.684265208069,2976.7291545768026,316.64757633951507,1487.330384398221
0.008056597995404936,5.059499547546636,7033.239312382321,2017.3541729074204,278.01127218477626,657.7621710592571
0.005827760030409513,4.005283080163961,7007.7950317402665,1478.5875873024427,261.73512833335786,631.2505525396306
0.008041893561994915,10.981168609453126,13699.123019085404,2048.95959837687,283.8366910920113,255.62021874510114
0.007985309608573285,1.5781461585609515,17550.640049469657,4017.3311374570326,339.95658310354037,1730.6643187411103
0.00800740395830625,0.7872038188907706,9877.312757268584,1012.3327836507925,149.6088863326552,2574.713756631493
0.00998031804124365,1.0241924574923333,4100.501182180705,220.74537930142725,105.18230896520546,1270.7015026500542
0.0081849176080004,0.7885665101985667,7856.255016368003,1589.4544223876444,149.8577571824777,3574.1036585347274
0.007844540924525682,5.9815260775887085,14837.637413867807,2040.862382370532,216.88176042723677,646.6766605466613
0.0024346664043606494,0.4967052780470554,3106.913327508258,1365.5819296713546,51.568347125330035,3347.119599836677
0.007912105966055679,1.6691234869033726,17617.15213523034,3988.539898359499,331.3795547149866,1731.0149985446656
0.006785986441124558,1.873133074896051,9739.14260587252,3261.092647154046,279.84003439783663,1550.0132260758005
0.005593067245691651,0.4364301265915299,7115.787456676694,4087.7775703780317,213.3393749822194,5701.223874957851
0.009970555645825243,1.9777541280353974,3058.827683470561,2006.0205554233826,41.03606512252471,3471.5160409320615
0.009952248382660314,0.5934804825497836,3031.1416679606114,397.54897723500574,46.59654950103279,3396.976477512803
0.008047210433964565,1.543686283667486,14783.642207331603,2701.9440608826117,264.9006000829798,1807.9940738925002
0.008058789294866423,6.002191599251152,17817.422978374754,1986.3552000346608,264.1661388872319,588.9518627999049
0.009847260946180419,0.6058187947721244,5907.487178421221,3830.2705972250815,195.41712024027137,5548.486964730221
0.00573470222083637,1.011157888409894,15584.293166883606,4951.5651657916,280.65874168187537,3301.61354171646
0.01286128874067586,1.9258012554700121,5183.37461986738,2670.788272981927,234.89707758422296,2608.944740608282
0.010713247304420123,5.963625099540843,16028.235067677295,1516.8960502397592,239.45235069677247,603.3673755604127
0.014925957585085144,6.097801848344218,11657.558017186857,779.1372940909416,236.59365350513778,491.76171572482593
0.00796786939870239,1.556466696115041,5005.843085353508,3204.6992450885036,180.26497014693987,3191.2555952063262
0.007512558915712209,3.727588218003558,17582.40679526938,5690.28171144245,244.28720115473465,2065.664357797691
0.007784533460447898,2.9808700998789575,13544.558040532707,2009.7751636972898,229.398464301282,1022.1859034788504
0.007947942520480129,0.7768288184770011,4845.308116282215,1596.9848211172427,100.39505825423339,4420.362098431437
0.008048083512189106,1.5817078628777248,7829.386976258794,4966.084107570425,248.289093339358,2409.5316913098363
0.00630521276323272,0.9260708054404608,6873.681465969747,2050.2737178802618,108.91506851279681,3943.4123102932153
0.008051228802851381,0.6863260846447914,9816.662314300132,4996.959174986464,254.87302633419577,3964.3771808364595
0.010013486510735805,3.149172482653253,1947.1179027159174,280.00332885887855,138.33772561405016,479.87246971349134
0.008118532209779641,0.7795282236673213,9662.472726588072,3198.699909474894,224.35643406320233,3664.8890327998956
0.006023619684765848,0.8004778560285712,12813.134456754748,2212.5044365093654,181.10105004607246,3200.7951704805405
0.00790932517535029,0.9770210424411926,9888.527148447229,3940.7959799504733,135.26909705939028,5853.70731857913
0.009967466840989966,2.045055586605359,4941.871386091607,1498.0688249385496,163.96788018446486,2359.727372575157
0.008169409595072206,6.045663160369454,13671.289304488242,2758.483910677984,323.61968318974283,456.30372299382213
0.008012281770278204,3.9603058002187845,7070.9795020984,4085.3554151355565,187.1134006507352,1850.129392506234
0.010318273730448574,3.754128868267511,17772.41387774894,1411.9982088071508,259.5482068584697,688.7870538772318
0.00794016917280286,0.9980651634041929,17559.102666378145,1999.9056196146269,160.03566150442848,3117.7950782115513
0.008125125478294469,1.6200358967027362,14780.360305106584,3283.3700579111464,311.2544579402076,1415.2604197175738
0.010106221072561192,4.988400290204593,11845.481594633082,2864.237192011652,304.02582391141954,678.1809639783552
0.00589070295632832,1.0027083173710698,5815.767763195582,4975.555022266737,200.2123769118733,3651.194777939541
0.00989011409667175,4.97140820179094,19865.21898278403,1295.3492837047474,342.6791814029395,315.54069761853657
0.008024092592653366,0.7787419536323174,4951.468013819784,1640.1402800967132,69.5829851402338,4704.787608598266
0.01086790121559119,2.001057459434792,5982.290661349367,997.6012260616927,200.3635806824922,1824.558445381144
0.01006967633989262,2.0012860945689224,18033.665004395338,865.7088698337576,108.7078318161502,1364.890005657031
0.00994157206156198,2.0198115560477747,13936.015624397256,1177.8902388627528,109.10718044144976,1763.9067659934278
0.007837949110988394,0.4949635300592948,7864.2489342507315,996.1576292687932,256.4729223252112,3013.209668086123
0.007991499613984617,0.9969690741137848,6972.596894526921,998.7861466368129,247.87966711099094,2327.083146855893
0.007970411182480477,3.0302215305870432,6840.050085825361,1023.0349714778012,69.12734115547319,1356.9930894846912
0.010027300713809119,2.5023034131672106,1107.246805926558,380.79551015385755,57.75187708512873,776.3625044226626
0.009970079586150295,4.91337516502103,16096.759634650505,508.61788009451055,251.8069192412775,300.1720442168689
0.011016054307516869,6.0506856364012815,9776.742810149992,988.4281348960469,157.60320333462133,648.9937889819095
0.014093565675437554,0.9877176188733732,11025.393279192678,3396.4791430791333,291.18686581590964,2484.59275682957
0.00809449433269032,0.9951136834081215,17873.103836725517,1994.7521894365902,144.54213267535755,3234.1048889929493
0.008141028708162407,1.3994730397800885,998.8355368155312,1015.8471008661108,102.38424553843626,1934.1767823972978
0.004006029577818351,3.0866802160099875,1954.9394525316757,916.9388038247773,57.51789741841896,651.8162753305767
0.0107405949269964,2.0240439982912077,13726.006549213422,1524.6726460127138,327.07017785125777,787.1087966217717
0.009846675901205838,3.01930525718858,16036.13652127807,1734.4378706327034,322.0354211258136,629.4101144395636
0.010621015343796876,5.896069319160051,7853.402791840564,2775.1462982847765,278.54803886490095,819.8571477892765
0.00786434748307399,5.971174260260998,17707.790141700465,3956.4339451111578,228.67918307619837,1332.0778974929358
0.009991229589289852,0.9651129706840078,455.96784831622966,512.1341449764986,62.327532461555165,1839.7705860035605
0.013985000432974634,1.0022890009133938,8599.364157700826,1652.1632176739308,257.80783727172144,2592.01881529889
0.007839246218953976,6.122910932085196,17450.685702946266,3879.916737997236,138.2398420961523,1720.0826300275276
0.010663272800787164,1.0013800192408626,17334.31838951024,1505.055203473388,219.70157325871824,2345.563568554387
0.007846339702821663,2.0003520205466194,9852.28863896761,2819.2703008232525,98.31561548962617,2982.8317493152836
0.007964579239052024,1.9758128892552547,13033.011184104269,4979.410452057945,319.83410251858663,1469.916084536302
0.00239843267659831,0.5038614934533209,5158.272722070252,1712.6923084920295,50.447073476644455,3833.4809939414777
0.009867659108046364,5.011963515018705,14293.911478301077,700.1697236774551,241.35063454906694,410.1352638266866
0.008147377632565638,3.522465328743034,14751.688487649675,2034.1168971316056,180.39318923343922,1175.710510635585
0.010110008184986937,1.9898122959401354,15998.565473521629,743.7363084195941,130.36892486352545,1184.4571212849207
0.00806191234926027,4.933913055492467,16053.422549099922,4027.4344236521097,329.39347810782135,736.9832902284529
0.005848662915342901,3.00668721050432,11730.314485151777,3314.0885115152223,97.41680207571265,1904.0455100936233
0.008044473155290634,3.4947134041773915,4887.849530665451,1984.6584933006873,134.7379073306896,1544.74293035546
0.013002035393976073,2.234395706971223,1729.3762868021233,836.6990645484432,48.089329620015675,2018.5958192678936
0.013817013244273224,1.5049694033998922,10868.840497594247,2707.649739162548,298.26319514624686,1623.9583756668546
0.007875539135566068,0.9989606314197951,17574.658630092374,1979.8591715949985,160.39324601988233,3419.011663575696
0.006143109473126694,5.111607965590265,6978.710178323551,1361.9221617506812,262.0860345640037,520.0696008478491
0.00805267954252169,1.589724424880876,9887.705835172523,1561.7207446693922,269.2973410575097,1411.971869763957
0.008145377783099978,0.9968698312688903,6884.559296750647,3962.1550968647666,200.429648765272,3755.7867879067826
0.008054654830912654,1.9849357076973035,2004.615323291142,498.80364657224965,112.82249301760199,1071.440257485403
0.00984871470826502,2.913170857037211,19732.880920757412,1052.6828470812036,259.8862446412518,681.3363975453698
0.007873053653804704,2.021398797757536,17479.796968539173,1471.6886531884368,158.25627759068408,1614.4565462476735
0.007990282354857716,2.952154508166686,17383.800641224403,2023.185266037645,284.0494362522791,921.3788240586903
0.010060124008067599,2.993661566028562,15796.418772284262,487.42740328630924,242.0212085084489,433.7906153609519
0.009919602697711723,2.996909961326704,17398.865722593444,1145.512605902291,335.7602880445637,436.0615072224463
0.00809822731481859,3.4605702957463342,17879.942438280803,2046.7069497191171,268.5049640323806,841.3163304243478
0.006101700486087103,0.9902377670954154,2055.16802570439,793.7169396693233,52.615501530308194,2271.076327735737
0.008150786759546863,0.4995510337736034,15603.977795989998,1524.6047341973133,280.81757162678974,2464.022114224163
0.008184043882367188,6.074672439306427,13675.296625865196,995.9989687059335,73.26822342203462,586.3655687421157
0.005858392376337309,3.927612106304591,13658.132436698648,4983.382360005285,120.43710157140724,2160.294055333128
0.004991007990065305,2.622642557960858,14621.935427173728,2034.5461558908235,277.0825152966348,661.2561321664531
0.010038784155146264,2.4702452650971476,2654.008927261198,314.780819440376,51.272857864782345,765.0524058344622
0.010746635123742932,2.9923203557929634,14692.041677586702,497.3976762603578,284.94831284215314,415.85702926810444
0.006178135097285818,3.640613762768811,6893.706017837604,2731.7806547181885,239.5503700778514,1019.2234161554793
0.010829064243781958,1.9889032033233063,17384.8584649317,1505.8952148509031,241.27554146002916,1415.5285924148634
0.01208706797793408,1.3934143041598108,299.54456775849775,303.7932574827057,26.201412280958014,1223.3241674125297
0.010154183672886863,1.0064832068200742,1090.0302041278594,997.0979655972355,115.82441428706788,2992.590986296419
0.010066966569292226,1.2327971917179212,2553.6388771482857,210.53232117874447,42.135912528070705,991.4855725479975
0.0073916404283336816,3.7997355705095095,17597.283070697755,6478.9722774591355,273.8248286341294,2034.6463918892264
0.009316160305276978,3.047991182229052,18192.6246145295,2062.086841286472,317.26582665464855,848.3952879191245
0.010779315724807222,3.9708025586792792,13894.672019783484,1515.1156270715474,273.796194222429,625.0084250945428
0.009829637349696224,3.1987334788621222,3835.4593782755546,437.2720174286605,109.05680451298403,764.123580520896
0.008099802346722378,2.9919087492711878,2029.8161412530949,2526.2987911372707,110.21197360732069,2006.603011447453
0.008124494239885887,4.086549463354935,12116.820831896584,3998.812363051693,221.62059408388646,1410.5342864047514
0.007880837546180994,3.495603302867019,12581.425169834285,997.6912034649548,234.21434488055218,611.4853203469706
0.009133230486189336,1.7197424957041478,6982.483224748727,1948.400586443002,252.35225941997092,1987.5750040537562
0.00799844993043092,0.9944726071491024,13904.295152388815,503.5991932681387,73.31555092627104,1688.7688115625529
0.007998725918504599,3.6578872215042133,15631.860660264183,495.0520293740219,329.2226048352112,207.79558000469962
0.00791699326106618,5.976822834298497,9997.104449321341,1034.2179543443872,99.91669566248392,571.1932172748782
0.009835681280722769,1.9931479033619182,11494.859934301452,5605.689498588861,308.15325447771437,1870.3726902959036
0.013089493641188651,1.9853571372327246,3112.553602274136,614.0770357999182,43.36106904899768,1992.73802162724
0.010129909562733425,0.9832962717408146,12141.648908777397,453.2492016160886,95.97787584749899,1917.4207381963702
0.005801867368179309,4.915671029688078,13748.907291630489,5029.75541553034,181.3464845594421,1448.3098131295212
0.007946613792794644,0.25124287678671753,9957.075200989391,2004.7057120757445,196.27339632662824,5893.951323757694
0.010769172854326341,2.0310172270200164,5763.964226247923,1107.5054449686563,260.1495640001975,1569.0664552733804
0.006921864712669113,0.9668596925696888,6956.803623461574,2508.1901299105784,273.24117491908856,2571.840605235202
0.0060829169511157286,0.7926496671993951,7695.270082501487,2708.38126353817,279.14081820376987,2410.3583728512003
0.008129798259772517,10.981556994977991,13810.193945854044,1009.6907461183412,260.18739844989454,162.44501585569486
0.010870522079913465,5.719360055303016,11681.129181990907,996.3833390074994,301.48494166588836,297.56833790365874
0.00992079794014076,2.072086429593516,764.1384896773994,749.5183925029297,132.6639498978473,1180.3883341775531
0.013214417804429668,1.7718789446502539,2259.917455605699,221.19600554156014,31.59964935859639,961.7616961915928
0.012756841893153422,1.8949897815674888,5170.750017715285,1370.0758106794572,252.11278155876533,1937.3406323326417
0.009930167632318167,1.0017317971064226,700.3331786415437,64.4125845784491,60.06605806894557,358.8206653354296
0.0077955304390162255,3.1123177429782722,1112.0270377858694,529.240293357364,123.47582090223379,568.9967712421309
0.009873054889690218,0.9951525598634864,14074.768473517055,1140.0547504034903,191.4432993912854,2258.890643268246
0.007965362790790657,5.977640051300644,7071.713360443703,1252.5546741470635,274.8689567666461,466.0573732960366
0.009896274823294096,1.0853392554262644,1172.3380200297859,204.22278056619191,142.93675465551487,1004.3294691137187
0.010251900065099366,5.0090709599920356,11992.154827500633,4954.306937734157,223.59629240656344,1666.4188543054884
0.011083807859013107,5.98092825805874,9900.344539077323,967.5803094893193,237.18538131185304,460.9633563005383
0.007803538195838982,0.9969804969164113,6786.443197229694,1000.0906607715506,132.28151616485917,2794.432654730657
0.01033002646039188,2.4153328102629454,6818.092546566038,3038.339677617267,247.10993259024687,2021.8768546011156
0.00398060019771045,2.0666197114526477,1864.5954967557932,720.3389126492399,57.86013322478138,764.6653645767358
0.008051183924649473,2.5550261138713384,10038.66469046213,2707.173742565255,239.18297788994167,1448.9855349433112
0.01304005410543008,0.9717491678646687,2055.13287245377,383.72725011201476,79.26402033589599,2454.6712122704284
0.009334690911062425,1.3677522292254283,7181.699338636726,4031.7562277993957,278.8937693304693,2285.262808648824
0.007959915131556196,3.0237544545481505,13842.491876866641,1483.1066094452617,236.92572272218658,883.4115785201487
0.008160727613081795,1.545817973386256,7761.535989307387,4967.268576525439,261.43175259296396,2158.7735332224834
0.00803820634119602,0.9960074495034006,9963.725940909972,2014.438720097472,279.0921706889887,1906.6971024573782
0.010889799962806757,5.94836716587696,12585.044283658974,3133.315595308601,315.1287266664182,615.5333494996315
0.008059996208625832,1.584778297567286,17790.868201960777,2191.966373698547,323.8378046059594,1185.8460998752682
0.008019866967730658,15.002155384178439,17624.433587468648,1977.5195080927915,292.46413486969703,224.05685825415694
0.008033445669018745,6.048555104885954,16135.832053140311,1257.5036891110658,338.17113977430125,220.76986600076305
0.005977045744952757,4.750938960801954,6877.695580017259,1110.013501155864,255.51243917120746,436.6532147665161
0.0058126374116704675,5.9016871002081235,5900.281109986419,3315.316948163554,216.93782897662206,803.7035416271041
0.010057945908113005,0.9905770887510068,14073.714404801798,2100.9342875780562,218.34729688351555,3059.7781643323465
0.010256143078034002,2.994394598446337,14283.139208718452,5426.245728386407,313.35230002129657,1701.3460106702694
0.00794930495695323,3.0345257519133053,13594.326184837642,999.1810996653983,133.74854561712692,903.4488323971378
0.008006518328354178,3.4686003776074172,17694.386381032367,998.2789901176534,188.1301048006633,671.4853800686841
0.005010455797575442,2.6045534220801505,9743.320817217751,3971.9706372069927,274.511076444384,1162.2570693919497
0.013371607815104304,3.6586169512422293,15195.501471874788,2071.8623379748374,304.7662331469262,997.6634994722741
0.009880426751222115,4.935828799869957,16269.52834408041,2370.69239983243,321.5392427703785,556.2796677315152
0.008088596241179948,0.780036128472305,2932.7802820629486,1594.9240112955015,191.15770596502531,3919.9510919905365
0.00795903647595362,0.7676517059773031,9794.151112407566,1604.4830394214828,160.48319087127513,3514.4481945749462
0.010418942696599003,3.821306747985132,19518.663434625498,2295.1746926707087,338.5501898568493,713.2946753191278
0.007967682463259664,0.7813557874470923,14602.927131867636,993.1862742091305,280.08431064060017,1340.4288644533108
0.008147457627671446,2.008413760945082,12063.980691230356,1259.746236756398,318.20291387089367,707.9974912719168
0.003002019781824828,0.4941995110403625,7036.971036071512,1307.5986048313407,52.49563050042829,3640.8762108042692
0.010007686261388085,3.005283851892764,11754.90033045072,3004.0244558427103,299.4100319744217,900.6875338109248
0.0055096069828518765,0.43233147419261947,7091.020724629158,1011.145410290134,205.69134985789967,4113.527773797535
0.009995964694468128,1.504466158966784,5015.350589451448,637.7869425774894,98.17282511971705,2036.5281121980893
0.007908985826400403,1.0201830581382403,9675.436991899027,1943.5984618207108,235.6040846609718,2367.3765391524485
0.007976669295372989,3.4859581163928226,17745.32807583691,1970.9804299699938,249.34198830204156,974.4308933530345
0.007977222912443101,3.9821159384060523,10175.068127041992,6016.7978897018575,207.5364787642427,1939.935029373818
0.007973522363740973,0.9968904104233814,292.1386179235649,96.44819905890532,51.451364552684815,404.0821529751631
0.00988331348277612,1.5056690150572998,8035.774926987682,790.0444286883749,83.3984806536037,2169.0306606310223
0.007942206632570312,0.991447443003311,9797.532271897355,2004.0659176618271,281.65160477574284,1753.3825882146987
0.01002434104307297,2.027951820672058,13636.454082039418,1296.5199431034002,109.71267746159187,1858.8224335578527
0.0076637157957182385,3.167550015250611,2760.0809084120915,431.55834629454745,159.79819901788252,541.6944810947028
0.010778951919272901,5.95022712939783,9860.663894572386,2007.757416149108,279.7047382394045,594.5624463796639
0.007877535940616414,6.039583433398762,16349.847014112842,2969.3517688817483,246.912177296996,882.7493108941975
0.008059512270465054,0.9970927892561959,11796.066889129195,1024.3347351991592,312.1201087153179,1172.2253685651776
0.008037500367441237,0.996395145829477,685.4855024761688,100.71321656903721,83.77852551232439,416.181559815335
0.009125087041812942,1.2215511299616226,135.65062669793946,163.033658431395,87.3287553686421,633.9655402052447
0.005970537511047682,0.30153243930494933,106.62239112615225,99.17688279682325,22.916487283042382,908.9634005492373
0.00798019684239166,2.432761376069988,15054.818084374048,3173.6565914727985,272.87045203926823,1500.678904056829
0.010692252091686519,5.621877939458753,13928.677151263906,1008.9151306298976,208.37191112084247,538.2461757911328
0.00573968157876086,3.926692658147927,5897.300727934373,3340.543164001085,162.05850752234045,1376.6744826279062
0.01003911065740304,2.978806980741941,13812.813485230661,367.60976655053105,233.98445703217155,377.4393479468699
0.0131225907873061,3.01381806391263,2191.3373522249776,735.3521735817396,46.38434947721405,1482.241804026427
0.009837330200675507,1.502676738423815,1150.2095105774574,126.6170720908298,39.38056625797891,506.4090377149159
0.008097037658605023,3.9881694252064106,9948.919863143225,2016.58760333971,296.07420014108226,545.3577452711661
0.010030059341789167,1.9872481156990183,1222.170905732069,842.8274236936535,92.57164675859322,1523.827444293344
0.008070734801325917,3.440515339715299,14562.23607618444,1000.1967177934984,92.547963041286,877.7460639437361
0.0058786757738809176,0.9820308965277893,19791.437848201214,3378.8071451908527,214.25446682838287,3441.5083709441337
0.009852735956474807,2.0465615918205455,1715.9264644689947,433.981954632542,122.00344704917991,1075.185802532725
0.008039825011707209,3.5345997837697136,10039.027087971497,2016.9545383113402,191.44229946607305,1185.6203115506592
0.010085881751200386,1.9990041099024403,2725.0673260012845,1040.2827451840055,120.43960548834255,1983.1303276108965
0.007960867491175087,0.7833055283577651,7798.388297276528,2172.049035875903,168.84161467477222,3944.7403927518217
0.00795393753359445,1.0052066884810256,398.99790900875155,201.01333615692442,38.219024620411304,800.0307610256624
0.00925881801697338,3.039488877265982,14258.365017164087,2039.183690796036,308.3691147860709,720.3852351595797
0.010053927898304303,1.9797736283713003,9994.471693339317,2035.378446673129,208.88154775095438,1960.4114547004947
0.008010946013365241,2.9689776093976943,13549.780447748202,1984.1558234575205,229.27471442764065,1026.7210302694132
0.0058243687777320835,3.0513064905864318,7920.557479381907,1494.08123446483,281.63571039941627,704.171701809678
0.008143977295138268,4.872479242650074,14021.85589319784,2505.7632666135,240.41996920092274,808.3949410382663
0.005794347829285328,4.024415512594308,9741.452971464254,4928.584436680879,119.20695144377562,1842.7850273494696
0.009352540106670722,1.2139320252884234,117.0616495491888,118.95386078161856,88.06736138791818,469.11999084567503
0.010004569040233495,1.997100443667819,11523.91928894833,3144.7764795398043,231.3992297806301,2297.5603396193947
0.010104854699968727,2.017940534495003,7925.544631663244,356.27834368584763,106.00218098553921,979.4944148582921
0.007961658988172709,1.5723542519444462,17659.323143501544,1594.0019874050463,199.88438023780358,1720.0335190991839
0.006014592464766155,0.9917952404548401,298.2617387169424,198.5031314978423,72.60819868290453,545.5908972288066
0.005815119197191786,3.019637767362801,14615.563777096453,1481.6948331203225,297.0461697058281,485.3088921612417
0.015253209853822532,3.8976060611235717,4904.197253639888,1177.3553687227536,172.61265252375244,1430.692380123852
0.006276800267027868,0.9016523234381253,10306.937588788334,3800.4165245164627,138.85747929750775,5214.790183999431
0.00856755395599437,0.9710880503312305,7853.927824545905,2236.0131137364506,233.9974335696325,2669.295198284377
0.010185084656456119,2.9818035786969186,9966.52828292308,5486.408017110545,216.22939177365012,2551.317903756805
0.008022184304293462,3.492188925963918,14691.551896214272,2009.8966597677309,163.99795240548275,1242.7313376852126
0.005523131124382907,1.979552422812154,7055.306722077973,2009.4342189840577,280.1746678562579,1136.2894256998563
0.008084034008956555,1.56591086698233,9719.781267634966,4037.2717834992923,249.954795438835,2222.74724790682
0.007998651267721245,6.0617143739767005,13614.238289636036,1016.3247273517208,222.31396492325536,358.9018527225353
0.009917927606607084,2.54382920344384,6985.660673746746,470.5942215769859,115.66178021382548,998.462182589614
0.01319981061206538,1.7275814198204131,2875.6301397966013,709.2094262491431,45.397223473700926,2396.7150113421853
0.005496201693352676,2.509718916930958,9647.045692963293,4461.15267414357,296.2484852272409,1087.4364396611932
0.006065566276449539,1.20126776843366,499.0225521101316,100.1547871038532,31.036249104428073,259.7055747392001
0.008167373083235792,5.293895636946066,11729.69642423072,1985.3009720607074,248.20308766056374,637.933775869271
0.008159263620016897,5.446675478457966,17481.454910860546,1476.4658517799714,322.0688431730968,333.91609127379826
0.01065145611560355,0.9959882632649096,9798.262622339827,2013.880940128456,256.6660285600748,2385.4423599887655
0.009814885351207187,0.3988279401995514,3009.6364212859776,1239.8028996023208,27.997038485111474,6834.097233958761
0.007752762148093878,3.009408734930881,14604.605772637082,986.6485063541327,115.16730907932983,928.6569899993067
0.011238954745502336,1.8399202490468052,6881.172326538983,1365.4151679406575,271.36006991703766,1658.7040851796557
0.010562660063078069,5.992684148996571,13874.412986661604,2762.302033807181,300.12909819884095,629.6813867145344
0.008139299579868272,5.046849656767938,17686.960023397605,2689.230377935136,277.14899850043474,838.7350765664828
0.010057875364199796,2.058026860045469,13999.169446542139,1173.5004872550637,183.36998814674192,1417.407846795399
0.005887841193453221,3.9904369976599208,19639.689792041347,1500.314255051002,324.9697625576207,355.4421297040081
0.008003647913657284,4.011683065272234,17449.80166560739,3305.5617754353993,308.35861075694453,1012.0198399846366
0.009984497185038004,3.0148877752445524,10059.85355488671,5693.216711774742,287.79376141442924,1722.964078565881
0.009568046492707252,1.836212851240906,13847.552691392275,3385.7325500625393,203.58249721293268,3032.7658617812954
0.007913279619359464,6.028152106287854,14643.22326221996,1510.5945393555862,260.40483126673786,425.1679623559803
0.010174516519959804,3.020679770720415,19672.15316134507,469.50114576650026,263.7470994754539,339.84971653460065
0.007984485872012219,1.579361527201504,17825.024951677384,2212.7400272237137,283.036259687057,1549.26493460319
0.008040762743924786,2.9768396278282285,6877.991891719221,972.051857541875,146.7621587510109,1150.2775860907548
0.010673090717891453,5.926178639933647,13880.500410338178,1545.4774831891436,199.24838484006554,710.6538393869135
0.008189222771484744,4.027241464520036,13777.61548795222,2995.759314508464,327.0586783061734,606.7037566631113
0.012568872209783342,4.9067395853849085,8227.442105297794,922.6269789488157,262.59934482576074,680.7623323187794
0.010186124274166557,2.9653949565967457,19735.015598277387,3490.9656715990336,347.6946827911199,1180.0613570134776
0.007775279686136802,6.024000045333101,17853.1704042789,3906.214007439303,246.62662818922794,1215.3922404186453
0.012874517991112987,0.9710463264054409,2458.0141318225596,293.9782584365661,63.66974341886268,2016.4734126038554
0.01318555824329219,1.498060785640516,1170.1241742878476,341.7620555464183,29.310200303027873,1532.5791545246097
0.003837974250961278,0.7953299951473981,7930.205799421224,7432.459266349456,271.5891864538565,3573.772592317185
0.010041811242346018,5.020761517282862,17850.964685253908,1036.7502707640322,255.5769734769436,450.8703026720374
0.00810005113994853,1.998665381014034,13681.71149718534,2758.70696787772,299.17615447879274,1130.9031670805093
0.008013045675985632,0.778926816189927,7708.4521075465655,2204.8277584540356,144.28343488511604,4240.421065718931
0.007887360872815082,1.5517496308381382,7824.331174803071,4037.730369603596,231.02500550890417,2489.528639522728
0.010049311305423683,1.0027072205733998,14277.49698529027,1355.9860020435453,192.934116868092,2531.2124997814526
0.010877290149686062,5.9638764477258555,19649.859678204935,2022.1485840246257,301.7843161098451,587.4311479481635
0.012416361737701864,1.9251104097661962,5294.100906088856,1916.1738778774338,206.33500302620635,2611.507073349643
0.010048002968436654,0.6001815413653135,216.00197127969133,316.7473612623113,38.07386079860324,1658.5090472950906
0.007997327651722548,3.0183755202325875,6994.504535045214,1981.9651494016557,103.52686748019035,1902.2879040071716
0.009800573002721878,0.9871868180016183,11699.869836095304,368.49840398002493,101.86199394541681,1653.4040005201268
0.00808428345601347,3.5065841252151526,17847.802182351414,998.2380370926386,273.23387063346416,459.0715520972478
0.010522230340153928,3.889395573443381,15644.611170939526,998.5541645765876,183.49488956560225,738.0443548913407
0.005705808219463726,2.023499525620323,5952.716674453407,5010.5287333013075,97.34313554168256,3388.2605372482153
0.0059919400339633316,0.5039436199782042,810.9934480328196,246.9739543912889,29.743982093324618,1482.0190624733548
0.00800329470874076,10.802158773246408,6952.627477935392,1483.5513640497365,139.16610698165033,446.56631417002836
0.0061100905262418456,0.7728833191941052,9907.707907398137,4024.9635539349315,289.66665435271904,2048.4155400529553
0.008015398966089715,3.4685785122949633,13002.433626861099,998.6670839951028,68.0414992692506,938.8721210790061
0.008011434277579398,5.963335193577926,18027.00640283402,4052.2601136631824,342.33230032745365,636.2386795105471
0.007916579222325523,0.7863365495699401,9562.35563876438,2197.8128523436785,144.55372179340813,4063.4695192295503
0.003964718344504078,2.0888455936577186,2316.833478894788,1770.6783498343148,51.464769989236814,1428.2233190792745
0.007770215203664318,0.24749615063764907,7733.76315892438,1495.8258374364593,161.10566558803973,6380.285194123249
0.013257446806682779,1.4889077946377258,3116.2404728020056,432.87981474544006,37.087273606088296,2101.020576617067
0.007909562493079118,1.0104065084984026,5067.177804569749,861.4794417182944,59.93842136995133,3176.3570636493737
0.010061939751521719,2.01893699547924,14004.887458079713,3451.9074014294733,325.05376254005955,1291.4994200328103
0.010762157729191786,3.9635502399337454,7954.2494536449485,1985.301559335991,243.1364975675447,1117.1245397845062
0.00565814961812809,0.43325901965798097,7017.534669336516,4007.695698873934,212.093291962676,5684.264120426909
0.00584490496823486,6.0268260491272745,13723.528395254092,3355.8584547255077,238.38797196452714,663.3721222775717
0.008052953448426416,10.889894811759412,17715.51017936253,1518.404732338596,343.6620115443957,174.46606642881332
0.007949720293713686,11.026104111573785,17503.577482233904,2028.291502129036,300.22637320029384,291.2706953617836
0.009271524346779105,3.6404793805289026,6816.0222296495795,2945.76695591866,185.21394925256968,1652.7595246717979
0.01012110340630004,0.9566941877374021,902.806032253571,1043.2876182587183,98.03219908340475,3175.1874936384247
0.0057718763533922066,1.0006322700025116,15546.528863326357,3380.0147459739874,113.67229198593144,4875.324297486472
0.005826373346656392,2.981454021780928,11823.698970888348,1470.2092609455578,196.54653711707914,801.9158306706346
0.010644474326111597,2.981477990162431,14753.0255821474,491.4282316751929,299.9020015421498,383.8928766052195
0.008137483306571167,1.593923622239195,13084.449589104554,2677.334878030784,233.99858469504045,2046.8462620825974
0.008053973330648691,1.9892720683821608,13752.347663271448,2041.7264919692593,280.58161053803644,1143.894475522303
0.010049666061560426,2.004342376411336,17956.73213291216,1688.5558371361662,153.684731693477,2109.9712059019284
0.01513814189132949,5.936321903818992,17724.26162924946,515.186420308256,136.4414997282602,502.96380093103323
0.01010201519418351,1.9658491309168062,8015.600943626514,421.6535140595022,96.50714813388032,1121.5525981688268
0.007995095709142001,1.589475579041783,17684.173252458157,1000.8642584963882,215.6003462777922,1100.1133541809802
0.007882487541615139,0.7714725286198603,14550.414929914881,5064.97292014198,316.61000403188797,2925.3462549004616
0.007945895371581378,2.459939774183717,4916.232556727679,978.401663457668,164.67343441540598,1300.4981537803858
0.00766160098850875,2.634200280186148,14711.815033784273,1478.7680828525902,211.43625098577712,1119.978694910423
0.014998569878353844,2.3640001331849763,5129.374995896811,1222.2986333606627,186.5882067646406,2030.7093157594038
0.008047226804418623,1.576919315800424,12726.811471438967,1021.3353580919367,250.28289183434939,1065.7372132802807
0.006057216237838729,0.7763699734624265,9805.284016984988,4927.684415124218,286.3112461922215,2168.810691526937
0.008169626924396718,14.932972970450313,13652.383419600646,1957.5540962738698,278.6949409302314,195.21752109056504
0.007816906663378167,2.0649048593533776,1030.7536683341116,746.8291351186429,121.56190533363369,1023.1782323362222
0.013277481252975955,1.7704751680086293,1191.2974627668423,401.63916855330297,32.249174483978976,1482.2432626409689
0.00999040648425848,2.2371435883451913,1107.401491438052,496.4988357759345,73.3767396798474,1030.8081761032481
0.005873381012344089,1.9792607343730722,13562.258961607218,5067.744524922329,320.6337939631648,1323.502519087874
0.009761228098389295,1.2483652526900826,2975.676436357615,702.8782545287529,106.67673645669666,2515.9045084016952
0.007887681661783297,0.9817420366415217,296.64394669839135,147.50168891110468,49.846106759355905,547.7465776516037
0.008026692328898827,3.6434803975704035,1985.6948720335606,2022.1766126481161,112.93420000793034,1381.0169766809902
0.007999890734524128,4.0058841204892195,2968.347370804963,744.7223199271739,133.4053107592872,767.7620089590146
0.003914253227906694,3.143670271383799,1585.1520271716638,981.5434905430129,57.68262876607392,655.1461128457994
0.005877507155713026,5.945324350710014,17835.737090156545,1514.0436642171874,196.4522987555544,423.18246330636697
0.008188743906812195,3.7212818406988672,15912.204841577568,506.30813965352917,249.55541253723837,318.28061111923245
0.008069625183049812,5.967687353088221,17820.899327241776,999.4717435107589,146.43166749052793,478.9011813460322
0.012861537359378346,0.9046466018059972,10638.480780517175,1885.6826425881889,273.0606619851515,2263.506680032992
0.013357233435273326,3.6318345884976955,12866.326062365126,2022.6646627840787,299.4451518441605,781.0510706761635
0.012923632237329096,2.7423951064269882,1530.0964654182744,1156.71351196881,53.0102645021165,2009.1930190112942
0.008040162575467646,2.979853996785681,17462.301994504178,1007.9801000519009,214.82628787781246,671.0708694031102
0.010710034873143566,5.0197723825235805,15288.055593034158,994.3326790978354,321.0116930628157,321.9358303831709
0.012347788635725788,5.6888990351345505,6925.508909911143,706.3566670393927,232.15555104691532,631.9367553975102
0.012874839282632954,0.9039047193113081,6965.776927555385,1916.3464333525424,209.7373734546009,3289.101066921555
0.007972876260277447,3.051172535664878,9793.475035205276,4019.1097197587674,140.7013440198222,2401.5452899044194
0.01000198876911897,0.5901280548961508,5797.737088326016,3904.795720615594,165.41781318166858,6461.425158956312
0.00806790311638863,3.988688322121119,11904.018319753355,495.6957979725325,221.02552147967336,354.72113951406135
0.00783603420104312,1.0001822575634662,9799.160592305401,1001.8389397498338,184.11249496026915,2040.6117286106014
0.013019077258846108,1.9656629186779853,1378.2344164720466,450.8345486630685,34.34420630779331,1467.1521973155716
0.005879662495290278,4.023761525414367,13715.329023541834,5093.4264072590395,239.06499650908432,1381.4993699829247
0.00802584806730482,1.59306733114912,9727.55352605629,991.5848049154974,292.41665249429303,1037.5768605186154
0.005750589031871306,5.031951652447669,13523.73417399791,5008.358724979203,160.35456116204787,1556.1508384438002
0.010260785409586453,1.976477210317555,12022.20465520114,3071.1400503893205,226.46910699627972,2297.9653590435214
0.009904236533904837,4.927916972879322,17996.371587933707,703.6178435324614,332.15395955367535,224.4826298109611
0.014016558169885564,1.5099930864214508,12320.216348265049,1636.9379282642099,285.319885401547,1537.807029575687
0.007937331529450167,0.9989869072844757,6818.410906167825,2019.1923662137763,131.69185093580757,3602.519457019115
0.005790292722723515,1.0014155838347356,7842.8141205813645,4993.098534865826,258.5828130706859,2483.6883604454965
0.009985896500847342,5.053644340179548,4998.674126692611,4956.838557510807,164.05863465722,2249.739721354409
0.009890781320325929,0.979632013840414,905.1356370403659,183.82775715333105,40.987273063733106,1046.0882054671365
0.013150059134546708,1.4948376424667658,1750.7767023680096,308.0984387682453,29.376387295121994,1479.82117177697
0.008209461774968967,3.4404623770640357,15195.076758406369,1010.038501741506,114.17562677898378,819.3582538337738
0.009561915787945834,1.856075942679711,14002.146862886957,4025.4143552011265,261.29306548095104,2584.0214619533967
0.009984559308492125,1.9859275386681619,15608.043523074286,228.30578474678458,123.65273375024564,525.2000316535102
0.01456841969690044,6.116780759192011,15658.06531784695,1662.0194040233787,235.98302098429943,779.3624573489157
0.008018674651522948,1.0001303372164747,9756.691193832958,4023.744055549552,164.70030405410176,4754.735571753396
0.010034902602500685,0.9914713020595284,13729.18805480735,965.9948041727074,194.0005815215764,1936.1603352039433
0.007937487627439734,0.7840407780348224,4883.95655998316,1585.2087798458242,185.15562404613155,3835.290732581954
0.0077128794799071875,6.065371729590201,13869.390524032257,1999.1586928925026,88.49172091193891,915.3666018591476
0.00779810633893471,1.0116069713606064,6826.366545334411,1992.4269683476527,175.20520156366877,3170.2241226489987
0.010794924079548553,0.8738581922045122,6941.194972886234,4080.598207456502,227.7427178918591,4046.2852758922254
0.007958870829400345,1.5454812218129397,12744.671841927611,2219.7456498474835,269.1616071674821,1416.56704186254
0.010064732958906447,0.9827155262671443,13860.547330472622,1229.4144100894368,201.7191056260848,2224.1602792715835
0.00784705751370972,6.080679863823723,9670.639990612493,4020.1539416249175,265.94337538548876,976.9214474045624
0.010848104105230945,2.0074767055930924,6886.0150527552705,1978.2473851856405,259.49862470079796,1766.9349360793399
0.009990100161571085,2.9937728466973215,13853.141246419247,680.4130434819629,311.1994028478951,426.1036889046253
0.008060891586980524,1.0022682210521674,13872.327582272294,1974.5642986869257,298.37929257640667,1472.8688642518362
0.013196329933256737,1.525672116655586,2761.6633749306748,748.8886626595422,42.318732253505146,2953.46007315054
0.007930986824305434,1.5957991812220813,14611.207229349686,3258.970153550384,321.0831847486603,1284.913728234952
0.007941781548465709,1.9572284136034372,17418.647869818196,1005.014134036597,258.997560087418,809.0494538997344
0.008134344690014332,4.972576934508543,15726.34085982852,2999.6808803582508,336.04944455099263,514.7895761822316
0.009798510210808086,2.997016557482771,17804.498920830887,4111.754158879718,337.27340652120796,1402.3111587989367
0.00801321661508313,0.4042614521059754,2025.229191019985,996.1244353551532,26.443496403962133,4340.839000456619
0.006977530607253098,0.5533035877567528,6844.835803435281,3361.9870326708665,248.5773195615416,3762.625569499787
0.010041728322705471,3.0268881800047702,15818.174652300711,4519.916085361553,251.4635192979756,2469.6788082976163
0.0099741664560733,2.020681760136632,7933.098984297354,513.2586009661454,194.39900192342526,1066.841226951421
0.008138620965007637,5.351486041283302,13659.219862957014,2014.384866470529,217.27666907854595,734.1799609826616
0.005733135518253244,1.980516058238935,11793.114075289695,1497.7633104678246,178.75397439256494,1232.4965197771462
0.009990590692221846,1.9811644687405068,15589.570881965625,2242.0617420196113,146.23825277929254,2724.406121206719
0.0077066245240098585,2.063867088629199,3307.332596526999,592.5616260301078,105.76195031967679,1155.4570253746078
0.010126878645672903,4.937944649039092,13774.307881509803,6253.691667575742,320.3419083502663,1359.3557228107222
0.00804997353656599,1.0065718295277872,9866.593949606857,996.8185443559382,127.43521471944041,2480.230782402821
0.005766917055086299,6.008965298279395,6922.878576655034,3305.248671846496,159.7109965573218,974.7995299670869
0.008066854747265302,0.985522074893187,2983.6356875590386,982.9568129299283,170.85016713734632,2745.02188389814
0.01268193516101341,5.5684594570940975,6722.155641017567,1361.4851815188913,216.2405281440057,864.7906692368858
0.00796983562071507,1.9958438927357587,11831.034668365093,2781.3695520329816,217.76087402626257,1809.6174064370691
0.010026259552416716,3.056898807046814,11861.933840992448,4426.89550475513,226.55397533408365,2220.257219447329
0.0051721078438165145,2.616326561556613,9794.661836446669,5075.557921747607,186.8983146287849,1756.1493269558862
0.005907834796530873,5.1193168390866095,6875.445102087729,5053.94994654009,140.01619824677616,1552.3580799886145
0.007857491281494988,7.061570965454556,17644.54332052731,1931.9137448269366,261.9824152342287,487.166092250713
0.009295096306240513,3.0146613915165177,11233.715602811957,1026.2772610795703,258.53517432763505,718.6662222459568
0.009781960137412149,2.913584792628576,15962.833368816824,903.3715521644631,247.7795672212986,685.4420061469245
0.003890243069585278,1.5515664427211893,12900.39045255088,3895.803497705868,282.8231449352412,1366.0258049177273
0.012924134466168786,2.4560346770427506,1955.9975003696861,896.8763202800156,50.062152603639184,2027.0107264741966
0.007998035604818222,2.945755685846773,6885.393464481754,516.2679737346508,204.000257975715,583.6336475644902
0.009490638005417622,2.02548379978424,7041.119328764067,1173.9669812260597,209.17184306371988,1802.798822030212
0.003973067663157612,1.4773309988946752,5126.606838857786,2371.665103945038,74.50358007902283,2480.3882050629923
0.00795375671572492,1.9788848806600559,7890.375232058408,2031.100668382502,279.26327073127646,1419.6099507419476
0.0037290095965765587,1.555402566580957,12709.4392997941,3943.820853297708,303.9577159541053,1123.2409806456626
0.012413499652486988,4.895398756249541,6724.330811589142,941.1346727683353,239.71591371085782,787.1734642173856
0.0057645809089713305,3.0073276132031483,14734.857570842383,3350.3934404701877,158.90945488729153,1708.4564714469648
0.0058413480200447026,0.9616743910520582,15774.250607782105,3325.184080230168,256.9093933459029,2743.1940910266408
0.009943459924948843,5.003837188997122,14020.981889050227,800.4117965928696,235.14332100525093,438.22534179289323
0.0038142239865352518,0.8054281744270863,7831.882323458648,4953.106907960638,268.5183306440454,2935.0698983208767
0.005582774882133156,1.355144036525941,6955.549425918389,1015.1923967706246,248.81527820155276,1530.0638586238065
0.008069685971022767,3.0307896170229913,4994.374282563043,1495.3651283632648,164.8915093235341,1463.1824331615753
0.010088709257870863,3.016928031953996,13785.569029983984,2819.957761849545,313.88630614962176,908.5086744462824
0.013269462903469626,3.5970163501192434,1725.257403966576,2058.8891039268137,166.45389916348435,1654.6045279703646
0.008021367502424588,1.004378855139965,6952.738245863366,499.763667110511,81.79766616387863,2120.2856941176715
0.01024583280662298,3.789798906441841,14677.365131108445,701.1469598068818,320.5401113444851,329.99295490800523
0.01084307846535166,3.004012383457274,13497.089776509703,987.0751723920533,199.02291895684087,944.7600203505415
0.00798810024491979,1.9864986417674622,17865.42673156942,976.4049163399552,199.60329324261312,997.6961886096575
0.010746410476932384,4.910754556343351,7857.216516624393,2041.4810627861093,221.00744654408993,1042.298389803248
0.012437492051019626,3.6745652624764786,6921.870668073333,1348.4270773268097,249.01893478032815,1127.855377907991
0.007878232534107152,0.9795299805214024,17498.16014746562,4053.626702879996,273.27433707561903,3712.029094808013
0.008070972693244851,0.9845213116184662,9668.02628224871,995.3838527782873,203.44279349476386,2071.7608825052075
0.010233107006156419,3.666321691976409,6879.85542618954,6651.618645010829,190.5338474717568,2728.4854092955106
0.007741500729906203,1.487954021353361,14298.81802868053,1528.1023013363613,273.3398079277154,1108.1420603596277
0.00792529391339643,1.7750175708497338,1000.39371052962,997.2236429758528,170.9619242333349,1212.2945821028297
0.008043486945641469,0.7734604552712088,4894.617463305586,2200.6621187730084,178.60992824158794,4025.8630447387686
0.008040396517676816,0.7790295091413526,7690.013570513903,2233.2947310548293,135.13751460071376,4437.743580891635
0.008269061249653,5.417944584090445,14562.093450235174,1506.051830923096,326.2957741145424,298.0843562199491
0.012835349400869606,0.9794950694249781,1978.952106745213,1119.4020959508618,144.3893955009033,3920.1567324354455
0.00798433555521909,6.036297008331483,17671.41114866129,1007.6092249793394,49.20759263082516,582.0989772429754
0.008078361482226484,2.998425308341801,13976.402022059705,2762.19765417059,279.835694155578,1000.8446169963867
0.010035778677026878,4.942966509358718,19408.137849081544,2055.077282790679,262.2022915010945,884.5797497733921
0.007634935876495134,2.580597878859585,11899.60475801737,3297.502547552585,279.98631827345406,1122.3890211163882
0.01006263248183485,2.93174854169298,19567.00589018615,1752.7935477357967,348.1687400237476,628.33983707168
0.005855014803412379,5.9765196605021425,11959.548782309455,5066.755218235886,260.2835561621623,914.8498416885956
0.0037577794328139138,0.7931872747455062,7817.111464782004,5041.232554350696,233.8761929706039,3112.0666721235316
0.006015305541910469,0.7895908967759534,7840.856688136382,3957.2386094495223,268.2397695557805,2614.702622937739
0.008266743975876276,3.987704550376705,6940.870985870391,1262.0430801099315,277.4399525074758,653.2040780538126
0.005804589701093407,4.981675208496486,6922.47758264326,1501.2970306669297,139.4776001499607,688.1995171753493
0.008036677336170204,14.621088270390871,17631.510331610618,1973.4848279864646,279.8556264333568,229.5415768262137
0.00799225867960962,1.5834114796151464,17487.857937765577,1014.7342120592655,196.465910867788,1195.6800445609167
0.007972093900884627,4.905698526912145,2005.759038540655,1248.2044791260014,113.64027756493859,725.4131327018976
0.01003042915365391,3.001230287039822,17545.20170543944,4905.960261865494,337.9604834982448,1620.8097733234233
0.007785037558349086,1.5694654108855017,12686.957082641535,1641.6959049927075,274.3345844456256,1217.8975729709077
0.0059824415244002565,1.0036383864312084,7065.463506091456,2138.443091857142,88.24538352869412,3778.068054260484
0.010636352123337727,2.964024380292903,14629.752044167271,1511.1388873134222,300.0814579040696,786.0198175224581
0.00798578650973879,1.555245401440614,9795.785138573907,2213.6396235037955,177.3142664205136,2400.003260433157
0.009888506649239754,5.006925621871707,17831.899611422257,1539.6728416745366,336.0463940907297,387.957783661764
0.01069532187509239,0.9895061907759198,6952.618194509436,1012.7767941205707,220.44107563079257,2662.1879540397586
0.0038344610133842797,0.8079796205266051,9918.78808517788,4014.775366943922,282.70439743443313,2198.4864031831294
0.003930449512556302,2.093033099831994,1499.953877945969,744.2635742722514,59.32564128504308,778.637385346359
0.0038906300530949342,1.0401230626228868,3379.948086794869,712.7398964884384,44.143893141304034,1516.4443172770198
0.00950377126646887,1.7438609670188565,6797.850572387186,4165.641589888601,219.57170216980998,2581.176863631491
0.008066236586943767,3.687904818529022,7063.4710448570095,2541.9450671789714,186.02967096384498,1463.1737618237728
0.0058121871365087886,1.9742775706956401,13769.279541460814,3757.5744548759285,307.400986445195,1180.2870117202951
0.008131491107740463,3.004752229057062,1985.744793475437,739.6081860522315,203.71222600313473,750.097975493111
0.008300418495553142,5.225454451664161,17398.30838332557,1017.9928345461414,76.94093736009233,623.5559064195744
0.005806258386123524,0.6293829849485505,13886.936821311801,5198.542527575254,245.68829108855087,5070.748066828801
0.005806827829733663,3.0132960089793195,13663.860964935642,1492.7286772462792,280.60935575743264,545.5548428762703
0.007971351921644004,1.9835272827426493,5901.40971079705,1460.050049841561,118.81751587531184,2153.457763942374
0.008125178885247062,4.041240112301375,5079.123816025491,2529.630127212954,256.639701724783,993.2167866552896
0.01089847022156351,0.9899349900847884,9740.58154193043,2745.3987481411273,223.0876190972508,3515.2191262114293
0.009565305698909869,3.0279371773240453,7008.444264721145,4109.821794117245,206.14026315478299,2213.557592393078
0.005079285843703524,2.582107473927195,9970.884660751368,1957.13787276686,170.0125242758437,1126.5870167177952
0.010006051009685948,0.6153975547044366,2161.288290883299,801.4898723731876,81.86317563497765,4479.60937601603
0.00993814155000674,0.9737200345102457,1259.3810495341845,432.52589826078895,68.25006254076514,1997.6104390183505
0.008108959721581046,0.9884131308380152,12067.055892651508,4957.385962973118,314.53897973644234,1995.435499793509
0.007918153049362093,1.541168995231912,7915.04419220765,1595.1397893610906,224.79344880419114,1956.8054452172585
0.0057981027129435855,5.9981728270026204,13894.152063123855,4985.714642393261,180.81466823687956,1203.0374587609865
0.008199987047680194,5.479728185348925,19322.386582333915,1971.7903690652893,263.5282123473641,691.5535396883
0.008238755040455957,5.395397069923779,19994.46631015737,1009.3439394015119,321.90409081680036,260.6704514445168
0.00785801365325592,4.027157374593024,11939.627922670861,1980.1985340950355,316.23878009294583,430.868163702034
0.008252952316748148,0.7728618229491837,9830.628579290988,4023.0177936643995,222.47385071882562,4161.216539310652
0.008018782787675137,2.979698578545037,15787.96768377106,1022.3261270981266,277.84104054232836,551.4217247014733
0.008245735825511628,5.217917707641073,13919.426721771117,2004.7105574332395,265.94430296455283,597.8078559606075
0.008004636049012413,5.062835618687378,12959.033095667655,1582.6134798542284,222.39772620815867,593.4490142055101
0.01330288943288842,3.6601598112159954,5177.433063604165,2060.708127605358,243.85234264141494,1440.8001127751875
0.007748109938700475,6.0817694978909085,13927.43362668846,1016.8917453658086,148.62108696652433,488.03892807195876
0.009594586916962904,2.0307744956458844,7116.700138862429,995.8702547338382,245.05455309928567,1516.099644219891
0.00808251386883653,3.0523927668049966,14100.692710248266,2020.5999191512003,235.4617778616521,1074.9558409982076
0.00583816208283145,0.9903336603109579,11805.306903932345,1509.0167700558347,218.2516065154971,1954.2153962303378
0.007993459019405657,2.4200119264159743,12737.701294409317,1558.9822144488128,105.79923508244832,1655.439014141711
0.009966987815302968,4.9653093032539255,19942.945603189026,770.1527469447303,261.90262308977447,345.4949588284981
0.008075017325964344,1.99881676300357,14101.794451643365,3032.090090491604,328.66325160363465,991.2437780559002
0.00991058266311293,2.0233401946346703,13870.84163920794,496.59601832381094,194.24657254143892,861.791210700479
0.0038863690904200865,0.7994739489015258,12768.581677012293,4028.0139884232144,248.75211892501795,2550.2840958254146
0.003821973302333015,1.5402404707692299,9787.452727803598,3984.7475513297254,225.84433334678124,1812.2921670532646
0.00804554411699278,1.0219037618414653,1002.4531681411748,2021.5792632166276,71.69099908618132,3935.2096060295603
0.00577440450182055,5.925687029056721,17871.525028933105,1490.5806706734927,224.1139934125824,392.3255642647868
0.010661638220196673,2.9859663350264127,9831.827120442842,2014.566484752792,235.37550617621983,1346.3384465191275
0.008103616824347624,5.267267658243903,10033.696770976145,998.9718698394001,203.2510019113995,526.122597837679
0.007785587759866497,3.024194462895669,6894.607482214215,1972.7772606365616,157.75481932312732,1706.9624702262106
0.008012309033859017,6.040219548133164,17830.1586583571,2034.896150350938,155.93141308532947,852.1074597635594
0.00789960190154317,1.8434357977397853,3027.3967110436556,2006.9582608562318,208.49214608764194,2071.5878200753928
0.005824559525523584,2.005638695533798,9594.517144392561,1499.2438455636645,96.4992063086189,1580.361149578628
0.009873668935186349,1.9920261755773003,13873.337461573752,491.60487509363327,102.23803972596133,1023.7195470446279
0.00794620299513629,1.567970223062937,9871.005175051376,2768.93129966289,252.2697368220961,1953.9968199866848
0.009955474321383048,1.7612701514366744,834.5271461248489,827.7162016262591,89.45357901321304,1506.2804884800441
0.010328545680840311,3.756821794390391,16055.408257014187,1232.3825067257862,235.39621093553112,720.266664736675
0.008159066572425525,1.5820409919531329,14817.981289264306,3149.4711042553886,335.68906534455726,1152.2386510566025
0.01012442029859949,5.017002122649471,10043.812177615036,5107.672079424026,208.39691783136243,1686.8210304062745
0.010758723073458034,1.0033613068528149,13864.817245774897,2033.4548120403908,275.9158828050676,2060.3913603417095
0.008282111128532643,6.10390409272172,9839.211690719974,2759.452712363897,301.50156088867476,544.7709582367019
0.007942259297279921,0.9834299731655302,13412.083061827938,2019.7376486852208,153.75256605543996,3447.1637679849405
0.008135779403397308,0.7825079830107593,2978.2484640612192,1640.2793157456763,131.4968597657798,4435.749152118419
0.005987990293002927,0.7810734451334727,7727.254635578981,4984.88102092092,197.60521188938637,4550.975215465799
0.005894050787747096,1.0136768400015155,15859.027436465563,1499.699404959429,153.24565775961653,2190.277208593441
0.010144847080708851,1.514405040071005,6909.48632990595,1428.6015597840383,169.07201319688903,2486.3982815349736
0.005996607169615383,0.7977568992406777,401.20056032841234,101.64487039159323,28.640461922246818,359.4677514239779
0.009842099387357639,0.9607578446486719,273.4342034588817,574.8590690504393,67.23763386515544,1867.4452812047045
0.01086797654578777,2.97649932664602,15761.514302624937,495.02928272264995,299.6329319683974,374.5913109055385
0.010044025719171939,2.5305516281910485,2572.950846862822,1812.3051097677544,149.90134751581246,2016.966525702941
0.00809253365236828,0.3933839598183279,496.59555711158185,4982.0844633523075,71.78885651495158,7702.227010252552
0.005888662796180207,5.954512845162877,15711.373073033257,5005.259705245772,238.49922240052933,1106.324058805049
0.008003612176821266,2.4510431099677246,9805.56793872357,2215.1257365425,242.8567938378895,1331.985814350101
0.008112989163894316,3.631452204740682,17913.0426666862,5023.288570104439,256.89880986479255,2130.7579678466045
0.013418000159015555,3.6736589869083165,15398.2008465376,1988.1462510793417,309.1599599021458,818.1818581554065
0.008160503535824738,3.625076254856667,10016.847190305676,761.17029921707,212.2280034204982,622.4759033772364
0.007876072613111346,0.788344831712554,14763.515004721217,995.0172039329462,267.0190643282703,1445.4153157089163
0.010661440980305649,4.015724863477239,13631.942610275592,1512.102944540141,295.461228179122,557.9792310797983
0.011143978406167394,5.985446870106979,9649.702395846254,996.7627036066069,117.10868355548322,741.2859939103456
0.008013643211814083,2.5588080446678547,9818.228729400184,3994.9927619504965,274.1845123083042,1460.0067339622294
0.008053492827057036,1.5964503689029383,4914.427924039378,2707.1901425010133,206.05262910835847,2828.5858731448593
0.00798506373317031,3.0148348937217797,9914.653242226448,1997.1649863387115,223.94812554067164,1212.8724571314185
0.010635939091671149,1.778806418663421,13793.048934763941,1764.3022256562583,311.10981444579085,959.8565711812844
0.01532861649242028,4.027420256057128,5029.15668550364,2314.4374466570616,204.44326954957899,1785.1703351006324
0.0101082783571435,1.247329192858805,1783.4265986780902,206.92653142997935,39.45762214411204,999.6265822781716
0.010600328108653244,2.9890132335796045,15881.585697863844,1523.348025147399,335.733671590562,498.2114601069402
0.007929624516297033,0.7861319351687801,7984.1190943978745,1569.153568577611,175.45157471586214,3283.0314080506587
0.007920362560440267,6.97974604084012,17783.682364177894,1937.937776654002,117.23199067292043,782.685160321496
0.008037251794954315,0.9837766014301055,9930.920799943733,3973.8954325963987,258.5445789094226,2766.4740918476923
0.005845282635782892,3.9935313058604818,13533.45280555226,1503.9916558278164,295.3678776353149,354.7594599234129
0.0076786168875428735,3.0262256561602805,9782.566350994035,3957.488269367715,207.1339142496139,1793.7007510627318
0.0038384200491543815,0.8017164358252666,7963.683006739779,3924.069588918931,240.3670125121039,2776.5143815426136
0.0038785918543572068,1.4770113860832235,7164.717686434954,3368.6432637483176,67.55473351470827,2933.344796066475
0.012553404768272393,1.8402044435311729,6963.759738709037,2020.638914663212,215.8234133958976,2370.426896936
0.006182150016416866,0.9141692511430741,6978.365375984148,5306.891505063465,183.25242394282677,5153.00677851497
0.007992474273165153,1.9960182867118907,13700.734049026494,988.5697872909922,115.38572653881145,1286.435780444547
0.007889711353972154,0.5049171750278796,7671.09521650654,2014.67027876523,221.39779703134897,3968.407480422629
0.010115055507263259,2.946127900393545,13338.571525702233,2532.7824311155755,238.86340386699513,1440.1511866439346
0.00809437885220381,5.994642001630264,17702.62825462097,988.1101496128133,182.93420301787145,436.9827207597769
0.007952198107059185,1.5782130201925129,12437.624901001282,1023.1085059319802,252.3769913534003,1053.6255286699006
0.009959401696514887,2.0029793775343716,1064.4090869326901,174.0968452702182,40.16263120134975,511.8232800719791
0.008190469394951218,2.5168171101874033,2971.0703542690167,1002.7719727184025,103.18646240474484,1409.391774905355
0.00807060373160274,3.0137204545926513,13697.46655288711,1008.1412778950865,300.42928908927416,497.83450719770224
0.0079911422429969,1.597447626040983,14707.401316847985,3969.6168136724305,260.6819478279515,2502.8881533162476
0.010911213480854522,0.8667632703536118,6778.105170661521,1021.9003138536399,213.6237986891818,3197.2352596361793
0.01074765153042691,6.040103953839742,6941.916313193413,1519.8942922268993,199.3177338285285,840.808820944893
0.010012995014219157,1.9674684778745808,12121.315848356646,2652.016178077449,145.56495086145043,2948.9005093854616
0.012012879955634399,1.8238043810421711,292.33487599258325,400.0099593125786,73.25817393461108,1109.278750685199
0.0080757269453911,1.9458065564090639,11886.642001656168,1500.9208874513047,55.90979351070529,2157.293528189853
0.007927406562488908,1.5478419070546843,4912.448412824855,3207.673611187358,168.65602812841445,3377.7498931304867
0.010123578197205075,0.5949680274803506,1826.257607237915,855.7503320478194,82.68747384303502,4526.743571631516
0.007917288017680765,1.5746758667764449,12572.823499740269,1601.527014853131,169.32966841270533,1952.5736501603658
0.009991783542997278,1.489136059735316,3341.397114176182,122.48623376297253,37.84683737917895,523.595143901794
0.015249707260438727,2.466664156059139,5004.697533018696,2143.460903523285,264.14428965950975,1221.6394858563349
0.008114633563319656,0.7999008933799195,9758.4106122519,996.527623578962,97.11451433392551,2949.3553253319374
0.009947488068799144,0.5993587280548073,1296.9954492442398,1115.8681245674038,95.7020980592926,4567.889552785195
0.010659214406812638,1.0085115321686662,17881.39032131486,2004.3234934064337,241.35697080831955,2712.5396095427677
0.013282253037511392,2.4875349192831244,1306.3151603273116,634.9767539911193,41.25379005105392,1441.219183864218
0.007992130803155986,0.5891039444967701,6882.028768409303,1776.0232479766516,193.17517307597183,4127.6392486508985
0.00762018690388292,1.55072431371811,11825.664947155054,1472.8102317254607,245.24090295246717,1423.5575141352329
0.01025215097883579,1.0447486552846148,2465.8017715368214,203.02793187125098,114.24827453542196,1011.848408796014
0.00989977803517925,4.893728004626838,17545.796119431685,3024.4994643554937,252.0002026850591,1239.976949961569
0.01021710431749318,2.4571230713142738,6828.3586277696995,2866.235362995409,199.15076768237566,2370.6785306071333
0.010062815090791549,2.002218774294331,7127.172313962891,3924.284759532224,142.61483394073335,3595.2677364297056
0.007702521153649008,2.6125632189008154,11730.139213978251,1492.636129037823,292.42158570496485,741.0763214465914
0.00794404663997354,1.0034875593692285,17643.098312793078,4005.3655676873714,275.50682154250836,3069.7432514249736
0.007964473573926103,5.897087846359405,18051.76104406076,2019.4678838570096,77.95288174960112,1034.2180784100224
0.010016835753008014,3.0631839358859247,16239.953816015679,4901.567435163921,325.829044327912,1672.4750044112825
0.008211959227503,5.362446502809818,15868.054661732484,1518.276779105291,177.79264332314864,652.1768915339641
0.00998366621533198,0.35166345123777504,2415.8734929938237,2325.7170907741697,19.928960579001505,9828.012166762352
0.00812741375800958,0.9957013876345936,6936.416625761145,993.8685879888823,126.22021797869866,2680.728467321945
0.005746126656258522,1.0010389062534828,14947.480567076449,1485.5925443855917,239.23493041075258,1619.1180654039222
0.013250566955902987,1.972898863525588,1744.5633269625669,433.4462456051031,35.45761521685608,1491.3807005724173
0.008001779462239966,1.999555630740415,2933.204033806341,1591.8778265286383,157.48508056442645,2088.886672741549
0.00814845315845047,2.9476110301660094,13570.742730529217,990.2595378514524,273.3092006580861,569.3423602367202
0.010067083803576406,2.0006232944402496,3511.171087801397,168.73094280692558,40.583687285539405,517.5792925096939
0.010114190526773342,0.9988094605918761,7067.906444084609,967.9861668993658,173.31680064134028,2864.258708522138
0.008174718929818999,5.398368073818537,11792.536116934274,1012.9616119587048,198.0664580022639,476.2163788179388
0.0038028444291429583,0.7908463621111891,13239.659895478553,7548.7449085985245,263.8153875863807,3689.829256967398
0.007614971732485963,2.601142143034634,14738.561684703678,1745.3098269195189,279.9446869241364,785.9554752826195
0.00810727014706604,5.043085246777946,14831.628113877734,3199.495743303074,286.283330045607,805.3300901514327
0.009954257637422368,2.961639653096084,9996.561017561535,480.77398606866103,293.2054991921122,489.1433266323665
0.010630855992249605,6.015687460525928,14895.098794608324,2766.031287872639,322.20856513976963,541.0435997488364
0.007939077528622624,1.9913075662529545,2040.3754724532585,996.909713454209,113.61947588705446,1735.3768083725079
0.00807441753543229,1.5744766473233887,7789.036482668703,2754.0985779868224,268.74363492649746,1874.8529324472765
0.010354772132225422,1.8365692188129636,13897.78792162909,1763.5056382577666,317.50787097679347,868.3336310596346
0.008017926297245443,1.8184313420172618,3011.3949120761818,3069.921434112934,170.3347406802626,2840.0060052773974
0.010742881730649037,4.996276749444877,14413.981500146921,2007.0345463824424,282.10872298553807,677.15547751822
0.009838703298590148,2.0180540136730074,9836.853995156578,1648.3933217548474,202.38685614691892,1864.9708331139864
0.009872630701594703,1.9851813709955883,10017.937622793443,1666.7236369139391,204.25010454547362,1905.1572299226855
0.008197669859836354,3.9894484543690374,11940.24522288233,1502.1723874142838,316.4963417492671,386.8493347825466
0.008095480852137366,2.9615256172059587,6939.677040922853,1503.108319017026,279.2366612234204,894.74799696637
0.01134466598306406,1.833430632631054,6964.745300242838,3320.9605461736287,203.5169444906804,2674.184419600722
0.0128813259943762,1.9334426633076505,7079.093367887289,5423.616012830065,250.24053819777518,2514.368167380971
0.010673642272783525,3.9552550491931737,6926.367134273633,496.38139302903903,261.4122864398733,520.0600588625067
0.005695445022120039,0.61229516490191,13656.158642173741,5265.3310597702975,265.2882881735021,4476.207032904683
0.010087073876214853,2.9864663857028555,19974.628976491163,1352.7474332776537,264.9013407503751,864.4982976614208
0.00875863488164892,0.6764567798139125,5871.575368517001,2393.5958871500357,61.18106711917183,6762.304462083477
0.012783265537408543,0.9625490852998387,2610.819576827959,514.3267774775408,95.80270018463588,2870.0646149759855
0.007968744742150445,0.7684401558730495,7726.860558390486,1636.0182756149056,144.32212456654653,3694.3628909390036
0.008179369351221384,2.4932070075262422,986.1853331338643,994.0070876158978,171.83442833048287,888.3345295988561
0.012597262167413723,3.7245653285391325,6831.632571916069,2457.100832153153,262.04150807381166,1425.5683862285775
0.007906748352705608,0.9962434565091893,9885.50697330659,1947.2394042957776,245.72247011100706,2244.970256115979
0.01081467342393305,1.0181967944457553,14623.443775311463,2740.030444064631,317.53672305147836,1833.6281938391357
0.012691557734677034,0.9072527573840886,6860.252026940923,1889.1983561663303,213.13906637692733,3276.7358034393465
0.010566054551188482,1.803409586892008,13809.178269627286,669.9314343781675,230.86591513425486,935.4718184985828
0.009934982924071977,2.0225317450238434,3349.883109746255,296.49148502166463,141.93014006999033,739.4816783860716
0.007853781821813113,5.996991498005282,13735.276273210568,1980.708889021161,87.54547478688923,931.571599858364
0.008108721581293723,5.336883689871083,17863.550196561075,1522.211535860567,287.65002680366507,416.9229310578038
0.010121297704262679,4.879815047914841,6912.811503244644,2627.9349619892473,136.96613522221043,1595.371097634313
0.007996033321967484,2.9576687270584507,13911.21119047073,1968.1468201043403,114.16135327818563,1565.5848533443784
0.008170055724678247,0.995297220045398,13666.663193395245,2009.5507223213372,243.51882202692877,1944.5459389585458
0.01348099780993944,3.6060799487024697,17822.507267399895,2048.846230001227,350.6344867596246,678.1111981919702
0.010034754109887923,3.0201075089567193,15865.819019858953,1980.7827133707528,239.69201763011074,1257.5909343469239
0.00995603576032575,0.9549238937610203,1772.3511612596137,1548.5427555538852,131.54588241250175,4002.845626461078
0.01017670724146249,2.435331393256344,6943.1892037891,5228.900274976306,241.89789059178418,2364.3826385354378
0.008169700476636399,3.010649369132135,13667.835837712546,496.258787506636,82.96821821412792,596.5296286336885
0.01016509434599747,2.9530738069576556,17801.50854848829,490.7947029109859,256.33573059343496,417.11208064564204
0.009927525930441244,2.9841823060276162,15863.168186859639,3397.0689294253534,322.92272660219606,1254.123276713605
0.007993450018962102,3.510251805567819,14670.30801227154,1015.0360142383594,327.7143778323645,359.74533007796384
0.010749946425362802,1.0055681524999291,9708.013816558134,1544.1765914867556,299.4309150527265,1754.0004093873906
0.00971926399658715,1.0017967969963772,5038.062505921688,516.1691941106233,153.2466369934806,2433.631147418743
0.00815662052687262,3.47904813965902,9739.772719156499,2005.1818017089436,267.69257768319176,903.4611565423315
0.009166399164335128,3.105123889159179,18598.88461772348,3092.6722316571886,276.1719633780778,1603.891097558222
0.010082821738753505,0.5988702041047167,1756.031955348606,1149.4125893977007,94.98076886108349,4835.600327122088
0.009910775054457538,0.9810237640948551,15714.436748970167,907.5433973404954,101.83497619375068,2670.022308824
0.007800111305374868,0.48895210262808136,5862.271886736226,2810.4485607769243,218.5957843461312,4160.195021402572
0.008009917043801943,0.9941372105597966,13858.030412020318,1996.853918044788,160.74737851430837,3285.004438060506
0.007935838147474466,2.4846728147777806,3024.2498020211215,2049.2021826626815,186.38163040994385,1724.6010838225259
0.011441457052091344,1.8289838692629767,13820.885716223705,680.8286977969046,275.88471429629635,768.7973996427617
0.008080965000520477,1.0071324556560335,13725.21436928321,500.11530846665244,289.0705120994503,818.653658111624
0.010082118488835598,1.9781884709174578,15652.457130917519,3475.778718269328,337.49041076804576,1397.218330315701
0.006010094038380956,0.7907970854202053,14811.281243436782,3186.0009931087457,288.52199933865114,2433.534515338297
0.008017453270309338,0.9944851371384716,9758.204842869765,2038.3575650431137,266.9266842964983,1761.0614980550197
0.007922200121572236,1.004004276212311,17564.914998944045,2004.9651405008692,179.46326596025852,3326.7014153632654
0.007760166059372486,3.021816225140063,6935.513831563262,4008.8695100070404,149.3263618663164,2434.411392027508
0.010888356943833628,5.9712756058357295,6731.802386589948,498.53143795334614,202.71379598345905,402.52031096203496
0.010857960221257176,2.0462421176934416,17563.63780319069,999.2742064814283,301.16641192026134,727.4465147143851
0.008187728999280027,4.9708139436184435,9938.884741248896,2999.544619511596,299.9529678544334,589.7807815962369
0.010183348112185377,3.7762849808451797,19905.934010262437,2726.9140560243286,250.64143772174285,1417.4974680906796
0.010117130463707854,0.9957208023373268,11792.277122582147,1265.414087853481,122.45892568973231,3196.832394068707
0.006079423221292087,1.0029899314894415,3069.722448554587,568.5967372447044,48.76409210069572,1969.9590993261816
0.008123738281312999,1.5967824883715442,4909.366259413038,992.0420178449369,133.517397682415,2145.146862780806
0.00803595269676714,1.959746283425139,12872.774610364295,4929.649224579428,289.8696584508349,1909.1135407744355
0.008100218857605026,1.010726408622455,16045.190678104369,2518.6942503258856,334.6328762626127,1368.282575870507
0.005877986306168269,1.0113269082274499,14662.125727351788,5028.602712065723,137.8048550696533,6580.093011262862
0.007727968824418922,2.559287950241796,12015.183949330689,3386.9365656222853,236.76803932630125,1512.0213415757003
0.015102569754695159,5.020600097989851,7005.213945366537,405.5090558200364,273.3313071751559,442.00800676723475
0.005099417202180093,2.5920150429201976,9805.521125178808,5222.457366887777,205.37130155350985,1798.5660770104519
0.003839444159761146,1.569406988079083,9651.229759434687,3989.022561276465,246.9851167149795,1635.6712035961102
0.008124466600022487,2.030805437257028,11789.898660465095,2804.050868089976,299.83089781340163,1067.9911824710273
0.010074919100177625,0.6057123851961124,312.4344154420917,113.50139145822622,40.2986507689404,986.157697145918
0.012588927303745136,1.9369402272913028,5145.070623786874,2699.3300299932935,225.59757424628364,2632.724285462757
0.008081971425133668,1.005548107527802,11734.112624990868,2783.7256246635825,258.9931430064588,2295.8867236229003
0.0060422685762603155,0.7877555996924529,9856.642620536359,5014.53374506944,214.61943200565253,4245.3221514190645
0.008051785889698385,1.9764851291109213,13849.238103763046,1453.9174569159698,261.4613066751315,1040.7338992028147
0.007931858967634592,1.5629852016719974,17437.092882044024,1627.8775634872516,188.22831000063556,1857.4165815069105
0.009533338129709001,1.807883394976885,8264.211156023635,3996.528090358249,204.49697740744296,2796.772671132841
0.007809138616440644,0.49947453077323045,7775.019204120153,2814.968217621405,99.76511990021692,6498.746802887813
0.010085360143750525,1.0039499969681458,13864.24230114033,489.74258192892887,99.71039160433298,1755.7850720466552
0.00991589589359574,0.5988917778693464,2635.5746291714113,219.1168631472508,37.627803790841455,2026.6736814991114
0.005796138910564778,1.9943664763191224,9789.667256263187,5038.61857127914,257.7117308619982,1821.7758672412995
0.00791229244800631,2.9714385692197425,9897.990067581075,505.2942801177751,293.6929608816593,402.5897416013826
0.010624014600736701,3.8171930204640456,15807.312880378275,2922.886431947136,241.44294480514824,1378.6373464463875
0.010193357465560736,3.0033618060044804,2995.9638643978233,4814.645160684855,142.22893365438603,3430.1044726638484
0.007979897591651994,1.0010464775817036,6793.938589971041,2032.7461294629716,181.91641244954715,3148.955049149314
0.008146115046871993,5.326441008486986,19407.1985746747,1484.0546709693667,175.71461668040973,712.2189988426695
0.010059400739479037,2.9609481974707705,4047.8717618830888,274.7221643032754,98.83006145142178,525.9856851786133
0.0060788057231172775,0.7808695863225973,9790.995947846728,5097.283889367061,234.12131853692844,3957.1683671826468
0.008063349892857364,1.560629713472871,9884.726257915434,3210.16392614493,210.73541949751905,2483.9644135319413
0.009896242736322149,1.9866920922586413,11803.441930233184,3729.5186188237326,224.92337065420722,2671.2028609706404
0.00802590926610518,4.019700496167167,3038.8367764536947,2454.7845689496744,223.9637449186523,995.9283775474316
0.012904654240054443,1.9461696919665217,6991.863924542395,2685.5049216479297,144.08988055399502,3200.2071661612176
0.005623811135232344,1.954236185877316,7107.280755362784,4012.3810968261278,281.35536882460406,1641.5600702645936
0.008049922994104071,1.005558336653825,6914.551218286422,3977.7298798211536,237.93539952631224,3018.8865755918505
0.015121904441202351,3.2154929410899964,5023.742592476449,3044.265384351347,206.51968295994513,2246.0453912135818
0.010548488313496914,3.7711513153987433,17518.20194871729,1681.1727653942837,125.35499982838762,1428.6350737173427
0.010342639087634308,3.792257197692769,17567.719114577496,1294.9081868879975,240.58611781632155,745.5107830125627
0.007823267293150046,1.571967452523886,12636.95650374612,2741.3235612515023,248.31442112713805,1900.0957302674205
0.008081561888060917,3.9191098276824556,9824.859080590932,979.7288840230248,305.82241922066186,417.10785116799036
0.006011603282153001,0.7939226567552173,14518.757463306283,3219.9837653870372,303.7484641204007,1887.2685727518838
0.005887789094883038,4.033202688795955,11750.096455812147,3300.8705345308067,116.64402971752345,1400.0183348191333
0.009962724272849468,2.9700521155742377,3009.601223360225,245.9834938224015,125.46904530482604,458.35672013116596
0.008069341510773676,3.0655547497574145,9562.820751272868,4012.251102527101,246.20501044236553,1563.0411146461818
0.007995463895110477,1.0051395544002628,9715.501009636137,997.945089138955,277.4949743977092,1612.5996845433074
0.012860380396123031,1.944776865354713,5392.942211115272,3804.8482762909516,253.37313525324518,2625.832390136596
0.009967520078752262,2.2329698589977576,3459.081623007989,392.3706592811553,70.22661901386125,1006.5516772996065
0.013201824332889033,1.4981609656595136,1061.9362044683255,351.70077802024105,29.841388198454226,1527.0969150868948
0.00786095417167999,0.24359389206793491,502.8343441076648,4982.96130927378,75.90626784645693,7677.1881592714735
0.008116894485842373,5.371669756199875,13868.975858679683,1499.9452862603296,199.18468201222862,624.583179957007
0.010915183127101534,3.027329224364395,9859.677086417512,503.8950374149334,217.6808745267566,669.539328868165
0.007874603201916429,1.6699759744015885,11762.908320658504,4170.244217322334,277.12398243067804,1963.5267642563358
0.007970339001941705,1.838667771602934,2953.3092438079634,1006.699177177441,148.61610513231093,1674.2736908905213
0.007943678085907397,1.5744986472155895,14902.991200242313,1601.4184818102794,317.7164229906565,819.15799432143
0.009242872791601433,0.6167458400297373,116.59992967791479,118.68855965557138,74.15353430964238,747.0649709627471
0.007981005384348656,1.5323408982986952,17695.130827050587,1617.7402511956811,342.08666040586064,679.5727376689471
0.008095129860951915,1.0051423864390827,9917.21929840285,1926.1851329687902,277.53252257283185,2019.79897797552
0.011144856514031647,5.941383390337916,12829.994922782527,3197.27071246864,256.2683215724047,937.2754564969966
0.007956438111991721,0.4929620482855526,5821.60539036045,1486.8943173917808,138.58484660104688,5033.646870842921
0.009922195109268762,2.2524884778546674,2217.865757011085,185.20943968470837,48.63812954186009,509.618148363181
0.00921613350110802,1.826724107172981,202.586254773395,298.8815269403574,82.4213059032537,663.4684583031552
0.007687790027115609,2.625215679529157,14582.85103442764,2464.2855087305575,163.16830169647497,1892.9869944333427
0.0060917993489933925,0.6857952012683219,100.6030327802847,552.5350161974592,29.7533984528392,1729.215739457848
0.010101361346503128,1.482430522316325,6942.430784903636,708.1443818715177,91.91940726967036,2016.2792061272476
0.008185765213160579,4.021553350694279,15942.375995061613,498.78093377600413,248.9013373381275,308.6149397733178
0.01241350773177604,3.7216882896913046,6866.844510409219,2513.320760856039,256.52250316025425,1433.742362691233
0.007992564959412312,2.5653459665555363,7961.157860246223,1619.6704903509935,149.22253941310478,1678.8565869491501
0.006062867027262699,0.7897675475806823,9928.795407170686,2180.5433970089593,282.2400303192479,2035.719498547842
0.01366384731178197,3.6473904257299576,6844.489360629682,2032.366179270046,218.68306989828616,1644.788602097571
0.00998638990603427,0.9562667687535924,2609.71523327223,388.08670561880854,58.3906789417014,2106.0712883863293
0.005979680348914055,0.7752814123198783,7706.562426935001,3305.1731444633447,276.082581771257,2513.4696796551452
0.015255690700940822,2.4786625237831186,5036.67240700383,1138.0766260663072,194.720861686688,1951.1545906347367
0.007791080993790508,6.03953500411652,13797.61646273876,997.0732708840384,71.46117744410603,583.3574024184647
0.005786002955027152,3.997028470550826,7769.876110268726,1481.8072064476096,231.7203303480206,628.1316524187904
0.00988078937745844,4.927670756707801,15823.982138658484,568.0223655941005,329.0287968757223,216.32145949963228
0.003992581030212996,2.0359703910674307,1695.073230899209,713.7116182372114,58.4264748451966,789.193800970628
0.008045328783508839,1.9915520410831205,17619.03167024708,2752.671158504043,299.70588630878126,1426.6887180739507
0.00799547846948038,0.9934836707769401,11701.10872527123,2764.9783411291464,325.0776853058225,1308.2725371148865
0.009933237984619628,0.9565816555490094,1665.2277479526695,279.23261922939827,44.78302177797227,1553.7274452245033
0.014552665412157242,5.9823406270353585,15706.760636416391,1624.7795556164294,324.8710955180521,468.97347518130533
0.004724122752484572,0.3813988192731054,199.78418503089418,294.1374550240467,68.42627600406684,1195.6827865241787
0.009386999713251843,1.2084791760481821,199.18978343282916,297.7196401953011,98.40074277404248,940.3131477223827
0.007743999097118673,2.984584568827497,9556.54205427572,1086.4504019062801,96.62161296118825,1192.889030321893
0.006107868591858503,1.0056246494058654,3020.36017694885,1319.9423550788922,59.94931521043062,3490.350587198573
0.0077771211703664056,3.04064971093223,17635.467901375778,1058.5126893501065,172.96052209261208,863.4912119095001
0.013016369030753849,2.5060214423291325,1640.4301634634974,573.9527782384126,41.15249571024849,1452.5474948762946
0.009917292510124043,1.0103428197732562,3247.5418607283955,687.2316779084443,111.92411289586734,3010.9844408498284
0.008134807813200085,6.105611284224833,13932.800328903819,995.0905375171737,274.57690924786004,283.2575308087352
0.012736633395120133,0.9283072102996334,6909.619036410894,5556.808032825653,222.7519397603622,4836.333547495316
0.003941995755553932,2.053970278766199,2761.526752803898,940.2685277110004,51.19973630482844,1010.1802216938992
0.009346414830952795,1.7375742726547934,6945.789305600124,1996.3471764411104,284.9986882398298,1867.680916263568
0.007984779283088838,1.5985841673587369,9874.597309648567,3167.769176400273,305.07741458399005,1430.9846381737711
0.014031319054288435,1.5242234146402136,10877.655445291077,968.6931849044853,284.42382217473966,1455.2296258771944
0.010156157997557792,1.9817613044679854,11892.491119456248,664.35654460873,106.24671695461006,1317.114737725425
0.008165309592943799,1.38344585241014,107.9991723098292,100.46143867433896,62.295847385322034,280.19038309275214
0.0156055653195261,2.4297590711029415,1066.7900821278654,4136.515749361176,78.24305446271077,4907.232149801673
0.009367128610065768,1.8433756504896326,13733.188009247888,349.9381260739034,203.95407878002902,646.2837950469147
0.005681988641788139,1.0082173395113094,19779.023355253943,1515.8978698833757,241.78349687558327,1662.8574294195496
0.010463359945598175,3.851065181709987,11711.621903489631,1015.9658187190157,236.00792897071747,714.813229336117
0.010537267901614517,3.8335784971969775,11850.19404424179,1963.8384134131086,216.2909585665093,1089.876582972523
0.009857531992864502,1.990040067873344,13687.260604271709,469.3185982948809,99.08851623824066,997.8673440591494
0.010670973768549006,2.9759939737429444,17605.702851514154,1023.0658381773695,159.67994380702828,1001.6422689685784
0.009664957393685199,3.0714771203606035,6968.925629427325,5551.015384383303,178.96072872481753,2534.0282459398422
0.008070847133891484,0.999534454115423,17731.684732210906,496.7835054806268,311.8284056046328,710.1874983277929
0.007884964743869825,0.9896104791000342,13825.000855779894,1998.7308523197505,259.4799029031326,2061.754394189013
0.008045755878382044,0.7800217323042469,14851.131957410464,3981.865913902583,289.94230785145726,3206.810375012286
0.01025253398115876,2.459718332430526,6900.288795840326,1441.6475221201395,126.85229022875308,2161.9442592052956
0.0100400147582523,3.002636656915286,11934.470703467176,4643.34461260016,220.2994087492412,2365.0062306500154
0.007953342508180824,3.041085176656204,13774.595290128227,1020.9016301738492,305.295262627841,469.59170397565856
0.009826311432521214,4.979617142612424,13704.564605102225,2337.0866777227716,234.55215196963385,886.4299228018358
0.007754235458034566,2.969466380972503,9939.746387352092,2021.0968962545794,253.04792814616638,1015.522656721401
0.01322911070404288,2.2547433439419162,2283.856523880061,1088.8421065088173,55.76945602797621,2522.9464027633026
0.005991631124642613,0.9986758768749852,4124.240645501378,647.8624492447173,46.16902428821492,2242.7682183561205
0.008000021643932638,1.549041717628375,7795.210360984159,3195.160097502486,282.27918421399636,1853.5226596804537
0.00790656791803378,3.009624524243737,13791.267998559355,2028.5280506662864,173.54967791500675,1303.5630618907096
0.007895816768785448,3.018519985217228,9868.632723026521,3969.7439201840702,207.1506962834213,1782.0293455146882
0.014034032919536012,1.2839503410428301,11179.896762001386,2001.0371066491678,288.18223155905577,1984.780362327099
0.013164614074288601,3.021592602841386,2507.239350439007,712.2541762493628,44.20590437465018,1502.6978312579465
0.0080398909341887,0.3894975130697735,476.47662430043664,4777.060363892619,65.56049626215272,6665.949677177845
0.005901703039374187,4.016719884995634,14767.464387989947,3294.4300637429046,140.54584733566554,1394.8962348654147
0.012623668363187335,1.9115460648988387,6815.960936396655,1367.6818846931196,271.692409534436,1735.29295249676
0.003964243868492597,0.19870844896938847,101.39359370982615,3317.0084190307844,13.808406122340028,7340.438210864832
0.015088976968578176,5.904829336821905,10093.014933666434,1019.2911576439501,276.7974955943594,549.4375651487705
0.010820290396756749,3.000964401507817,19753.226937979227,2009.895820600393,341.3547334916371,730.683436738538
0.007846087307881732,0.7774851463123141,12994.052570021522,983.2965497382875,309.1729179877372,1222.5009757764378
0.015451836100270074,2.4858428800641987,5085.373553730328,1526.0846742032086,199.52373760882045,2137.1749033097344
0.007991766545388643,0.241819559611326,988.5626666372356,4856.980410383923,88.69685573756362,8628.689729921372
0.008004713638167493,0.774907097200696,9841.115580259186,2249.0726870187973,149.13059406157103,4107.9193856257725
0.009947220884029438,5.021256657109073,9771.590154078034,749.5370782805791,287.34428586730934,416.4671793560432
0.0060846295674476985,3.678969477226998,6860.718905095026,2703.2830567157744,257.9075140984468,934.1237404846771
0.007785151451044695,0.9932256110947337,6976.357827052805,1977.4374005029747,129.07065359858572,3547.9309367076858
0.012617390077822567,3.742775060006213,7008.625740583029,1316.347634036309,267.9789025398373,1039.527212201592
0.00609883190175203,0.7816944534406178,9716.379670338534,2209.5338938044188,237.29864178994336,2559.1644182891087
0.007894303636156395,0.9899849541603434,17705.215915232482,1979.7001868273014,120.13274810968288,3918.7496415279466
0.007992836376144188,11.00413790778687,13782.06403333397,1505.923626618562,299.3830918661143,180.39960624499116
0.014229234893610294,0.9852781717873708,12406.92954461074,1015.5860427687736,278.667273088447,1667.8932875556693
0.007790980888130711,2.641577569019756,11612.34689879492,1706.0125181817166,136.834628633091,1522.4643670501155
0.00996383422650673,2.0054168116798703,1075.2790458905877,428.67952040294,73.02307529636103,989.1153790505017
0.0038864607189423965,1.5218762070865428,3037.4173779585076,1293.068903040157,68.45467052118228,1711.601253870095
0.009903308750476262,3.1500935599054567,943.3921247360661,876.9143120369265,136.85957982638502,925.2714977665778
0.010001035265172662,3.0370655731343494,18144.409411009365,1163.0341469728457,333.8922098591855,431.2456785824582
0.0059732097170606,0.7930689391172343,7877.792952627367,4016.581731951579,287.9644105645123,2387.771534936346
0.007885652456574396,1.5453107588274817,17424.205611490648,3234.6288768622035,264.7216012600332,2278.406287802852
0.005878960730379289,5.951759804466809,13792.034063456753,3365.2224096409254,177.61132705084617,847.6491233455773
0.00997543734818938,2.0146442602754715,3993.7909398279357,553.8531172292988,67.21918047247685,1548.3216712272927
0.007773746256736228,0.7691717982931863,7911.3613396317305,3281.5991586206164,193.60205245099672,4089.6441574338564
0.007986528645211186,3.4897742993857452,12931.51437933343,2017.8762882755873,299.5608223896185,639.0681981788925
0.00810363483399297,0.7782794700815813,14538.559141520522,998.2055551701496,185.36479941479186,1968.4275826908372
0.005676375429379245,0.43468768673954916,7290.233409884449,2081.657995258687,206.53076424430665,4528.272833492158
0.008128094709399151,4.0198163876210025,12020.541151347565,4936.73522793825,314.0375725297543,1128.7648074792928
0.006114012074510373,3.685412312003243,6791.014244378309,2687.5967851832083,249.80510697343323,989.6358362989248
0.013109490245132397,2.0319290182556036,3007.5034140497755,881.6243520511488,50.0743483506774,2520.6228002959215
0.007984624257918255,1.590776346477021,7809.6593908465775,2228.9240333177913,244.46013727691587,2019.5461800356131
0.008028975632122898,1.0038997794224271,9841.943834424357,1002.7634193357827,214.31563573797064,2017.6036056265639
0.015025033283034242,6.0647453334616515,17760.921149656217,773.5989791096009,176.75152510792648,561.5492187307798
0.009375379787432542,1.352833671616775,7000.3608705124725,1012.4365817705714,250.03453442944868,2038.0905134573932
0.010885954759558886,1.9796932640324465,17887.547217822594,1010.1795768772673,240.57788704231083,996.4507082093876
0.00394992421751083,0.504102534107891,7807.441882378399,4378.47368437895,239.8814283558068,3438.1446640235454
0.007978636162886342,1.9862299341116396,11685.406965612165,2796.4548388372573,260.31594002507563,1444.7032678426638
0.007382583603118423,3.732922755996842,9776.752096396416,1971.1695983126212,165.4064729816343,1160.2417179056388
0.007840491139228384,2.9990553940200333,9890.013428188971,2008.4826965281848,63.70402595486355,1891.9388360314992
0.00820375223469266,5.314041339807554,11765.287802596715,2312.0205167442755,306.9787841061639,495.78729349199665
0.010003739958309749,0.9965372764311028,14076.209286090532,313.0803897006645,97.13157895968602,1380.9749095910913
0.00980607189676759,0.6001949733034554,3087.414361652698,922.6479281054309,95.62046395031697,4808.273689519781
0.008002404436412631,1.64638073755168,17740.21858864466,4583.530669055193,294.25556617057197,2568.1789256453635
0.007864326847737264,3.02872218507741,17428.58109297929,3966.480811161036,205.29352969405474,2315.9957086404793
0.008161151809875556,2.9809271385895726,11986.761921140798,4042.2502007101666,313.39665974759805,1051.2859260011312
0.009377394950299817,1.2029131614842345,132.35474262717182,162.40587748462903,70.4853780377711,578.2189420907781
0.009999901566412586,1.9899930096216145,2063.1527953387726,675.7355459361985,89.20568401956889,1497.1449022320471
0.00980427596240384,0.9522464906139958,2580.6680263085445,1746.4905653709827,120.51673240599169,4213.540067770196
0.010372655570274303,3.7630855259442293,17659.328513543966,2262.6885168321865,203.60042717616633,1423.2011550180919
0.007957457417349798,0.7830883919341947,2925.543073693781,3211.211993830825,135.7840712403114,5242.207581832184
0.007954375358645157,0.7863301686020561,9869.805216193832,2187.9527539167843,158.004779871029,4008.608843519626
0.009985320232394687,4.953139820986676,7073.411047832474,4262.838128842027,264.9902934663373,1320.1017672693874
0.006272549206137183,0.8994521184288111,7112.677241714183,5314.066956494718,241.06494579760718,3711.448113791426
0.009892543444671833,2.0966498515526735,2067.7907296227295,212.43781672119871,140.62476853555836,541.1153053024807
0.010877604359851904,2.9517789566350645,15683.108864159156,994.5737537379661,326.91056247380425,515.8056119825058
0.01265964778889803,3.687131471225559,6888.179659702147,1404.4083830471618,245.56844093816989,1124.1521079753902
0.005736035645340691,2.0235035792035574,17877.129455993738,5038.294935609578,199.46808253977815,3204.4572072266137
0.01346527621053823,3.6825178555608753,5191.66259178681,2044.5856241666436,241.27710339302106,1490.502486665548
0.015210546059465872,3.185825766937586,6536.701038562671,3758.474795173565,235.68538075692865,1875.135075520726
0.007751917547648116,5.851548821807709,13430.861720133553,1005.7200166728758,143.89034079232903,443.9890006717719
0.008016855008429384,1.003226366814736,13862.216491298406,1990.0411845881106,76.92618638697624,3972.500444091566
0.007592612010083169,2.0820830294825257,1266.7492023952855,381.87989472087196,111.64263213032073,739.0721910020436
0.007979756516399136,2.0025773779497706,14115.73707714024,2960.120314340521,235.91697055726675,2000.117881174382
0.008004484860704646,2.0265213697290965,1972.187820100938,1513.473299516387,202.603428762313,1460.1238874902133
0.003806160063633561,0.7987515322775494,9703.861515337197,5064.921667167876,182.10963118437886,4007.9075911762507
0.01077405350272483,3.0274999925476167,15657.133740632431,1004.0446476255249,299.81141927940564,598.3283420691214
0.010232860597623293,1.2374548418666669,1998.8033734484184,1170.993609480335,121.42562157023148,3038.4514911146944
0.006059926509489339,0.7939715199615639,12924.088481305696,1600.5237686088826,298.3016963471303,1424.9924624891285
0.010168738105377436,2.9987904467688855,11771.557635018626,1969.2947070320295,223.5188333747902,1222.055681176057
0.008222665113841938,3.020759997515847,5039.027865809692,1506.9269421877761,252.05475914495298,1038.1114701187284
0.015192876928909856,3.2207045848383413,6431.864964604293,1104.3043723490164,266.9843450076568,1101.724500924851
0.005847841529814944,1.9953660234271213,6923.86118941558,5021.233901956357,238.79588792546463,2200.6603666523843
0.008002275858073827,5.124978062524538,14645.362248483229,1613.404217751406,186.4290648050993,665.7405405846249
0.007953819730182323,1.6373842570741055,15686.128173674433,1383.5471923205364,207.49180585722976,1543.5236019711638
0.00999744891058473,0.989513259611123,3101.150761781041,954.8739406025696,127.21360456604887,3463.6488552316086
0.009976327462825297,0.9571403472448365,2729.3784224901874,679.242212247827,77.94701708553973,3144.291426971208
0.010012582782233251,2.2111613488983446,2006.5928086996332,792.6995991666276,93.29990166217314,1504.4343562455974
0.010065417584879126,0.6111503849569775,521.0017004215797,332.3416005262714,42.23759801401894,1971.919570387219
0.008053206047588668,3.069489774324416,10015.980556701903,505.5696736428643,122.23131236850782,684.7304587665176
0.0082166480812514,5.344900095995557,19585.139368691656,1499.2444695680658,329.0886174779452,337.3955922150707
0.01006081715720785,1.4912528530737321,4017.673727370722,681.6013163021046,90.0399517357673,2127.282583145055
0.007746817456597528,6.028431013182038,13722.178210968144,999.7688436934546,213.08115304465088,353.2607019144643
0.008191628651740362,4.059938038717265,3065.3306610084596,3001.921690622183,132.61825797550193,1716.679472136309
0.005824610893994001,6.049304649511474,6825.0938782837065,1495.6203467678226,182.55902127952322,556.6005034940234
0.007874994650010297,2.5489639676659395,1030.5493789100594,1007.6089092021408,132.21323609205282,1059.2116136988766
0.01059350216142192,4.007522112111411,14708.456959620687,2015.5548500162336,264.3567781511327,886.3451439589901
0.010158816251404827,1.0121843357747302,11960.973762289266,593.7307230304406,104.35076210363134,2218.334379694487
0.007847445289364291,3.0249176886971187,9924.360066054202,2007.8890491528975,154.83578809724557,1500.1016698708481
0.005687980543880965,2.9677626164225486,14752.228450924957,5076.3658234339655,263.61367478663743,1656.0517848671088
0.00812851595962419,5.961300178460216,13841.426243112954,1026.2265800654739,283.5798584083164,261.7315798301456
0.00769616190948151,6.048470743845662,7169.591362898961,4005.8622428058284,78.01993765123582,1775.89332529258
0.007742813877105192,2.074660273903317,1740.5157016592377,366.56648906526755,103.07095680436119,757.1964318988859
0.008100472938347541,3.0083944804213014,6936.961346697859,1013.2881258995459,269.3794138148881,744.7114925292383
0.008069208040743809,1.790561909589206,984.2739165452474,1009.3842055417551,139.98011071354952,1368.8191303327117
0.0057827886599105165,2.968382227689698,5775.528655451028,3376.3702231653288,179.96767113530208,1629.291447250706
0.010781738505056588,0.9965197552727897,15562.200531815864,1997.704803752624,117.64028424291787,4195.878215255231
0.010140648906472347,1.145846104813998,264.80998302747344,196.66021185402025,25.40283452961334,835.5750168047658
0.006111528836685041,0.3062757898570349,310.1689572760642,150.0623071724617,22.513710909396224,1315.5545114479457
0.010034392837568318,1.2604369070031776,2005.1876632191409,210.05578757357475,41.192354639271635,982.7914953767346
0.0060787499005694,0.7943268446101815,9724.449841179905,4925.795710719966,301.52795226228625,1951.1825676242001
0.0078932832159688,2.989480590887854,14689.815503804004,2959.9070256506166,323.86796147979476,777.189824441656
0.005786580225530526,5.0736135855357185,13619.429307063065,1503.2008186653227,302.7748410539829,265.7943334437905
0.008088370670256797,4.062808626012489,13737.113222691836,1504.2495334004313,98.94919029594821,1021.9403723000329
0.007902600633942197,1.014091864142637,3076.9801666653893,531.1285938506434,63.32540156275223,2286.1720878980186
0.00997768576854688,3.044376795864494,5082.795103555312,1129.8175299964207,242.26899135980378,1095.544265600077
0.00801820454425182,0.7831950467757696,4898.956575426631,3964.8513770933478,175.83159064597447,4609.106155620835
0.007655069932615422,1.5587011286986436,9628.858633336817,1506.22386618654,285.31407763943184,1304.70222334662
0.007976543948124642,1.6011315476336632,17713.944544415735,3209.7027883883006,290.35413107707194,2083.107687227335
0.007941590007025115,0.7891308606871144,9658.816098562707,1636.545376860611,177.9337024419154,3234.8916715649502
0.013148308350194251,2.529710653465231,2123.593472176016,556.6147830891787,40.47247003395671,1444.7401035462417
0.00816109593492025,5.329392285744275,17625.091609837018,2035.6004657213714,292.1866347653279,548.6357251814023
0.007971403457444327,1.5387185960163285,2919.001792086849,1592.621069264784,158.46928530894527,2581.9766482094824
0.0057323750799120835,3.010316032072699,13655.915309448828,3318.4811894856502,278.11158925946285,977.5022723683472
0.010026797377283706,1.01534290168735,13853.999298172213,1871.9472144498995,200.8719143512347,2945.156064805065
0.015303208795921024,2.3671284044499314,6616.49921437951,2174.684053423112,261.7057568997649,1773.322586952204
0.009966058397089365,0.9887008262877593,1002.7193164815978,174.09632711601648,35.90485076669329,997.2989006383128
0.00803935704444874,1.9758069271047352,13998.61435808109,1238.850601781214,332.5542127880021,613.1083005144216
0.01195827798121118,0.9983904571674906,135.0804069298861,117.32007881690126,84.34057847083936,545.8267289979691
0.014941363949758651,3.93403740881155,6425.9680743126055,1443.2491949262528,255.8425921678572,1072.8351534779467
0.009929189019495905,1.5065564583808275,5016.657750849336,677.3431525370369,87.20709262352855,2148.4051500505757
0.007725268190485473,2.6184215631090124,14739.221040601164,1237.267444537771,269.0191292453862,757.7109372462875
0.01017966471647055,0.990800405154284,8003.715874769185,2281.4249869770993,101.29346145487271,5065.045240782318
0.00956720014514705,1.8420298852595907,13831.596989066604,1322.6353000853298,91.83231517338677,2055.1207100164966
0.008021331785183751,0.9937905468298636,15296.770340902605,2760.0298841972362,259.8919714387127,2833.2310097490413
0.009954397325823242,4.983639553372605,16085.84116647087,904.5841130925405,324.9820362210282,281.56580665445665
0.007660385055451203,0.24804490772037363,11628.265035650627,1989.0950921140238,115.88945802335766,7951.58218337572
0.008054582083244744,0.9981669803336418,13700.00982680875,2040.7955624209346,158.83236137026677,3251.606625382533
0.01006468713752422,2.084511614762028,835.9897239238209,348.51753301378136,124.43831904292603,753.2052767415098
0.013389543014736648,3.6533613459588588,4262.852361219654,2024.2821442505542,232.55006423930558,1488.9526680104923
0.007742658150556503,2.604095064038467,14815.550900970688,1302.4761715447182,320.64271056294984,560.7968139822356
0.0039298837984681045,1.4990464453116523,5115.393870656801,1699.8165029696393,76.89135276042471,1981.0029028438635
0.013067095164874674,2.2415372451876476,1455.2806541359473,876.2573093679098,48.769920681683885,2012.2067752287944
0.008208873837976752,3.0126927976197044,9819.637629512697,496.0109974531091,158.22391051543258,582.851945123955
0.008097477074157351,2.9624257116768713,6852.328144389634,1994.6229646739298,186.11752055374524,1491.4563864733489
0.010007832388506752,3.0005778984406435,13760.987801649388,4267.1653128956395,237.91217335437756,2213.428615475364
0.009202147389721756,1.9747804285769655,7182.622582510747,1185.4859243050876,245.0611844196991,1632.0464950977087
0.007950418687317183,3.0178691044220445,17654.631127830162,3988.921342399244,286.8705455045121,1663.2632375348235
0.009890039190246717,0.9642053342988824,2017.708690349763,254.30061664797304,54.470371471543686,1523.454881005321
0.005512748385448787,2.506888563283682,7003.494703772928,5897.711399209863,221.94087907761227,2229.9178198645795
0.008047359698187732,1.573058206670366,9722.354344660489,991.4395566835013,190.13534589569315,1527.4304748457525
0.007841029451492773,0.24974419369813278,9775.642057293771,3013.8613067768783,201.84119202642006,6924.528317775339
0.010018219084726426,2.2369342919273016,3249.652887190505,185.04049143949865,47.448212112302556,484.44681716568346
0.005769442971922597,1.9957018566611306,15737.255186035965,3483.547585320175,260.48694118631886,1674.7282437180704
0.005781570672949353,6.109147550186754,7797.8382080688025,5079.166144310783,197.8387476041761,1118.140210944144
0.00992532318858588,0.9862217542223125,15607.610235042737,1526.3632910377607,203.93318244657468,2641.512383544067
0.00947977440595636,1.790932635737959,5549.4567781763635,2707.8533529444458,203.06623177373362,2717.2375162274443
0.01080783600708775,0.8481902129056937,7074.656107430245,4064.4868057580516,250.69784097924003,3194.9380655720443
0.01290391659333583,0.9144569556937974,10594.696573059657,2849.789572628165,281.69390629226365,2542.5194489857226
0.007987099916719777,1.0097983935114616,13620.94857676141,494.8960390460334,222.4501372513128,1109.8445472073602
0.005747644318203397,3.001485437255791,5859.621747400925,4946.000330286788,258.97380991620236,1570.914808571137
0.007971654260872865,3.13955935263247,1771.6630336510236,430.1747753034235,115.67244082637635,568.3647551805814
0.005798164670257467,3.0214723979234344,8030.192289804008,5078.611638766604,264.1207690811652,1674.1298204035684
0.005428678958176452,2.5669930850478755,9557.85216721279,7005.501123479259,297.51961791252864,1837.0355076443627
0.013930536166450486,1.5445841500989625,10904.90608408071,2041.492653005052,298.98354630239055,1478.182149380695
0.007956446563157752,0.9887373519880771,9866.331006939206,989.016005378151,238.66966613740223,1740.5006665469114
0.007813214005048615,5.9957531869578595,6998.010674737908,2007.060561745403,69.09608048299158,1080.748888878293
0.007829725021404445,1.5660148931212057,9848.29771608722,2755.0617659469294,300.774619399942,1257.240485568323
0.005777472530998937,2.9931647299634565,7844.534482772802,5074.154342609992,280.04514834351187,1459.3321390771466
0.00789260181291867,2.9400500791743673,9966.777827884318,2022.4132616325994,214.65370353207803,1221.5975336816216
0.006951135594488367,1.2116490222812415,7728.486809184079,3935.7377406944734,272.7147890592082,2160.202462190263
0.007768919621086885,0.9944184646777444,6918.654755742888,1026.0002517887847,194.0472095795567,2448.808950798894
0.008084957502266217,3.0442727264240252,16022.821781392437,496.48876868167446,246.8398003917237,390.8312657258516
0.007739306760075505,2.9810135269921245,13569.06902319868,959.6890619169116,218.31627722379295,658.4718795881939
0.005773659125571967,2.0116109327582636,15917.76765514393,4907.90913024779,218.79374656872886,2751.44952879078
0.007938164340952417,6.060077798668652,7877.928725371191,2654.025972042408,246.48246880311467,740.7753336736343
0.007951239163742284,1.0195004035914341,9645.62355172557,2049.3393557861805,192.85556703889463,2714.424686919449
0.01088588488594418,3.020243544606332,13795.369293779631,492.4659751960833,155.23303119998252,650.9794145552873
0.008061285938391905,1.002015401222366,9886.257787562137,2004.567343074211,186.66483490618106,3118.336840049264
0.007930863077841376,0.9939758912022528,13886.366877457105,3047.3535875652515,332.76194180390513,1455.0246680320474
0.007903204698467333,0.8011666725901486,2921.379654307586,4002.709342216684,156.5094845663104,5238.499792666346
0.0126375784771185,5.568753370231163,6868.662143249808,671.4177154491052,230.2440288914579,582.4930988387956
0.01002196496832175,2.989551939317597,19940.171381041742,1830.8349587063922,347.34232979874974,685.2450188557975
0.007885268441117192,2.062400849064975,977.4294872814785,802.1863981681972,120.7771046413242,1000.8619172383466
0.012609575178534897,1.8374531127388702,6892.176473597761,2054.0567345596696,187.88887580192738,2606.7840420344364
0.007858922216987202,10.926849801810596,13824.168996726656,1524.640357943382,198.54392243711277,320.54549256550666
0.007031240930488024,0.9803372246663046,6985.65905172784,2482.8384394492764,249.73917571982483,2841.2641493475976
0.012706391406950424,4.555657712067161,6937.683196793723,653.8695172541231,257.7111174158553,676.4264282791213
0.0077052328187370445,1.0206957341786103,13874.161693745611,499.26839379246206,119.28950138890725,1318.7393531597054
0.007922858628040659,1.9942502095323846,7816.561655755601,1986.6045343720616,224.11196345389226,1828.1473360318466
0.010721703510981577,5.010462432508458,17756.679376902124,2055.9507797839938,235.35941794055356,960.147721219951
0.010106485089604506,2.9786880096783226,14065.126904860053,6483.175713868549,309.62422774925744,1972.5667384101225
0.005787150567668344,2.0463266801523807,17618.493760797253,3197.187908981575,304.87545678557166,1331.7119805360362
0.013343425681519566,3.6611471483709965,3837.601473957528,2017.6936556141668,227.26032401042846,1469.873157249778
0.007982996641308047,1.9959211907897614,11678.735202657717,1508.6737756280852,113.80587261897655,1861.1791237232344
0.010012755521867213,2.5072363150957675,1356.54185061302,345.4743320287579,55.36900096183751,759.1719896027827
0.013962262126821877,1.5323172477443239,12560.207205825516,2009.7338743375296,311.31088970114223,1266.0583020165068
0.007971845841523514,1.629941108982828,9760.151789346162,2707.9182536683606,193.71742261863912,2394.1144937232357
0.008130858991739246,5.04007439117682,17467.803814940973,2193.603625297941,305.59950472853996,547.4335316607877
0.009951264800510888,2.064093699936777,529.1552752475641,742.7129001202732,89.56927223831161,1073.2615503021555
0.008010228257527114,6.050310135605453,17914.57149263664,997.5298854432408,162.19703994359656,461.76449466514936
0.008079366777708364,4.998484251806442,9821.256448613845,999.0405671202782,129.40970741375514,654.3657127765247
0.00979535835099073,2.033337327284227,13956.940996344076,2395.2954701117137,130.6316628194923,2956.653490266247
0.0058088731683241385,3.9676974704185057,9834.39439868,1506.4632023607862,196.03189003047177,628.3666240525589
0.008025657688064078,1.5570477276532377,14855.783041975883,3197.929168327737,280.83106394368724,1861.0944119816988
0.009960364027661163,1.989957831668164,7062.295772656588,6323.4488077999695,193.22904619548976,3764.7613778064765
0.006242331975735806,0.9029737649968107,10396.057617102382,2576.928273508322,87.12571468193237,4604.630349678353
0.005972037370393955,0.7956137204543279,14700.700570034713,2707.1203370439794,300.7690066911768,1937.9324141594536
0.0078339961441252,3.003318896631421,13546.3709946203,4032.495485944959,230.56162511849843,2012.7817579698562
0.007902607753878174,1.208157059574427,109.0294262023681,150.07978546874162,64.25655983077841,447.1739825559681
0.010027059026190766,0.5089752646128353,407.35854849634853,100.08346547702868,60.56195878328738,988.2612224459086
0.013244893370563051,1.750659485017011,3419.4580457883267,215.409893454922,30.49424048914385,993.608033437697
0.009762189247350181,1.9959861341781706,15789.49767858191,680.4231285064051,114.60731771101283,1140.3674040123385
0.008027656644842169,0.9917610516552929,13636.05939862243,1011.357539707324,135.7894618257675,2240.586956042166
0.007914991920969158,3.0153382220886638,6785.008878565875,993.75029680352,242.2443356101053,895.8171580758542
0.010089200053400462,1.4760905524139356,3187.84519760546,990.9309995280939,124.01526974665038,2544.6206612180963
0.008089837888978126,4.009961169305794,15834.725143218035,2029.7289748058013,337.16677834318835,414.41174088755565
0.013190415918782809,1.7536135199876106,2476.457097440134,1027.2411273112223,52.1230038442861,3001.5465198919624
0.007647170810953858,2.099165905256463,660.3476594969146,346.7521215873437,113.17489230258094,604.3231757705453
0.015181923703882208,5.974067262100656,13775.112374146489,1020.8759625540762,177.2023402372143,744.4464592219125
0.00587283685457809,3.986726963485058,17948.780331671678,1498.828386769182,116.94239423275066,761.5264875240506
0.010047837210729906,2.9184079177561424,15809.291796710166,2447.2863618097517,327.15657132092946,897.010679572758
0.005867003067180013,6.090241713654944,14818.337868967446,5060.3918968887965,221.9155459022437,1121.3651185827443
0.007782395762459202,3.012873467351746,10136.099373209849,2049.624235445765,110.80640973329552,1718.6081986658291
0.009807822293214674,3.144312304470365,1963.1797420400858,626.5876191633514,146.13644789238876,906.4400563750266
0.013188936477012974,2.00969159674792,3330.424745647431,615.5328318888639,45.463284924151765,2030.4161563396517
0.010796483710016817,5.09846573672041,14852.097168508788,1014.1013851659636,282.39549865740946,430.54439417424857
0.008120427635979468,2.5529649159752803,9810.508852352497,2759.2587809577262,293.7441155877882,1029.0547698484681
0.008048893723243158,3.018728798861228,17520.037082166215,2009.6991306696077,74.08656129466442,1963.5094489727169
0.008000659390519499,2.4302513516871866,12753.517785444805,2715.7220476105604,259.61112978361774,1214.5391489202948
0.0078467106503019,0.5012919740251696,5833.143071573077,1481.1529305239774,222.82112363756747,4060.699053732077
0.0100779819615145,2.989327105077649,15871.703965148026,2877.9888762597448,240.3636180623168,1694.467618677869
0.01299154252873238,1.91468988701426,7041.500296683127,1266.6302949784492,90.42466300355062,2603.9141405386276
0.007931707002634234,1.9990889610764506,17825.29038577901,1492.8391613164042,117.74681363768947,1713.7256521444933
0.00801481810786541,2.9940135665840937,6854.980771268884,504.8899144807057,213.98421181832518,598.9534686399414
0.008013134214904225,2.4496192028248798,12627.43105482954,1601.0724089447917,257.98931359150777,890.1507766806334
0.009936472250281485,4.955887433586306,13844.224093654215,3691.313454788383,314.3791996754691,818.4710232196688
0.008302785247827942,5.441207173407947,13638.007357324488,1498.1604523035244,315.9070890603898,299.2169693069525
0.011456355611077997,1.7483549419560158,7014.625682200771,2027.061324172728,272.7532880752699,2027.0230086749393
0.008094272359748855,1.0058702571540017,6891.773996446722,993.7188245844867,184.22815322159673,2308.487230938107
0.01015041212587963,2.9720621797233266,9994.87350521542,3524.914067269524,208.7080531486258,1875.4899954788448
0.007944528190747919,1.5833358737185625,14737.093425090516,3209.902245364383,230.9138836561036,2546.878530230385
0.008215128293408067,2.026857089239902,3008.4625242766915,2978.9901955794835,223.59980757257446,2004.2243822228932
0.004847905339885256,1.697367931617418,13737.864626280056,2837.646636599054,262.2299917558741,1246.4792281066211
0.009971607777987971,0.9678683396543831,2284.88342636768,1404.2364009977969,123.50071935157136,4022.7528010270944
0.005879774847388037,3.951307144116141,17734.30563620758,3258.906809215744,97.84872349040964,1700.0359000583155
0.008055390880030551,2.985707319726849,15661.305988294056,2049.8958590491306,317.99325020150593,624.9813367349855
0.005809278571846888,3.9848678097474224,15973.22722503582,4973.498322073053,118.59345761904814,2246.649032442056
0.009259730101503006,3.0307402369271768,11250.148675275945,4174.542038801732,271.57252746685646,1389.4571882837254
0.007945489291013555,1.5908360915369186,2960.30158076466,2223.5517582351495,183.8768767481352,2730.321685259542
0.007929966777601806,2.9462111271250344,9996.690956032902,3989.761932378271,224.50288923374822,1672.7699041916803
0.012754070262790079,1.9326698184641675,6859.250913325337,939.3527626603618,228.59696058561067,1773.537971431556
0.013103440818291269,2.7573333676535334,2714.426356919038,965.0801487975735,55.18081239548599,2043.191019073619
0.01173881481624517,1.3640970218769286,7182.335230356288,1016.708444333988,209.81996447492511,2553.914853904753
0.00806166337900541,3.0550618025017395,13959.269543635472,1270.2107088968307,327.58150955127195,461.8957568643373
0.01306816725109484,1.9983847301037008,3270.655967491962,400.0016627192169,34.36856146027717,1424.9232263468214
0.00796224534563035,1.9914989907309457,17872.306906289265,2022.1077351140907,345.18336321875444,751.1212811364782
0.009845671574459683,0.5878709484155712,920.7922700497819,703.5314691347616,74.92769622043681,3895.5823702242005
0.010128492887203027,0.9735528747321543,14030.958956805292,836.3409324701933,122.87122262124481,2450.8703024723345
0.009997636821175621,0.9963711453645879,13544.931416298918,625.055761433283,105.59830851272788,2070.177550997516
0.007992753516700611,2.0018102787934176,11659.778474088438,1003.591634052402,302.11565347916275,724.7822577149875
0.009861688584502993,2.0086885257980556,18144.648352724922,767.9183256658819,111.30537655088766,1275.660426329072
0.008140482686048407,6.052399743477162,9665.148382468384,2007.7860562458238,216.86130587916432,651.4646183151202
0.007831662023132405,0.9883573128584678,6828.76194612292,3936.1823519598474,269.83691475142473,2537.439808600204
0.008078729319223639,0.9984804959146981,17873.756816902234,2010.5568864866696,213.0288420762902,2548.4343230956583
0.012916495203675129,2.022565771046162,1028.2802269794777,504.87598038551107,34.556876898769254,1488.860685727581
0.010203147742629546,0.35301479519719065,1560.048232115299,1583.3895724083454,19.643039567684625,7313.571129486789
0.009981959050212591,0.6009085915458788,2681.0406851297325,1011.0793057229008,100.5602652747994,4910.073236624055
0.015024275304792722,5.187893297306702,6876.035527235077,203.16447317904394,270.72829322821855,224.92538123858068
0.010469544769164481,3.8062389356677873,17705.497959073127,1256.3741955800501,239.8617773125321,720.2881352199036
0.00997582425803247,1.0153978299024053,1757.132641241793,277.42446142773565,53.50500040292083,1533.2522438752549
0.01256504361511818,3.614653848825673,6837.814048258426,2482.4201396187336,272.42673737751403,1320.5090589369636
0.009586864894094153,1.7481756367144854,6975.048814811615,4018.0585314738987,255.79368287740866,2201.2410143333686
0.008311535179062926,5.436815990393238,19611.46547911159,1541.0250341557376,321.9721047499024,362.43657239771477
0.009856458302612617,2.0373903061938488,13911.658180951532,1842.8142643795265,124.88549452970325,2434.1599685274764
0.007894927391048674,0.9880383754233377,3076.5786606694382,825.3514863841657,61.24407004445553,3088.2094443168435
0.010077309604243724,0.9834277712652338,9872.6924203066,2297.9885961355244,137.07190772132867,4378.295637412494
0.00803183318345713,1.0019012714397297,9873.550205391793,499.09162223186684,102.45906566241186,1701.6709355430778
0.010192162318823915,5.023267029276935,19333.457194538012,5184.291469796368,260.6735702930273,1835.305528786986
0.008020048888383449,0.985944907963842,9939.459384509402,988.7919273802503,235.33824250480106,1826.6613863377618
0.00626880276645093,0.9333737000718222,10365.385446307257,7583.306289423063,266.8200735881989,4426.163702277477
0.009349317474008524,1.8319821939052119,114.61972878827639,91.02944515716109,60.96998879724997,244.64462981939872
0.007947977246501255,2.999146586104985,15825.092577347035,2017.4852760301019,275.80637301640184,849.1154185706032
0.00770549581098862,0.5008725461442108,7923.871358095219,2012.5647870689027,139.87188183951432,5618.401795440589
0.005907153432341861,0.9980484426129861,11809.988695767719,5001.627005340492,202.48007858664445,4504.3548725499995
0.012708584101537003,0.9211447771095269,10379.77390680688,1394.6416650595925,200.76471715362015,2913.3863820272154
0.005992139877126756,1.0153023457548662,3060.7375942324875,3105.5190051324753,85.68130775354557,4970.442197167886
0.005824020841101164,3.9816541918314514,17447.210683672874,1478.0348089451886,179.2341585148702,649.5585585035823
0.01046784976583665,3.761395448710527,9783.310802689113,904.1041394391093,217.35170695402428,750.099581119677
0.009980715011271785,1.9942792207984228,12087.973450833717,4656.6970792284,318.54365463032434,1628.9123745110799
0.0039167093611799705,1.507004781916014,3069.2273021822857,1735.130450115261,85.10394690374227,2104.7091890650445
0.007951597790247187,0.9915696754520215,13709.596175298315,1981.0578756458315,135.11043998550255,3485.8714019075965
0.009809541055336938,0.9951132199214803,3452.7718361027405,967.987465449191,131.96033326644078,3581.0766487275714
0.010048085507480013,2.990438355275283,10160.4675078523,392.6426444890045,286.73561635667295,437.9017152947618
0.009982395265807286,4.913920070962066,11964.173046939954,1443.8529570212936,219.34047360516115,691.7771519591213
0.00801283429584329,0.7725388474945387,14674.530986411572,1605.1571945651583,276.20319177328565,1758.681747622813
0.010062726439841494,4.986730691162619,18150.339566451235,2632.346686400724,333.8453905163245,625.534974756033
0.012811986538000331,0.9118524080415045,10382.440920681722,1348.8947467029316,200.01334114992852,2922.04076084936
0.008055948923300926,3.019404101709757,16218.24818028297,1503.3230266881337,336.65767487616205,436.19910932342873
0.008150961113683223,3.000468219221266,7146.150987885413,2020.7068556704094,109.24778921347476,1924.880921794571
0.008225975550940862,5.3798382693590945,11759.66970961765,985.9531098947944,306.4913595739259,262.4546440260066
0.007956035203198547,0.9937865311734977,17653.51904543148,3978.2090430447784,164.67848670438133,5466.090841147322
0.010888875219927478,2.01331690000234,13840.816224361213,2679.1887866509014,255.4400645269634,1855.867498979151
0.00999159431032141,2.0080227543503915,6900.117141595023,3539.4858671058178,169.6325657125031,2952.9241165339536
0.008214942928178119,3.7186343337840246,17897.028747883138,5947.462066320137,257.50029779252804,2448.198789063934
0.006143399191367931,1.8338501157834912,6821.673095868496,1391.3608824411301,221.16797427462947,1467.002464463565
0.00799189798362201,2.990874964452975,14180.918011839954,4000.4566444159614,242.4662315615937,1792.3017306108654
0.007788354438101167,0.9946348943678266,13644.03715121034,1038.3428375023204,198.1159559779979,1854.6303952464286
0.003949062039023713,0.5030190156893184,7839.22816665885,4444.841018773468,219.61866663737248,3944.0368517103448
0.0079928119289511,3.013411964222849,9882.549302042722,502.86212914779753,203.42315327507822,548.7804053745031
0.010058745590470658,1.9899761733752814,2251.0220275524703,361.1082599765422,68.34048971050525,994.9403562238313
0.006071913590918905,0.7976629593218062,7898.663981995333,3195.646638988713,229.3011575842942,3081.071296479648
0.00391887491372363,1.503478675700209,5078.3185226806545,3453.421927802504,69.50032810472213,3248.273173668934
0.01495554917549909,2.3549120004730817,4954.064240490492,2266.700906706292,154.07981807685837,2690.4258089428304
0.008028684718654614,1.5705783777111142,12775.459529405294,2179.373077549401,285.2941675062754,1203.7754775180922
0.008066780848914325,0.7931151512087599,4882.374187964034,1628.8750180410705,148.73638700233275,4075.225650657072
0.007913825690398724,0.395776614159302,1975.7473719091472,4654.861976549733,122.95523746787268,8014.170867430924
0.007841790644808227,1.0264685701827614,1394.2736372744448,368.4906373317736,94.9449386200749,1404.6379199852574
0.010996105850630206,5.974531041326207,12851.050609651807,1608.326554139782,266.66904962877976,507.7441902928154
0.007877282176935216,3.009663540509713,6894.919361642413,4053.5320299829227,42.976474836112,3081.6576044918834
0.00812513096245429,2.9646294146130896,10058.317998413526,489.7967062313747,293.49945135256075,446.3392955590013
0.0076865176768101074,3.0117510857629566,13805.322793395966,1000.2918605973092,242.08166601027156,660.5266821090771
0.010129228225288394,4.915937214463886,17937.729925152296,859.7412143872568,334.8082684723007,241.76815793443367
0.00806568599345125,1.810949001775134,2949.4570353818635,988.5306131693964,195.28934168959677,1512.5782924334092
0.010854902883825986,2.0094668249785905,5885.306239060168,997.3343614773878,259.56604079896266,1465.6469992297318
0.010010140183895806,2.025018464127025,14150.636700450812,1969.0350154059279,330.6375742864551,848.1965586992518
0.010549686030285364,3.8016190114504598,14690.00337027756,1128.715548120112,94.58415728634061,1084.1582620042223
0.01071060029747337,3.9813218062053277,5888.722732378626,1023.386844039666,177.18738854481936,1042.7891136824817
0.007863036924041318,0.7783300362090115,9739.102868872138,2716.5271502205505,194.61635645793098,3884.2291898857
0.007342595269991662,3.8181663132435926,17485.318181139333,3240.0525385827077,265.35883662002794,1155.3503165730287
0.008032329339125519,0.7786068745282138,2923.537751029231,1689.4657748944865,147.95360559627338,4500.060650377378
0.01437559805393131,0.9862444790089181,10925.125952436345,2721.1730921911335,270.64069679078955,2905.630268932452
0.008122264421658913,3.6561774050945406,17884.245134710225,1013.1522973966094,341.7858912794205,242.05574574049948
0.010733209120099037,2.9824544408045077,6823.796079649023,1997.6395805653758,238.1338096394346,1507.7147391996602
0.010108063182830722,5.022910814176912,17611.663184235083,1125.3662738508324,336.5360118334571,285.85253174377954
0.00819670491659411,5.349210187256706,17868.586325124055,1998.5870273369069,299.5097124377033,519.3193682009385
0.009961447089047726,2.085130940738774,576.987635387987,221.60602698048055,99.64516788537095,584.0959530893211
0.014165327608861696,1.2747902327817933,11240.477069102644,3391.2740213049533,287.3063336621688,2225.678688078362
0.007976077276954955,2.041955381221745,17461.528715011427,977.2738467392762,236.17499218422554,855.7778152965068
0.007988340387823995,0.7824423890653517,4795.939149758561,989.3324333104763,74.65000307716383,3780.205665670457
0.007854386566273313,3.485784797454757,14675.0793327494,2016.1867990575304,319.64095870538773,562.6004952550943
0.00785277092806371,2.992423050615287,9843.614597576901,1972.422592593098,182.4486136590077,1391.9043723993987
0.00582104000234359,2.996302041370794,13749.430805966273,3312.832175873181,221.3684126409967,1271.1974313504647
0.006166461212254366,0.8001104339409768,9906.31885055217,3233.990958800686,201.9959362428057,3606.4715980737133
0.005822630189991818,1.9922495073728346,6916.155624500953,3166.0988438229106,257.6254118268323,1572.6380748945217
0.005940181898607765,0.7923235813949192,12699.63508301756,2216.408839354733,229.89358046908566,2498.4797558379137
0.007898583172239277,1.55881602409493,2886.687626556682,2193.501996221379,177.6146764417716,2846.195342673484
0.00968317610595872,1.7113534773483503,6846.814452302956,2022.9862716684302,223.3563329011046,2202.9723471152292
0.009856702245863084,2.0069568359860455,3194.8271854796462,172.92377871331024,40.76530529956381,508.73680664861644
0.009972901696497886,0.9636091604036181,984.4986152340907,1333.999772178234,115.15785468953584,3424.8641205209533
0.008155284657996358,1.577640230265844,4922.328783531396,4015.9884290465848,200.38728107408477,3259.5664245250355
0.00994222717792375,2.03516569258242,16071.775887116186,1870.548555754282,148.18978953661482,2300.9418184220904
0.01306530437950963,2.0129969919870403,2739.2459043193617,249.10056356238135,29.292063874251323,1002.3158285856871
0.005869581070352726,3.0114062429020203,9747.79045322459,3353.1701992799076,298.58119045179455,789.2508600843595
0.01313440712448881,1.976096000614818,2456.422871253614,414.16853789318554,34.35100540083341,1471.410370227181
0.00581667961318567,4.013101438685471,11712.769749159452,3240.390214914649,136.32360396733114,1329.812433547882
0.008143693110419193,10.87239972801373,9851.617793348794,2703.913959739925,234.80311799744186,432.4050452978574
0.010072923974710305,1.985901399572497,9955.173353085978,2533.544796946365,163.95364861494326,2610.6434294015835
0.005760723578020168,2.0168308468809135,7875.924235971652,4992.568077445244,161.19589914819696,2849.1704367695597
0.005854625849055526,6.025560017649165,14659.944708757963,3407.5645771323034,259.28345305622133,637.0478289479196
0.010072643959110538,0.3441398888751285,1997.7793875343586,2253.219708310042,18.948398051136397,9093.021178197278
0.007960225711009355,1.8190067240078547,2960.222297953621,1011.4318644448457,177.96016204784513,1608.5726941913206
0.008046455202268148,1.5897590727278683,12667.84329276081,2708.8764511090385,227.78333854062942,2209.586008626778
0.014194443763292815,0.9885848183885705,12502.355024122644,2026.5849038851181,265.1310277091307,2657.373198995015
0.008124223908331995,3.945540434869518,9998.020814796031,495.27371679444684,206.5588907174192,437.70137767489894
0.008051707234309884,0.9942943828105246,13851.159456538646,4031.034609419254,222.0850680220369,4156.919307575974
0.010905697869269306,3.0222091439215233,19797.08730717657,2024.3588611650555,276.0355167464164,1136.1665671573282
0.005925533843855832,3.017971767354345,6950.611947963048,5101.872496402071,281.7218078210069,1400.4228235091548
0.010079761141096112,3.010351828438222,13855.813268619295,991.2510578240742,228.963638203313,784.4660153864063
0.013034889642911046,1.4843725420449587,2002.5161271194133,833.6801546928629,42.275104524229015,3033.8609535928476
0.013283589607649396,3.684599574496267,15586.152619567512,2058.5875612225586,324.5414579216962,807.3888270406143
0.00804611241342099,0.9930963447468871,6918.845165644964,989.5422361043455,192.89793281372658,2392.7025776957453
0.009961524162251524,4.943915683650656,7111.373169780036,5897.602691492603,261.5383267646577,1681.3872369585795
0.012860343801977004,1.9273697463353705,7016.893795232114,3719.0967840499616,112.82942325323339,4481.570003339202
0.008034918131226662,14.914297426163953,10005.679332093752,2011.7569430813842,249.7541892376445,255.92502021774763
0.009756945810463945,2.99658115020241,4045.1119994070873,578.815644460785,102.96908656824885,993.6493100068677
0.008094256765406543,0.38469667587662365,1522.4416207305464,4863.815694861148,107.02978166572106,7632.202168884025
0.00800890889852737,1.0036111230522782,9822.893102789505,988.3833401838308,257.0471132653044,1783.8107387862601
0.01287293727965102,0.9127401190813605,7032.973793473807,2676.2407759612506,184.92332552078008,4103.489102853389
0.01270341715240005,1.9085962720298406,7153.108122679775,1885.3854483277612,95.85410860017542,3133.15881833947
0.003977267151745828,1.044558793714437,1402.9440468982855,843.6633900192489,57.54383200443935,1565.7511147442344
0.00808887364378037,3.0083627485409385,14266.008843004704,498.01482143470105,237.13709403079477,449.83327807329744
0.00988570642752196,1.153553914249379,268.65008699898596,288.8593511379448,32.88085042100359,1114.31297922783
0.007973912057669445,1.5972478400461008,17463.5207946443,1014.8131609784809,204.80668765977273,1171.3605852481899
0.010866354244152457,1.000140307400625,17459.931567327898,1507.7310943445905,301.02154256467577,1504.400803655113
0.013418941121643227,3.6294925263284785,4283.720336452482,2033.606272001043,235.42819995616728,1484.6959083241832
0.010667746969182304,6.01677207400304,7666.253590870702,2041.8651363603678,279.0314948567513,687.3459328948878
0.008144416608705398,0.9976063103697542,286.2468928702735,61.792843550735476,49.664840152542254,243.27592039034516
0.010825316294383353,2.9773641339454224,13636.951371473548,989.8873182351408,179.82814257259207,990.266332338242
0.006084328841644429,0.6747930302981718,102.07448436611053,452.74539756675205,30.565223375178554,1540.1770271468472
0.009969881347068792,4.852569588872785,10171.830980243012,5396.664093249176,294.5308028805378,1419.9795925475703
0.00810496156461344,1.5741187919211235,17461.398405100885,998.8403195047886,223.68778436185383,1058.351417190991
0.007880861175111485,1.0004217866078495,17628.395841663383,3977.15721201824,189.8586332417562,5050.618759941716
0.009837660679026784,0.9579681858678574,2421.188974356992,183.1082469837962,35.68798609246537,1144.503593241407
0.007748042194490849,1.6528599300611528,17632.08131035238,1639.8394965436207,241.60852972686806,1414.8610382275983
0.005753205201199921,1.9989935425605534,6863.549803471831,1501.2826654901778,160.7558782929695,1539.6138802519322
0.008021301769030277,5.346852831989458,17380.444485416705,2306.257217138409,318.3144276049343,538.9143932340357
0.009989639393590875,1.9935658371232508,15528.629473888828,2050.498536848968,146.2675614700225,2558.03464404523
0.013046750772095852,2.2751602631521624,1497.0690137052209,902.0128734792733,48.70931697419483,2026.3746927876803
0.006062878416553522,0.9860585100334428,400.1870339714638,100.3183509016458,59.608140352470286,324.7728937591547
0.009977453936302576,2.0322394174585297,2972.9989309777447,3164.3256756611418,131.44716093693336,3527.03693315818
0.007882759353394912,2.9901044659865526,17523.03554035882,3991.3589327436803,241.83026464508842,2120.292463983891
0.005217568679305201,2.6275726352413225,9661.63592860153,2515.1799447207704,222.10261097971699,1192.6100147052903
0.010029066515135883,2.021881838120137,1104.7214593080896,2313.5099262804124,53.40396710970677,3238.7220359432586
0.010790985900515495,2.0064454308943747,5817.965121904901,2005.8653360357976,260.67394879807796,1914.0604195122974
0.007899162517854295,1.001014981996352,13821.218648711802,3989.470635643722,175.60689693606696,5079.9798715261
0.010506117609386035,3.831147807073428,17104.523181484645,3351.8805479190264,282.5135812318546,1464.1764006833082
0.01292599792550991,0.9276515665760613,6986.7726437310785,1369.2483623994228,191.1726939313093,3159.172915822619
0.008160784200418566,2.9740238236433147,14233.81811066486,1003.0452182913981,319.12469163441733,394.8917799631035
0.00995786029679474,5.084487030316165,6986.886953284829,841.3959357819897,181.52145854656757,714.2281579092127
0.0039015203472024394,1.036322781655578,1588.0835136305943,803.9624175786577,47.89730417086784,1578.9162716150495
0.008028045564463019,1.7679828897191012,301.27364262041857,102.5237771615938,28.72324856577305,249.49164400814527
0.01491424815171022,5.961272960794128,17475.729987820512,1404.1015218574314,303.70945405271766,552.0824746416619
0.015049712025011354,5.899093656340898,17901.74800835174,766.2311377062329,221.07786399775088,487.4592815871494
0.006912598188840047,0.9634174915260577,9890.407873269203,3449.7523223846333,302.4176080410001,2234.2324681968134
0.008187773207982037,5.002260140015951,6920.811399138866,2508.7652078541746,272.03657887299244,750.8851143687459
0.007745468007144881,3.119094916367098,776.1524746521621,744.5883834865151,126.20201038164828,578.4348585023994
0.007837807949501712,3.117229688570658,1515.7179588610718,997.7012627426661,126.54374722219377,858.0073674307614
0.005957762151757912,4.0238370910050705,17848.89041780129,1512.065899677445,345.88834267857925,270.06361995089935
0.0054383235375287,2.4804634063469546,5075.988629445395,4336.065080872176,240.95587627116683,1519.5623614373108
0.010843401291658467,3.0066969346091326,17501.357994337955,1002.8318382193572,257.1210737071727,711.427700600971
0.00794526325330861,1.5835278930567083,14568.332399442279,2204.3699380659714,230.19717381310144,1873.2309947082472
0.0058064197259146315,4.951035996786055,19598.499263126,4967.897057610545,217.10793575240425,1487.0441371252855
0.0059265649837078075,3.9882481816808535,15579.792001310849,5036.221527429926,241.9976820124271,1522.2965811854112
0.006076281783443637,0.7875611592957003,7967.411408905471,2748.2870551621636,192.74504118372283,3469.8128334141916
0.008203487807993072,5.31170341526317,17924.445945354,2019.1875275289074,240.41559187663646,725.4231199652032
0.007300169464878121,3.803580800117327,17702.886186136206,5323.075399852071,233.2657391559386,2049.379283380496
0.013075158427920263,1.7455602492886386,3300.579469233136,214.32769874572057,30.83576294627602,971.3707882639073
0.009962676852515728,0.9917116331977311,15672.321559428052,791.8848553662664,110.18541171532782,2644.0518153832813
0.008118577427365863,2.416266353646203,12778.106942649007,3186.769698270071,322.38817396538667,861.4702069131184
0.009973786746720923,4.936784671077819,19310.552923492927,3955.73353748958,266.6332805975862,1483.660570533546
0.014160866446650275,1.4932755499315904,12456.186835631617,1624.9955634329635,316.0751800275581,1128.9963834764565
0.005976506778779853,0.8004363164199565,589.5884535170705,100.1522208401644,27.028163013041762,374.0840163963934
0.007949412501069791,3.027062759830984,6781.428078546714,493.6735832638226,121.06454199599774,742.5759409401584
0.007900891902896976,1.5721214534749428,14618.28503340931,4019.527852183977,281.62175472043987,2244.9243032545046
0.008042539204100425,1.9879130454673695,9977.116504063659,1489.4925723057918,280.8046435461073,1067.4944488541478
0.006103750332648314,5.551262299972826,6920.162976340024,2669.1552374424696,250.0098946912625,706.2766614727581
0.00811240163337163,0.7957518758952203,12809.171236789647,1007.153675134018,73.56117955255421,2772.2773047835303
0.006175404861414361,0.9223562284124289,7036.743579462488,3746.774268406835,199.58248247225885,4005.595311938174
0.009995224816283805,1.0023653567177826,11736.807925557883,969.1249925873786,118.56941818472401,2872.420948079687
0.010008798781738748,1.9895787441632546,13883.477916626885,3565.440703780902,325.3699247730721,1286.0994166790024
0.010030480845366074,3.002589176716584,11778.539414575373,2251.7412582249603,224.93517032297552,1320.852274744644
0.010380892609912568,3.8068501794209526,19967.950966682653,1113.9659488384527,218.8231067908843,771.7329454305254
0.009888482619239983,2.0210206187569115,3128.700365124918,614.6705854694293,89.52609788857913,1520.0709509781811
0.007980259413815477,1.0170665297382844,490.1625545585397,99.0419952676657,71.51731750753176,418.39603188802084
0.007935168839582223,1.5803200910637363,12792.717685416039,4077.5414992187157,319.33045107875495,1367.3932440434446
0.003944393499551399,3.093191955655412,1747.616081771667,950.3321207914249,58.78316304522023,657.1213325049863
0.008037912657232787,2.462930570869555,4921.889872140729,995.9058809077947,159.3129991176336,1314.776169127556
0.007990358567978053,2.9756996284827935,13446.958224870565,1964.6941447132542,171.4317977556185,1388.331697470537
0.010267313901444801,3.8250709833462317,15363.629334831066,2467.789911507682,213.0043840103938,1387.9167756173142
0.008279612296745929,5.332747150303277,13767.108016821525,1019.9618751423739,199.7481688545786,480.2063513036699
0.01076355078842199,1.9900938532035328,17345.818302943087,2756.242066719103,285.82559296086754,1867.0197460997315
0.009892732544929408,0.9930658178343549,13593.654283424494,555.6186007790569,99.53483442991377,1881.7154074166838
0.014955224089467025,5.972223553386419,17570.339204414744,1541.9189321467868,307.0074416857498,614.0801262924602
0.007898681276964506,0.7815098979949646,7939.865878791842,4014.5162172194923,223.5836562825384,3922.1554756653513
0.007998574986001653,2.973301633345819,13695.394812806091,2013.3560816308006,263.9596574415695,903.6668090102208
0.007687174684489776,2.0833144473687626,2674.7232978411184,636.1970649524485,120.0399908606048,1162.5159985419416
0.009970541824654814,2.0226405951499067,16298.417655525056,1175.2765561168505,136.8676436204227,1653.1316738961775
0.011010546312497194,0.9989415699256988,16081.348311310252,956.8907159093327,158.28307405115464,2275.2819883065927
0.009634080695287406,1.7438733581233965,6972.834095345631,4062.2878553392025,235.9381658953631,2456.7490007923666
0.007794713424909542,2.9891360031865672,6858.575067707064,4054.8259947332276,248.93713030428444,1703.4372310088866
0.00572895388504045,1.9490383468191756,11533.664211623613,3483.0931442889105,175.81324457149657,2060.0250663517636
0.010397901363338215,3.7424427443059693,14798.023762583018,2424.5217135504336,195.82855668691602,1469.2797408284093
0.009985591897574211,0.4890388244062521,506.1745105324197,100.45559018142077,73.69344645194916,1015.8333389541148
0.008002188576674386,2.0034366396786925,11837.109345142342,2011.1853783396857,158.30534809372708,1923.1681343919774
0.015108620259078016,1.6369625732257835,4994.547343863412,2170.7894727207176,261.85199792575656,1564.6581498933574
0.0057570812443042746,1.0144092291934066,11800.296330578089,1491.3636069430013,156.0278855298061,2310.3655272761266
0.0079412648338781,1.5804860859515584,17599.222041442164,2699.87670402204,288.44294790232664,1834.6397272596726
0.012689733347400745,3.6574510630722044,6794.251917398061,1305.5406560139609,255.04144817641463,1124.066955458266
0.005787037938137737,3.966003184374018,19796.46295445018,4912.671614842408,158.24028696679088,2100.867045412769
0.010068175298728072,1.0136088675869281,16291.726129891267,757.7559433869112,111.10991199723584,2360.029161268126
0.00800204079980714,2.2325909968510405,12806.829315352941,1622.445541282638,304.63644933359586,766.6459322581342
0.008146503377697097,3.012731542029594,9870.781800828832,4033.4727050998795,280.59165734638816,1343.255968953044
0.009305512692304679,1.2152882191812033,135.20857569683704,159.2721045774119,39.76305214371526,700.0787217112361
0.007896590077346239,2.204823525078113,12868.513345429183,1627.8565565078477,164.84173584205158,1423.9212824714375
0.009266525719956736,3.029577225761239,14250.674534244692,2043.3990749061577,295.2816825265117,810.2798256562003
0.005767083684661282,0.9898203231218704,13561.479817160136,1486.8709152502433,179.2403762386925,2014.4587986284291
0.00785623846299214,2.96643456795438,17298.92220734137,1922.244056068745,278.58790090160255,939.167198179814
0.0057613042270307484,4.012472757682203,6830.820287384661,3427.8851511726684,199.0578181708359,1222.286020754458
0.007991898486226338,3.432109140637204,12635.279157159728,1007.9770654104854,128.8198677350603,810.80203152853
0.007719239870448135,2.5633102822111757,11623.321298542161,1275.3432140401032,277.4461751931274,723.2317900577049
0.008134522662391099,1.58304161412361,17735.08629192923,983.2100189464797,258.54088904574115,942.8893014593148
0.012875080557703976,2.5218297110170163,1019.5945362502741,672.4492609389665,41.07982622803076,1454.0497141493279
0.00935650214809614,3.0864933750725276,11377.643058777834,4159.31236187877,274.3791798872894,1349.433547278249
0.010386951681508754,3.851414220361286,14621.240746561323,1698.707870939515,267.91000462852736,708.4080055339571
0.007888907407647756,3.017493868114665,6844.835586251414,1078.5427482861346,255.60118499004864,921.3134249373334
0.007976218681431495,0.7758807221671113,7886.347324071799,5067.245433194687,210.9328448157359,4656.568555669624
0.0057374991577691424,0.9965584919137566,6711.809130018967,5036.77334321177,197.25922052143804,3775.5493619294466
0.012651332214982717,0.9227425399058701,6900.008164685733,1919.6189560545201,232.15389710285456,2969.1653638729254
0.012034647074997016,1.4429985055680143,296.7650882892052,198.0787370330743,112.73909835621987,797.2684802731783
0.011111901876051338,6.001622529422555,12672.57849366623,2073.9928398178217,241.35995758618313,719.4916997545438
0.010896260228099855,1.978352558798684,5952.094084085982,1001.3097106135825,120.92995113982381,2189.8223109639866
0.010033618471090985,1.5185378320933576,2941.3564815574496,660.5198198708082,99.55816334357051,2010.298021638747
0.005854842756773585,3.0026379403687904,17344.064185263745,3354.261929865613,236.27494549572,1380.0996004797933
0.00398348107050606,0.4998452157112121,5843.218338835521,4414.743830092433,219.76537044674546,3858.8806540513733
0.010801996426811532,1.9938571892979702,13655.301994057396,502.77381772068964,294.9472974742763,586.4905832324372
0.008541453049321317,1.8167961148822864,9791.535060695072,1649.9271843717524,294.36511041863326,1261.2084659446764
0.011041588611359553,0.9911523299911177,5808.84906870194,964.5640031122206,178.93897107668764,3061.273607555903
0.00993328639652159,1.2670898906295927,2819.404657131192,1507.2172089089916,124.02360498200834,3524.820973275029
0.007522871002273393,2.0652379969069545,2000.6745915361182,767.8511643859973,143.16302769372146,1193.1371277412723
0.009999766704772666,2.9387343698072947,6985.508732360637,776.8236605485978,211.6912279339962,1013.0803409479827
0.0039235006037064875,0.49895249177741025,7805.857462717305,4435.895348292797,175.2832211104597,4916.538625995552
0.007921481047950506,1.2047765344437176,109.65654142674019,60.750945811971604,69.56393192152356,204.639743653801
0.010134131836118528,1.50728160373606,1436.9465678624217,473.6786893534791,75.39077889909602,1520.1998945726602
0.0079209135415124,1.9798113389300989,9838.642850666998,2039.8095472649575,58.54403067601932,2669.366803268538
0.005912542740921771,0.998040869993269,14580.266328945747,3369.658973621044,301.04470250224756,2040.837087685777
0.010097763791151428,0.9603648898726278,2741.039213233221,917.8821409527088,109.6815256220812,3509.7168029973664
0.007894555324004368,5.994754448590197,6748.127135841605,1999.2899066950504,249.46129621008106,652.0790551688475
0.012934878847193429,0.9615656297396318,3088.1248765714076,293.0049947579371,59.77834644534049,2009.9061788284528
0.010838519903367365,3.9553377243350103,7756.603218378351,2759.3173187527796,259.77769602975053,1255.3991423250657
0.003973828215049175,1.0052967367861214,4918.518989690239,3437.7529526038734,51.21821892414345,4463.581096820365
0.010748713036584503,0.9948646108281434,9816.173350754776,2776.6530270585067,277.8093822113699,2239.937641164049
0.009818896279868008,1.4998685757850894,6756.160260710876,2631.909268162461,211.969257324482,2446.3613775259128
0.006214291038631768,0.8987217232722472,6881.342616343257,5321.902708277612,201.061861929264,4692.701686556186
0.007912815289361835,3.0024294109504575,17579.746370345012,1102.595845810758,218.21358179207746,717.4122713970559
0.010118977479666239,2.9806855598001962,3006.5412594723666,535.9707291309242,125.66536828773384,937.103723378428
0.006760361469022948,1.8803380118108401,9915.015285077961,3310.9650109661957,256.25599289372116,1743.6748109761245
0.007823080115228061,0.24962991857791497,6887.426395476599,1011.1188347604734,79.31811983309271,6809.734210234766
0.007972852534266914,1.5804735247786341,14720.138595339025,2219.61013637588,219.84325458527564,1949.620506578225
0.00985865788032398,0.3500881599897009,1372.3310034934084,2686.7788566404006,19.678065379335642,8907.005356512349
0.007915300537955298,0.9961267449105289,9966.623609576653,1968.6942442192994,153.29353134219838,3274.4469807394134
0.007854027809473545,0.9993239719841297,9992.577338565985,999.0719670328066,134.50170435138537,2555.0137995125074
0.0060862954874108645,0.7986987246798197,9902.416340660984,2212.562375786631,236.25187419550358,2511.7287105779083
0.008165304693973379,3.006315559911447,11762.68098323475,1988.372145603325,263.21751557547105,912.4581549763325
0.0077327959575601984,5.92053155033317,17878.18075363425,1966.9356715285214,186.28942141010444,763.4737830525936
0.010148124254851586,0.9987074467571916,15843.958116482381,714.4336039997131,105.48629606317323,2251.590106989079
0.005844703381817097,5.891917537989006,15797.719893819594,3342.3545190643836,300.25560349527564,550.1522896872676
0.010662739195412744,4.014943706281755,13811.443544504808,2045.9322104622206,264.10154390625644,855.1108782539524
0.009945563469734043,1.5341181981646697,8123.5591442553305,285.3311090923008,94.33765523620879,1027.680186115683
0.005894942204792658,4.875199618107352,17690.710640251476,3343.13062194312,217.83414822990542,962.6443142088149
0.008061593056591813,3.028712754182951,9717.422008443797,1958.9059071473675,249.7947600493204,975.7353666647903
0.00507874258837136,2.570967188875602,11841.126197081821,2476.408023579156,193.75336798412283,1148.1930466333881
0.007747613874501982,0.49059949205112874,5866.071631319917,993.5095804000036,202.52673015475318,4066.6544745631572
0.008299119926478174,5.2575568799607915,15665.95951444592,1028.1118567920396,240.57451596874145,398.72249147424776
0.010111330855275323,1.9821225153293598,7919.845835951751,5329.417879622613,228.99430244257542,2779.437400167408
0.007979203971338784,0.23754169419012203,1032.480484998917,2086.202436915684,50.69281221233784,8797.98172787887
0.007938863217406417,5.080586500948078,14822.769987825872,3254.1364974422813,333.2893579347232,569.8912254852787
0.012858008875461452,1.8943815260799781,6988.991071087731,1330.249315222279,206.88267391289494,2134.3600426894905
0.005784763578945535,3.014556419740328,14702.40610287998,1502.8749423297004,219.6756056421758,682.9984895037136
0.013185247802931274,1.7415691063913687,1819.0926308782539,354.20177810089785,32.75122256425556,1457.8015915058495
0.008317597215340918,5.271539763144726,20151.331658555126,1010.0610483993656,96.80661760882285,603.2985698558501
0.008188872706806747,5.36089119248863,17393.652529400653,2014.0873209996303,232.6679850899629,764.8198383422668
0.009899852258522706,2.9680404899809574,13602.9065543671,913.3699550978348,235.22763669032764,721.4214870427356
0.007962691175856847,4.962384992785967,12895.35136485416,2693.2063010487536,277.21534355408903,648.8473254180308
0.006185238724902661,0.7889543247059833,13017.701691606977,5056.62537476549,245.1801110867982,3872.909201016673
0.00799362573029137,1.0061177972354611,17559.184899481603,498.12894586785336,267.0834696847521,800.6115843299903
0.008135250684954314,3.0053132855922584,13608.21256764128,2774.3545607248584,264.45617689121013,1137.1231417041656
0.009884199758591804,1.0023155710373879,11895.552457268188,1405.7683169186118,128.18279264616092,3191.5219952718157
0.008086778669502552,5.006375296898623,12082.738747351226,5036.192089796139,225.56910536286492,1522.1380498013064
0.012763739682206317,1.9495265235648933,10324.964810341298,1346.8477681863585,214.58674186974363,1857.2534430993267
0.0057618072397691,1.983235947427364,15627.438711026407,5015.017240637401,136.9915499692306,3673.154946582912
0.009958844214180584,1.2595685758579755,773.2372865876355,102.55287198800997,35.90469077893402,515.1136007752906
0.013348483778100488,3.550432213393883,15184.948123842021,2057.0405578753143,313.0501962891587,845.7953687339575
0.010728206661034613,2.9983857451292746,14954.287347654008,502.9908704332753,221.00646720770362,512.7080550097384
0.008010899738666989,0.6840549017039917,9873.605883799177,4860.304895709766,262.2804964100535,3745.5533814527857
0.007918110854510454,5.884149464116081,13668.68405237182,994.076658971357,182.18306722933593,385.05265033369466
0.008055927006508206,1.9992934955496071,1005.3160539316347,1516.1586598766237,167.20666985524872,1437.3513709853278
0.008005321644227214,6.041346096705202,9781.509125307275,1240.9713770164612,209.9541643313437,465.603440744603
0.008121102841369772,1.0043022159834825,14871.833278376016,608.8630648959538,280.9544071979068,973.6323852992846
0.010877931738628744,5.849460059739573,9923.5299175365,1020.4347907572273,238.91572345805594,501.8167529384143
0.010045832922382272,0.9593130347642047,1475.044463151404,399.461891194609,55.796698431066275,1998.2928630389094
0.010034143703011816,0.9820084019421491,14068.29882508654,382.00720285255494,100.2536967763602,1541.8972668319134
0.00783911619091037,0.9975687688617068,7080.710114935434,588.410100638737,66.27807290363394,2346.0848075456215
0.007943429098171487,0.9679313899623394,9845.871883068256,4007.599444937954,264.0249671177968,2609.261111137819
0.009948689714483457,1.0004399867252656,13788.275572353088,1037.096712414568,200.38197244263824,2017.2121184475836
0.010074924482841613,2.9715000594870133,11657.532475268925,4207.421723282057,299.3512369867846,1234.260618359142
0.005736336092275934,2.995491918304254,6833.40873999073,1478.7183570895106,236.6248977279864,849.308972124046
0.00805977281485078,2.0222318243147517,13579.34040019189,992.4866363017866,261.9023861129861,822.7287737378749
0.01005425556232892,1.7263510965327256,1671.7524686137147,147.5382283760207,41.543502077789434,517.8712020261058
0.009912748081241813,0.5957945147601434,2653.655229152046,752.0443775886665,88.42481345931212,4547.249481021699
0.008047789210772678,3.0016143704041407,9892.260368749687,1004.9637749213925,220.56293833172847,819.1944762034238
0.010586538035163668,3.8049375339127134,19989.365017682714,1021.3402658584612,225.1044243171124,690.2320326594358
0.009228479177492414,1.2016155642307496,190.36780212876948,304.58780114124534,70.2989852793111,867.2511626663678
0.012682903873693713,2.4118182458398065,6803.895050490441,1338.4797187574263,267.840225435414,1393.2064163629698
0.00987400123353037,2.5245167990179507,2936.524244438957,862.3457833510754,106.11333732661758,1492.8384160456362
0.007592560079522677,1.6852934199695777,19397.01068489938,1499.1114239461133,304.96132134888103,972.0007403374084
0.005845335678766882,5.951551680526415,7693.472880702722,4962.014307148207,221.16350607431713,1015.3859690158532
0.009154844602241745,1.8236849817083205,136.8490841070176,161.72697014949983,96.2174687701655,403.5529271631758
0.005859359791307363,4.028169115685281,17602.5632038865,4972.102650213189,117.86866627517936,2307.0097577194765
0.013066218528896735,1.7864938304162419,1893.694613907316,1112.4325076221617,51.61203793051773,3017.2052237212015
0.005759538930397992,1.976948459755005,14561.952184236596,3504.840299389548,98.74563046902638,3010.7058642398806
0.00788830422533924,0.24617102437985075,2006.4953429011166,2107.5349904653644,73.75162665326643,9234.17800958859
0.007865237006314396,3.0123910703565264,10087.012109999952,1995.7911719873416,297.06447456358615,672.4208398183838
0.01003023261956634,2.017358267274781,15790.940079044527,1646.6057767217544,142.45533530188496,2076.131941119242
0.007833988451198239,1.0004599172426138,13917.630452634836,998.5541331318819,225.2116298976412,1729.4320033085082
0.012844715876246086,2.7187714529403975,6955.860693850548,707.2816910006458,194.54120069805884,1272.5519135094696
0.010776888970410776,5.044211826643761,11836.281906781893,2042.378255254623,261.2969817086367,776.4825755041651
0.005587419716431334,1.9927853956237456,7127.993050070538,3969.9356726587657,255.95143955694965,1885.2602032798493
0.010813741669020238,3.9407971257335284,17624.409774594496,987.4070232800146,259.9408027407488,527.4094293543214
0.008154874715011511,1.9784236284280405,18042.535603594024,4055.194719015348,347.67475338355734,1348.2930413023923
0.01313245322187103,1.4907432114867472,2943.873102622579,599.1985302335075,36.887611693902386,2555.301953624517
0.009281934931293416,3.59466271475346,6886.132382391145,2799.5416016683207,216.19216459823687,1490.486478840502
0.0078185545178235,0.2507378611780435,6689.4423587158635,2985.0088751253365,218.84336212359074,5917.8273078198645
0.007855445660410137,1.5580362239592462,2920.8592140987757,1007.6128798542209,175.1454183863823,1885.480284574512
0.010245501356091294,2.48041500005775,6961.76258608445,1446.2059200722533,230.15544477634782,1495.781111372353
0.005906420902580183,6.0382347553537326,6893.775080605822,3311.0953901733333,180.15936607117362,923.0396292271653
0.01406491611086738,1.5384840813863274,11259.041315683118,1659.616757565821,304.704988931567,1395.2077688367465
0.0105635458469065,6.024405213459816,7929.100145143587,500.32109762689913,199.0701424603943,404.43575079833954
0.009905479533491206,2.2509944810647284,1573.1249937645212,439.4076168071237,71.02005898942879,1030.2700013714227
0.010201909104574587,3.0503097769556136,11821.38435101446,556.5957784534376,219.55378385216721,624.6338186502328
0.012769128339539476,1.9179803058023133,6972.80870257893,2742.1648050699114,202.69470483570615,2418.387143031895
0.007975741321521875,0.7796629082101992,12893.771622656272,1001.2061847374415,169.1657673317144,2185.3924467358884
0.010224095799291805,1.994789915804703,3494.033001411349,578.3879683540666,91.81659686191657,1484.205199585316
0.010070754468825641,5.047079992296434,16050.409855370963,467.9664688987535,249.61681983755372,286.8683640647869
0.014644614499820335,5.968663045464293,15491.291248029363,1089.374307117944,276.7760402449897,495.44066494059706
0.00797232649582059,5.091660467066151,9774.335097436455,3228.38908552151,253.21101034189832,903.5261931157189
0.0050010609986627175,2.59403953744241,9860.502961033953,2485.6526207417683,223.92471720404077,1174.8396071747102
0.009992112722197907,0.60598819280519,2586.283734949481,424.79235397813034,56.11238464058371,3437.181736211833
0.005747420358483052,1.9798412275670856,11802.2250464832,1494.0463294050685,212.79486579114828,1102.400860085987
0.012890366343749462,0.9238754449192319,6851.776482211065,1970.5215333030628,251.1776225286612,2789.474838403805
0.01085080469197641,4.024787155585362,9790.204724388625,1020.74225543856,240.18051676735962,723.1472058082552
0.01277373973571916,1.9772612825008375,6861.092549220357,5464.812957784093,225.34267909954775,2872.777626247918
0.003911572605831431,1.46561979215898,3057.2801524305155,1557.1321026047412,71.43352005870634,1892.1199084975524
0.008339074797800657,5.293136992265521,15957.858070741106,1006.746860782444,59.66632083989317,644.090355423594
0.00992261314075124,1.7251646670360479,2944.9153354184014,788.4278720030655,104.09637041837075,1985.7686873905218
0.0057145739514493765,2.0216799670430103,14978.322982451798,1481.7944464135196,98.16492886774029,1428.2650081275726
0.007994181914794526,2.998235396142095,9770.808842260165,497.37409740278304,140.11253639825853,596.8374594268503
0.00986983476667047,0.9912802360748529,10205.332758865752,436.17776515685415,98.90838116501251,1971.7736735591643
0.010137629042600398,0.9943301440684424,10088.863289148447,1183.4099693641529,114.00439680787281,3429.763230942734
0.005965283612082803,1.1897318456329318,108.12086059094328,197.7759970515962,29.128034038769613,486.5762040933818
0.003918099624456194,1.5498666231221592,14918.900752533653,3928.164946248077,244.4046378746159,1828.1288136796852
0.008166091993290834,2.998866531208135,9737.016023973292,1002.0230371462272,192.49041137186813,858.7196250985338
0.0082225274388727,5.320856536440053,17528.929487945927,1509.5422454724628,194.72867574437893,630.8810139043671
0.009963307729461725,0.6035007139117725,3133.219461848385,499.8240797432579,67.0376968061888,3937.4591230220944
0.01008876418188767,2.450392492530519,6811.637068020342,2765.8769583257886,227.9481654674617,2205.451421485028
0.007672957949573963,2.0885742434604397,1377.5905859696868,282.467039668863,99.44387669582713,607.0960064563199
0.010111257085937284,1.9722848414074747,18160.53075274588,4327.853810235824,345.6264941775989,1681.805957089123
0.010028021429551804,2.9863901655964886,17667.371052097253,380.049563352609,254.62086347950722,344.93531066909304
0.007974672866514836,5.057727851328208,17648.743697731723,2694.7956107414916,343.4122438024411,481.2275979221997
0.005763559812537456,1.0016324308372424,9743.502304084617,5039.702083225585,239.4775512377603,3213.151410584975
0.009882729521405636,1.5278941167858826,3981.6815656239037,437.338902634871,93.68782336535328,1535.0721063884553
0.010042892890406828,2.007882459369804,17932.88316167691,2106.218438597384,149.10994367319802,2572.7242390455567
0.004688789660881748,0.324746916255473,13603.645381294184,3014.1618497963755,268.4667456853302,4350.3496716936625
0.008124175033886745,0.3992450722785432,946.7838225862569,1511.5782371061184,26.180077484888564,5983.934232271962
0.010011089174993153,1.745994560921461,1444.2678126644837,146.8527933024286,41.94281222086043,516.1426334247859
0.006099956309325028,0.773566977078475,12923.470966546978,3222.3863238085905,302.2652951139587,1791.3997853003673
0.006178870623564976,0.935867260096204,6923.713405302583,2755.7801351998583,207.59808814181247,3329.833116657115
0.007792035104212179,1.0063454115351198,7087.1136963708395,493.92700135766694,64.46059435482186,2041.5554525732218
0.00807026094246928,6.216804375953985,4936.750415770574,1630.8425458815107,166.74337140730515,717.3019925594028
0.007984728087323473,0.804613578561562,14759.213815778168,1000.601181564066,222.37535713520228,1748.0374883128538
0.008030341253796841,3.6068792436978554,16346.962141603131,3031.596391501014,246.0161118719601,1304.4197857953561
0.010328876621274878,3.78360940764802,17644.132006967804,3388.973726958605,294.68746725060333,1370.3694861271156
0.009273555853199224,0.612209535474173,169.66725568640396,295.3139747794204,78.04402485183833,1349.0573357666292
0.007816341845307993,3.1132690908439806,881.6466556635094,284.6942072080275,135.8268085672992,363.11687812718225
0.005834871229803521,3.9981615444141374,13781.01359738878,1480.3742708867906,140.84503273148187,714.7054507299663
0.007117690763056177,0.5595958535045036,3423.4513125397675,2884.1083279633885,217.08097437466407,4991.3080956646645
0.009813849641235202,1.2583605376157876,2134.1581095304405,1722.682215454813,132.34058104673343,3530.3850933738954
0.007886818887763759,1.0144637545707496,6855.196085721323,1001.9535786688115,91.45567386916468,2952.945298055827
0.008016526461922434,1.0005562520028608,17880.5715235631,1014.866451664862,282.79356530281524,1160.8624048009644
0.008094321757124387,0.7809624933195167,7891.7036839761995,1606.0338685422334,155.13806042023793,3560.1554978589916
0.006082610548322569,2.645238564712379,6885.405632167839,1349.8271825315705,255.65850608845994,913.1415486046945
0.003910677296666813,0.9848133250069745,2998.9502397431393,2307.0169908127527,68.96148803631533,3543.6941724183407
0.005817081073583326,3.0565878336944237,15801.220653922097,1501.4540367036084,259.0044836362534,587.0432585270065
0.010030275961748842,1.7710253302376149,2617.5314131296127,530.5393192276458,82.09470792769177,1523.2373786808544
0.007932414144968829,1.5573604717678005,9716.418383458482,2248.430623453533,176.15831195295584,2395.1989282679197
0.005905669354028923,4.999897068649643,19537.048043457147,3439.43146843204,182.372803224519,1103.8088396044843
0.007938192589041071,1.5819045149294235,10027.404959302654,1635.7233075004683,291.2487211832226,1324.9043981838904
0.00995218164104513,1.7638910629332747,3217.9907610677424,515.9765502956019,86.3039197179197,1481.2295283662982
0.00809869522071594,1.5819664038424188,14525.503755630461,2177.1326951780366,326.1865786023506,853.5302462803197
0.015265272139331112,4.0558887553715435,4955.804221382794,2266.4327761189847,245.04392698203154,1487.1733087336415
0.006016818845773324,3.19208380999214,6979.71535235621,2193.294184146054,219.58648843419905,1055.3902394631616
0.005770407469212862,2.0243135850961718,13730.51417412551,4296.838597432778,294.9468336195529,1361.846584801788
0.010106558995634372,1.0214914757972249,15902.598484589995,1300.5684235051485,122.70494904574093,3273.3189834343766
0.010972883434548664,0.9955942526736973,9798.44433400994,2019.473361684518,278.7927021129843,2069.5118305539386
0.008080091596719628,0.9965894709071033,9879.588899904593,504.39881895907195,122.21036149120555,1673.1874778715612
0.008069467566651134,1.587140153553498,7913.525663643611,3194.1899068196676,261.5811150201485,2053.8979961079244
0.0060360111157457975,1.010837803431357,3085.130227172385,971.0525885519178,80.60773345086407,2808.022959248577
0.00793028620497657,2.0040515995064543,14543.744911135607,4955.434764711304,337.6067573244157,1552.9070892075467
0.00623661726401787,0.9096415896656942,10366.95493283066,3825.8816500906905,240.6241255176421,3341.556846967651
0.007962023613254507,2.408915833875193,9758.019397848797,1574.444900835396,192.56640980703605,1388.0097931050936
0.009981844559089818,2.9811855378209065,11828.692384769878,766.644265714065,304.83808104152536,487.2122406625223
0.01340140361867583,3.6436637814555284,15600.947150634927,2014.6369419625137,276.6275065101447,1099.9043467888941
0.012813658656951762,1.9132168399360154,6984.234250490853,3046.2647040040033,272.77113973304847,1994.6327062463079
0.010099676465861096,1.0033919688779591,10101.977389295376,443.25092548872675,109.32497173121406,1899.8362076219755
0.006018409927104137,0.798122414148125,9797.009563025527,3259.243474702203,252.23472324518565,2681.155496644006
0.008057170065286131,5.2946537963074745,9766.729283492405,1999.8072946883199,258.93275784297754,598.3628557402368
0.009883177403592786,0.9544242283972444,2543.808587531594,1311.5345783445846,118.98564987605786,3904.5618698566386
0.008001114456877905,1.9963435983363484,17804.65457790677,1947.3840064359126,161.81820914928625,2010.4341520662626
0.0038793865955502956,0.7974182980588831,9811.264236674542,4090.5708510397226,228.7903147253483,2952.8416274254832
0.008059596312139174,15.184045400992762,9878.775570130754,1993.4927798878048,292.7682429458978,223.85406751835447
0.007357754614284125,3.8121359961184145,17803.186133882533,5471.253782070358,241.09891255207026,2078.9502473893685
0.012076718861358722,1.2052801906317527,294.9947126882069,100.56462668247855,60.77234420566706,597.1935267308955
0.008011187239421392,1.5685931808565132,7911.973135869748,2242.7735931258253,203.3498757988998,2291.6638782591385
0.009982956056402644,5.071243332358414,16069.769864414337,575.6947267261509,330.2133348660561,224.8342196468987
0.010121305016813431,1.9779858923947795,14189.577753964233,463.8449816796897,102.13401834722822,1007.4777621583027
0.007943713010138163,2.982172646658113,9654.751685746076,4007.796630996655,213.70630637988526,1795.2726051783443
0.007987291003558246,3.033475309881256,13735.139312323141,3928.0969002787733,204.11870468655448,2168.486696796517
0.007939577712185413,3.4524449910842354,14586.943321554181,1967.1611119825895,274.25098120417454,770.6318583497147
0.008156309327500782,1.6046821479638698,12720.040868980754,1607.5317339167516,107.75813707221185,2354.648309821644
0.00802045441884196,1.007644340325183,17743.57867841111,972.4413956031931,333.29900310678556,850.9068981393107
0.005866870665759503,4.0424638811590174,11596.630916728907,3282.2047296114815,178.37338028737454,1144.7057286755282
0.009996034605426906,2.0001023882661206,9818.895547078677,1399.2632041075062,141.1008817044351,2079.0497547470372
0.012454026015836034,3.675843978796421,6752.238446478948,1387.7959198207252,214.2686912867493,1287.1168394280387
0.008019165860350196,2.0099606729077144,13846.452730738452,1457.3413086838932,297.7160664237122,759.0090203860669
0.009940977839907467,2.0209609657737926,9951.982785891183,865.584592848394,196.44286601138052,1321.1693276309247
0.009758184733374255,0.9401605033641842,2808.758129620529,1692.9820596506447,121.44259372518748,4324.530592836713
0.008156536159418797,2.001163362555076,10027.839267350544,1987.0522193871798,300.66945504814487,1044.351526164678
0.007777362758561781,2.584021887325953,11596.81887839503,3017.0025484264897,170.62244153399544,1919.302469973016
0.01322870621837718,2.468172518997567,3377.5586768657145,763.5636388373596,50.28723875216015,1972.5137645959373
0.00988290338782648,2.251415213109724,922.731167230785,522.0867597704613,71.87159951326707,1042.2687988901635
0.01245020530802195,2.770942665450497,6904.063700242775,2700.655930613087,231.69750332318708,1959.4923200043095
0.010030741736511055,3.0136824916104175,11875.454240030245,620.5165490481882,300.3544523280939,438.8345393699926
0.007981873355428057,6.129331998915615,11846.379970399035,747.7701994991863,224.0784733635896,302.16498587489264
0.005755579145663462,2.9933261907841144,5903.42530354013,1503.8044424503637,216.79087414246058,945.0907089784615
0.009916258326488089,0.5907398624354991,1559.6124424412287,558.6178140687565,70.85419796938938,3894.267637894343
0.01011765694082509,1.9924064088210898,6913.517125913686,1323.247218142093,148.47551743766442,2176.7798007554825
0.00764947108484322,2.6107187314368434,14809.57757861474,1740.7028635118982,233.86957892668158,1099.4377908983129
0.010049715995967332,2.5153933642285127,1241.7149875503392,223.4222804742924,41.09093033774845,528.7667529854115
0.007996684670766155,3.016575664282857,13831.821184320255,982.9862792072051,294.0676199497386,491.5826646114479
0.008287233672686519,5.418891969601518,13771.038607623483,1020.8066657652867,158.03824963968015,548.6304142712941
0.003937560010166815,2.0723063365666885,3584.7629195101613,1462.5798467316968,48.254314401737105,1431.2906340694503
0.00803183908373737,2.4327903483772433,12790.305097646047,3132.382796866116,227.59468253364443,1699.8057454227874
0.008096150398457215,1.0015226695861854,13886.269207236453,5094.438039584055,331.9167233307728,2121.2842999974414
0.009404665742088333,1.358822662404868,7042.141840262356,1011.9623973339953,206.8995647672138,2305.900417561251
0.00806617851433455,0.24138023223160124,2483.072887183156,2234.020190343857,73.60465121909233,9306.783421273269
0.008007169549229158,3.0196285373982406,9892.466091401526,2022.236250334472,257.54953616783604,948.2955219596945
0.01018056583555242,0.5987043196339787,265.54888587357874,275.96747402629177,39.35666077198725,1640.2293375061142
0.010630880770590203,5.008402799549165,11656.795601395534,2068.3716643199305,280.38582673126206,663.5652790409879
0.007844573796099784,5.935454961358057,9795.780551892367,1972.9320896304205,255.17025380698283,487.5169526899652
0.007400768845973629,3.794841627093782,17758.65020675061,3806.8548678895154,147.29940944528676,2056.422151928019
0.003917281601863962,0.9954491615462209,3031.315741145404,1605.4669160855685,68.81116221367677,2854.5890881959926
0.010735656189144505,6.066871907498289,13752.411046890946,2761.9777144581385,283.87050963638313,707.0462123621143
0.009984131845180353,1.9805336342235387,7994.629605222435,6030.961153462961,228.8128523892215,2900.7365261122823
0.009989792112686257,0.6046401205258759,2538.7620221637526,418.0408716540739,53.946964465503235,3407.913888766287
0.008015829214606451,1.002462908380514,10027.813983065289,994.696967116358,240.57362345086497,1685.5576798947823
0.010097927854151496,1.7444820477570522,2946.5498981161286,144.39225345957422,43.650954685674,506.13837594908307
0.010070392850650471,0.9975546510045851,15609.29725360907,905.0018480163587,99.49052652485284,2663.9895095288075
0.00783925330346529,0.25030998141849575,13785.642126694082,2948.4728680948265,219.98315687570997,6882.671184862913
0.008098533112823877,3.0260672121213665,13819.877286652936,1981.537680265526,275.8819939367398,860.077420967342
0.012679628423653064,1.9198295613614313,5313.775962655968,1364.6235091555334,254.9931956979497,1942.9628119636316
0.01279888808681443,0.9104559443747424,10222.956399047695,1876.8414443297063,183.45415879783818,3654.6775717071
0.012829730632157338,1.9239898716642418,10376.105268730014,2727.774027831944,211.66100151213632,2521.3253603011954
0.009941324602064303,3.0072436948293664,11666.392183601467,6309.7815749144675,231.51033142475245,3066.113472375406
0.007263216255147226,3.8219296280120965,9798.20251234284,3012.2591763994224,220.2105556904985,1180.1299936418482
0.009473554623116873,3.0477872976370692,14012.883054876304,2038.4798823256892,254.2601157720417,1031.489792089167
0.0077286173146976144,2.5994851979154623,14957.968054458142,2504.6245640501693,215.07163405046776,1535.1653129519707
0.005960043740650739,1.002329340289114,700.4012194918613,149.4180789992136,61.34598422105483,473.1318632322838
0.012896000498567628,1.7619997859065637,1181.6660566139935,923.5566918901517,45.78077284450183,2450.049499917868
0.00797512908050753,0.9817588896041959,17666.105001401353,1010.243540056428,161.0568062017835,1810.1597765968133
0.007846288130103567,1.6465758134827044,9813.015753197289,4511.91569615309,258.1692840284851,2221.60505533938
0.010026764077846705,1.967517765054541,9998.760123119735,845.231636391194,194.58334213312162,1324.722395504771
0.01003067179424876,1.001165731161925,1388.5034135172143,286.194176290959,54.95407673939854,1504.1117207945654
0.00799468548406147,3.0089894063887996,13780.605607780331,2010.509085206704,231.2532251924559,1079.3915334468425
0.0058767537033810775,4.013085421309917,19769.714858981297,1497.444846135375,299.75040037772357,401.54488542702506
0.010108879524178339,5.041609670001184,16121.927757761574,3699.2478363842542,323.8431053452646,876.2016161148409
0.00925692431574255,3.0835416490759617,6960.662400302413,4013.0441737207766,207.90489043552418,2177.950296050502
0.008070659128522914,5.972500817170108,3002.846685623888,1504.8289862820566,135.02503058763827,704.9815272703034
0.005846386553196396,0.6254014056449055,3523.559122712319,5197.235129200614,57.789003728145715,8539.05157838466
0.013144320743609137,3.6494178911063195,12290.900156599188,2019.1811071561776,272.1111745632731,1001.347934415375
0.009908863295652583,3.005191087503168,19605.7424340028,1506.3189666351002,337.6030555243511,585.0968404478107
0.005548950593870462,0.8652503971780847,7134.043018573035,2023.3799079278328,208.77480802264873,2926.8343882823824
0.009282649032809894,1.2248317877816572,110.17489935252614,91.59034189277438,57.821627596152084,368.3739864225436
0.008094832835547459,2.9704060500592475,13856.877949418791,501.3966694068688,192.13367785852748,475.7225237734639
0.008017339030009807,0.7826167274417875,4909.022139168181,3908.1561646610776,212.20345874511847,3899.289199243434
0.007892295482484692,3.4378680756171742,4898.137110952774,2007.7652618754469,224.30385383530745,1143.3487573936204
0.010766270019307961,2.0050127742994364,5938.831841629697,1524.7978180395933,242.9479140229539,1871.6096919680858
0.008234013592336869,5.354736271264903,14865.883557629273,1029.0239871691213,202.08488202802098,478.81723475488326
0.0077553302710114454,5.999690530025473,17757.139256983293,1990.2241848775898,290.73306056894813,477.2057500397502
0.007783833224727725,5.921593762674664,13818.243993800646,990.875004584385,231.96746027152392,310.4913259686073
0.007925531589266701,0.9933554284670492,13852.267191969324,2023.764195788973,244.73747612853052,2313.488240122807
0.012770524428169863,0.9153413562315584,7088.055349876812,3690.7991682939596,244.3931583601796,3371.5395088486644
0.008023359879323514,0.9892566250434438,13642.445087932918,992.6292938640153,261.7810048203566,1436.898967982756
0.01487133869395975,6.0197996061543355,11530.784810450938,1010.308546198519,309.1737665786302,426.0326420100642
0.008017104530163053,1.6609066556625094,15723.233830616266,3391.7637206336226,340.27420786791794,1238.5659513157998
0.009453639332146891,1.2268406284226052,190.05209720471913,298.45141929870675,70.5824886396615,887.4338992207473
0.008030805798553454,1.5597943516280295,12600.226883730398,3999.1775801408044,293.50232632822105,1877.3487402020448
0.005753697258629801,1.9988183033656393,15583.564331093574,1494.5588565602748,158.11773929782632,1187.9446499080052
0.008090843350392007,3.9229383304298833,17756.777500076085,5957.103966739675,257.89172895932694,2336.9874492806694
0.015025401747777976,5.0039978005604535,4082.24631913454,405.0167737364261,247.50761338757516,495.8574216348449
0.013115694676551047,0.9557784089521423,1265.2428448955434,314.4595261367278,68.21686218115786,1979.0209176899139
0.011063744731565371,5.998856485453032,14839.851497565842,1022.6577348947411,270.07310909335956,385.6974096393568
0.007809000454329391,3.135715693293681,457.5262736851818,322.3384745121418,116.2275478332714,362.62296329827234
0.004763077869824953,0.31296116717953815,13689.313440096388,2851.4301436180476,287.94543410100437,3738.6375480870715
0.0059747304761273885,1.5183015184233064,501.52630542728326,101.33448836290259,30.234112557185487,214.85366759373383
0.007959277324906058,6.174078539708044,17924.558651495827,1509.949831492058,257.02538681976677,467.7035852166047
0.008049725312476226,0.9892100392113528,9773.84370506443,502.9603660698657,257.72262202703706,1202.6150987380167
0.00395684962673845,1.4974043945796311,3036.0329279322996,1670.4533167283046,67.0389172352099,2002.539019279646
0.007973867696369446,2.402573309357826,14578.426732536971,2649.4554566958186,325.5284822184464,831.6820886096473
0.010127160915257151,2.2250284124259814,2564.2851516379374,402.996470420006,66.31164330015969,1026.7171039279722
0.009924892477332123,2.0045780743630246,15623.65223010525,523.4912935978331,194.89786628770366,765.2845327982955
0.005757504426770467,1.9946941614084375,11700.846480572049,3399.250536954719,95.09395019827662,2797.625943427032
0.0038458290694384917,0.7755006475963429,14572.841816548877,4042.155811835652,291.0920976006818,2065.229633917048
0.006034760336207351,0.979350471412664,7165.462887102707,2457.7281428914516,94.4288462447615,3976.1632807661967
0.010963252312096274,0.9909535362052541,14569.465341223262,1965.5809549417552,216.840499484079,2887.3379755965902
0.0076936859804181395,2.5352642265789544,11893.304717157474,2725.0756823403094,268.06713845291637,1135.318960752014
0.008040756094434828,0.999205845247715,9668.700301707666,2001.9488062195906,296.8543492476811,1710.7502085487586
0.008042750198126496,1.0051040190064324,9721.088566117833,498.6167420717759,63.18009683130439,1898.8669132980767
0.009324036203719391,3.0028044169435635,7164.831948787157,1983.309913035824,221.2535474696066,1448.6569587047472
0.008015996636674919,10.954217736090007,6834.962116093345,1525.174575228373,239.06372659617628,370.5244869800504
0.007967302269709485,1.5844125548743748,9777.008641830864,2731.0734207433557,279.8240477397764,1554.8612697679162
0.010132259672731965,2.012241605937088,17488.111297391722,1475.678079756173,148.8957609313016,1885.1551849550542
0.014203344294281994,1.5314142596432805,11129.81245514172,2007.5606595217268,297.8747306570343,1467.4767119824974
0.012672881069137422,2.7677813334647503,6673.182107840287,2015.3915422992773,268.00239065722496,1521.4419085782683
0.009908761373185585,2.0272411862653392,3066.229253129433,1490.6942324498007,39.99259879288716,2875.4870853158127
0.010011128622801516,5.03844080097509,11985.737074927847,6253.108661292721,227.02311588763214,2077.451463273222
0.008128438992860977,5.34553819538752,15848.281889433383,1997.5038060475706,208.95958125481755,771.9477413007828
0.008032443256899275,3.7018880226404174,17754.817769870544,3968.389365285184,344.19508584722524,883.3737114310368
0.010185132249754503,3.0067667574034784,16088.078063701927,3762.8676998560063,245.92563087812613,2263.1543331775742
0.009950054321273787,2.006308129523737,13799.343074742244,730.9119300134489,200.52099555847124,1028.0554224929047
0.01322939437793026,3.6369159657485337,18414.513681518572,2027.1881622367823,336.7918736233478,903.1919074424535
0.010883472100744097,1.3621220731989208,6965.423223350974,1018.080447695462,251.02734264060513,2110.436691193847
0.008206488223823222,3.9818110854698134,10168.863833630256,1246.467342928413,209.8200495481279,742.073908893499
0.005800440434501238,4.034514636700581,6768.713575646823,3316.090033058599,159.27258734912215,1389.2128621878708
0.013202913615163875,3.679771947824468,1055.7589215619225,2019.9600109315409,165.54869919481277,1404.810838593036
0.008146399825895932,3.9218590305316137,16200.726779473276,1488.0687219925314,243.43429489099344,645.8326996627437
0.007984355460151561,1.0092978694454835,17691.84752714366,1992.6646791651785,238.77860366577949,2419.6280898217506
0.008052727531565197,3.478232270185644,4002.3348781884165,1986.2702738508622,209.76509870578178,1206.3422332568034
0.00794745886441103,4.086078851462669,13877.447792340929,6026.113934325533,233.87081075810246,2195.3457406396774
0.010032011830978694,4.948364392281464,15439.97324618109,627.0748915157637,329.81068094343414,247.8682185622215
0.010020682940693876,1.0114977905518434,2334.5606016066454,734.1405345890915,104.57628381450903,2970.5275751851623
0.006111295675700528,0.7996535154310509,17680.589796067776,2176.9721379126904,279.03856127633105,2063.181568830627
0.008065595285780804,10.969424358691139,13671.349240756126,1505.8229784686762,178.26189565821483,341.1126723390729
0.006812271398125309,1.0058781402889745,5838.523532044366,2693.5163549658223,178.4290066699642,3484.0687172003904
0.008041954350698153,1.5316712431838289,4922.736490299158,1580.1475003682958,122.2434519828651,2915.1180115325988
0.014141408247852186,0.9858026037583485,12425.83171234478,2056.831534584018,294.98565712861046,2082.074760146738
0.009326256118465813,1.2329389030960094,140.96005851276138,164.78346205594653,40.325860114973004,608.1599842637889
0.008347162889374832,6.016945266925224,11808.279298990792,2857.6460152941077,287.10801170124967,569.0405198805444
0.010066478958298868,3.0397295927967813,7014.6630228486,6019.305096832725,180.3193911346665,2822.308791201383
0.007914432907905871,6.028249885703516,14276.41913408913,4010.3900778432394,249.29271412308546,994.2082568067818
0.005830726598245496,6.08198882832851,6840.294366300847,3395.1709736076623,200.15952416661165,872.7976190783414
0.00803177778062727,1.0127200205221092,17383.917927635728,498.8498438130815,187.48544558003445,1140.3789876939281
0.003949958060165176,1.0324825561244964,1387.2805274087364,1153.8031523674806,59.02730041742537,1791.0841706722852
0.015130844494876124,5.957008276744603,14719.726968296143,773.2854834194504,299.2897097972888,381.2986812710601
0.007988809595104819,2.976817455892379,13736.897433932545,3927.3887908891957,285.77539800044593,1481.9635337744023
0.015108185882801651,5.970018637687676,11677.263031937347,1428.2076221792904,257.0238346969379,733.5443054652948
0.009935100467499573,2.973926467623575,4986.998000573605,399.7351580262841,116.09065205940794,727.4177161150598
0.007914481318254438,3.0498213884870937,17700.175713521723,4014.853947430238,275.5980060471312,1720.9556819046277
0.0038015425485401406,1.544180779260847,14724.086602934836,4043.4269257262204,311.2030826607987,1133.4531697995708
0.0099592161014344,1.0079780406228873,13962.257127755174,2132.2352344021715,201.9042972607495,3305.4109393256604
0.013044899608359771,2.254045920187721,1514.435032746043,540.8398488038561,38.09084888073012,1524.1850890683713
0.00931773472527972,3.059779028176967,11082.73268864348,4097.938581871495,307.3104691363041,1217.355494956981
0.01014961170571198,1.9637596719420143,6966.239500813509,5981.0232219993,280.7335791820128,2297.14967821842
0.009386474659958408,2.0008169196516374,7074.446870128929,1173.6341755717224,280.41065149859526,1392.5069988886767
0.0058200265839010775,1.9957247483363947,13782.138121429047,1490.501670388499,138.36490902010863,1309.2490690189627
0.01079188757785173,4.042379395533446,13568.811227854096,1490.2915411942474,157.21487369443508,1055.0677086604042
0.011076618709911053,6.008290158587727,9778.118733494257,2107.4707737217423,286.8552553346124,547.1574576571235
0.009409235170307579,1.8286521726249017,112.49057711730502,91.64503431261528,98.84171781154063,247.47714778281082
0.015184532947093895,2.4132220124504538,6556.276280026207,2197.4631407320953,217.47880050016934,2061.7394804651194
0.008218176690650184,6.07903157671078,14713.26203064634,2825.5215924166487,312.8895775967317,480.77573241713856
0.010432160820764497,3.742535919898689,19657.60366171187,2773.667627266871,254.2236719093968,1395.1187550755296
0.008011151678733874,1.9884025982888516,9853.201844840132,2781.767132395187,219.9455227794028,1877.9502480733797
0.00986969856144529,1.003205960723268,6984.483075503331,1886.6242482386133,219.25849718933267,2894.5064203079687
0.010052621207225193,1.0058447553076388,15963.178924871623,1233.2040436158256,204.86491476365737,2231.0737957174924
0.005719253920638462,3.0094777019484207,7728.541438009377,1501.0321739853118,218.08061420703038,858.1933294698093
0.00784570894898466,3.0855700807568662,1200.350206171664,1202.3403353151507,130.18198965504965,855.6247742254599
0.008186273748058137,5.392023054682471,15864.232249492514,1010.2533940715465,220.25791370143887,432.9566326749908
0.00797872420712095,2.4407084865276913,9839.108910795734,1597.9407462786955,168.93789244812984,1520.1098294256672
0.007902489381677844,10.850349154320405,9869.15801656749,1519.531468648035,137.45956010250183,389.73230952838
0.007962594379850085,3.4832150979260383,14637.854195538053,988.2432671127863,202.17333289500846,625.2626090865257
0.007895210242766145,7.1151349201626,17395.940391780936,1020.0723751132986,321.9050938578086,191.82624394399542
0.00804696495596009,2.9470123502912395,9869.145268050437,1012.4112455246359,113.4023118374829,1080.185297354304
0.005490245884872092,2.5170205013297045,9557.038092538096,5884.242129753097,272.5445702576247,1786.0196084344802
0.010045332893915038,1.7459935576492978,2187.2508439564695,1591.3328879705164,136.83740604616713,2510.0315935300296
0.01017175149958783,4.888561110135586,6819.848571625352,3867.668889301561,272.56446505331655,1168.8196636760945
0.007906961316300637,1.9992741583591873,17477.529319156547,2778.496707186762,258.229487071986,1800.299996923622
0.008018399112487995,0.7766045119341451,14568.038229826801,1595.6651923393824,227.54221912508035,2320.043354955825
0.007930797231586335,1.99303780240077,11759.30789006039,2804.072286655674,156.87584995097177,2394.789997941635
0.010653320739685763,4.951387452509474,17502.131020094235,2020.055654858874,299.95520455970825,684.4308440570546
0.00783236638830301,2.4476079467622918,14724.257973078864,2203.1079626032665,315.23252605024624,796.0617906020426
0.007942504697735709,5.92430288957202,9828.7293835797,2016.326937094174,131.9036621356904,882.7906029149675
0.010805655479046598,2.9811075384149537,6812.520197496717,1001.0608716023011,139.8289570261103,1444.6634540233204
0.006029875857405418,1.0052005264503494,7097.387044948138,3555.1845494942713,103.8479948594523,4682.740445709434
0.010855550505798341,4.001736949537913,12001.83115462616,1990.8278222396482,280.83640839292514,815.4119636658401
0.005883897168707496,4.986625979894433,9896.605590326784,1504.038255916017,254.96398075757205,389.597545573334
0.009338177958965771,1.6962356410055384,7189.78215016756,2002.946656830195,251.73877194872722,2207.1661874307856
0.010926760848925953,0.9954341229811008,9777.13746808164,1530.6009657939387,159.11088241484111,3221.6892089714916
0.0038473059231926097,0.810189593380204,9869.437971988442,3955.385900643785,212.4813595592562,3106.7182414536182
0.007989332084819056,0.49519152296260216,7910.603302727045,1471.7544035688422,97.944292896423,5696.931938121576
0.006019058490643721,0.9999914605839754,594.336368668066,101.59427947582849,76.48143314376506,303.34738309202726
0.008063500423289283,2.937967311570536,11930.979899287646,3142.978036766503,258.98271157170603,1215.2805026773774
0.005774066940755969,2.985996889041751,9971.786025661733,4943.74646034163,297.3637411100199,1251.1223119358124
0.005763744514306632,3.016531917663866,15938.234449684729,1484.384162933664,325.4576519168536,412.7604982511524
0.008333842006624884,5.3357512895310135,13666.629450392698,1499.542976655286,187.06433914044035,648.0933823848742
0.009834477182806334,1.2415442993348567,2373.428496975723,762.9805248307807,110.23094834929115,2508.495716524782
0.00994878616416248,2.0137118678005774,6948.101831571564,6887.037260725682,275.3632911754077,2340.850146598963
0.010051232713776413,0.9914217375196589,9917.074429707225,1032.7153947709314,109.17369534022245,3177.3622338434457
0.006154043553220895,0.9108394427039163,7076.02036591378,2008.2712588049865,207.49688582171387,2603.1930756223123
0.012591570436812416,3.6638496754186654,7115.980465664012,1326.312987650477,243.02648041718942,1164.0080967378817
0.005985627538218156,3.948348880753896,6960.918693855916,1123.530277761436,211.75061224459805,590.1986792469623
0.008093197801674319,1.0145492523558597,13721.935905694152,1009.9547738362394,288.0932173828105,1180.9514794534657
0.00991097447667558,2.985837571307306,19658.24053843314,4273.452802565345,348.79136426728854,1398.1917167638928
0.009988111631040105,1.0281687306982106,1923.3730585569203,210.65362971729064,100.0785974787149,1038.1129592450272
0.00785971949284345,6.023409051005489,9848.686878326067,2004.9239646086744,145.66805850177064,802.8267115802163
0.007809541938646518,0.7569614492002649,2980.120987920815,988.18203687744,208.53691980986366,2958.461067486789
0.010270877348775746,3.8251509138331428,19959.797788890035,1727.31918226706,320.21647176303514,696.5272959702078
0.007918921500270572,1.0078866007949845,13768.324701229967,4081.2031613425424,285.27538613702205,2877.5913922185864
0.007931477841729134,1.5820386528053993,14487.929601964814,2219.4167430571683,266.1160830138539,1590.857640052154
0.003888779429712724,3.06983781294646,2464.0686194028963,854.1135551550408,56.306881034475026,650.9872382726903
0.010404077312086871,3.7899697442520295,14621.817495033509,3504.967687266084,256.7458822276113,1497.0261874703162
0.008094674750272405,2.95559868078074,9805.245632842549,982.4864689348508,242.40202831426004,716.1660372882744
0.01007378852084273,0.9953357587341554,2717.796252169101,491.9005386220456,69.13010633084956,2479.4316299456023
0.005884846544962826,0.9957609939104322,17906.80947318432,3377.8890782103,117.47784892641288,4913.381631943112
0.0058855955357376396,0.6880915931992759,101.10618446108744,464.25381781303633,30.32767194181948,1757.3207245260705
0.006138502261446273,0.7875688082485913,14463.31943151058,2227.105352175013,217.48397843009312,2698.577966637324
0.007930464060415431,1.0037052484550781,17544.052009911455,508.97977717419553,286.8163000793309,749.6189954767493
0.007742230503056134,1.649651966942494,9638.584354420585,3474.840310767152,262.47594432815566,1940.4591381728412
0.007996441200695165,0.9717858283327784,12734.505404130094,3880.425797535873,318.9790504865974,1603.1244100404951
0.007875810840136305,3.5061731892791808,14745.022509339147,2012.512472177951,67.29282368974718,1595.2595655335078
0.005795472014437775,3.927308013261601,6795.955719329094,1520.8691371740254,38.911533713557056,1102.9741200454778
0.009832393818820529,2.4859530354951067,6947.452558589277,1036.1521491839842,187.2227371156662,1479.5699178459606
0.010168322126855358,1.998034103317146,11752.735764306519,1771.5700937987422,123.45467440535973,2336.13449609602
0.008044377750871362,3.023850387775729,13614.643584537776,1006.8918379189998,171.4643008643437,805.2875624862196
0.007777321111901912,3.0475721142599212,6892.443340098794,2046.3371178044838,93.88781226795123,1982.8538074655842
0.005704182019622834,3.0022661031734184,6874.759752609199,5010.18666191943,119.93938008580496,2555.2508879913285
0.009300229940425002,1.850444075560745,111.14740068811275,92.16958039691454,71.47365693461093,267.9274904917548
0.005700860311731344,2.0435717914936204,19796.162731784432,1505.8503003104302,259.3578486340136,900.7607287254177
0.007985201922774174,0.9970022487375964,18177.620249591564,1998.825986762774,285.64875835526686,1972.819806738906
0.007699290855230272,2.0695914107359084,711.6458528393183,562.5943377747672,123.83475424567193,745.0348452196982
0.007990183104187667,6.069418201236098,9798.07931387261,492.33256451654154,140.65023907996735,320.86743614610896
0.008114121273144145,0.9747165470064282,17536.706702108306,2000.1965519892376,282.50055854771284,1998.2398469449897
0.0023705913125247596,0.49985967939540565,5101.677847123011,2081.2744566762503,49.94422490535872,4185.760082898709
0.014125740028660265,1.5139734537849783,10920.326187961371,1626.491342503668,302.42270769667385,1438.9149803771359
0.013113653702784759,1.9161503604757533,5229.92937257373,5342.043473771906,166.90649355914064,4068.4509823586995
0.013202014325481548,2.9932162347115012,3324.1168087062683,992.0786608282533,56.74014694960628,1999.681413122297
0.0131497339940207,3.6602450922246295,18832.707330650417,2052.8457703856548,288.4233438847533,1184.747990343184
0.0061152316115848345,0.9751734178725975,3062.998795670978,1743.5165960303243,79.46606253554567,3986.167073482527
0.009870236855119278,3.159668020873227,1730.0808999455965,606.115779344593,127.79738069628468,935.9976137794605
0.014996529213230324,4.01796290802798,6566.4012840576615,2287.034148262279,247.5652730014243,1318.205659022472
0.010086175845275536,2.0070806325215553,9826.74778046218,878.1856045258303,110.09168775181692,1687.0051647799116
0.007943628134529274,10.908823097332402,17673.88203985292,1518.3225340262413,137.87115157999457,392.0555115658506
0.009811140616766306,3.0016221773933314,13978.226252928942,4658.043928811354,240.8126708704236,2467.08312691119
0.005844407561702537,1.0069087176619158,6907.059331826229,3298.030621478701,240.4807818842008,2774.813208776689
0.010832869267018833,2.9944135507096803,13681.085790654055,2787.3338040326566,241.63295594282536,1546.4899243987966
0.00991514281018689,2.0049011169238153,17692.4160040324,526.7428129553342,101.33154147797119,922.0041575803224
0.010837001815448784,6.0929133738527135,9805.727436537129,1497.3549520932756,178.55196520283158,789.855801356031
0.008047951470293357,5.325001774975147,9829.367326780377,1013.25981143332,80.38383366478499,740.1693965930551
0.010775650592306719,5.994589896523685,9738.349671447937,1528.3187486239508,156.20012416187336,846.5232907753768
0.008079975996558244,6.048203962302797,5037.108117165033,2040.6168045025536,161.91879241650514,893.4918936043471
0.01000987595776425,2.982709452351728,2999.553766614881,5607.441718948854,139.64156326756725,3645.506872857731
0.007916217869920316,1.4120868408790843,3004.533008775028,1013.8345678718692,181.05212891975856,1954.6386762930754
0.009975942200594383,1.7307931994055208,1653.3402061368186,622.5405721991136,78.08219683313094,1526.03898300065
0.010081025671650987,2.0110655366216883,11751.561758696345,362.9433586675859,103.8611661604509,853.2355175528264
0.007421531545041552,3.776372497861513,9599.577002673357,3443.082176157498,247.71166898395944,1155.096713419435
0.008051052805041667,2.0509853163979104,9853.277518956453,2026.6401670577702,217.20579659726516,1688.6804261137684
0.005981218040542428,0.9885919488069397,7115.19436611249,1806.641581588237,88.04795870047732,3523.023612161935
0.008163892452877209,5.305917331719116,13598.137761311362,1939.590592355462,331.85388614315457,339.23786949885755
0.012588026912421028,4.829990884613756,6867.002279987896,1325.08201356658,271.79249190769644,822.6837764350637
0.013039808405744518,1.9763523248012076,10341.669682559466,1936.9963951797804,225.02618721255672,1988.4726653370908
0.012542460543669668,4.989708184715833,6710.2046139431295,915.3514670666209,242.23290004581088,795.9326602031621
0.014233871677606034,0.9769430348995195,11091.480482833884,1627.0897403684328,246.65441957537683,2573.0111156483495
0.010072650310654607,0.6182591643704041,314.1406402665062,193.96951981458986,42.16572121494843,1401.2457203213323
0.009966271160782622,4.947628831011854,17642.037013181023,2438.079917989915,261.89231998904194,982.8933156449224
0.0081108070057778,3.000572917236384,13758.326591446677,3337.113140672252,301.43154217971266,998.0084213594663
0.012978803063978117,1.5012464375114132,1808.289298157073,692.9099117354767,41.9361749455987,2544.5084541943743
0.009910054752392613,1.9963102657017178,11772.39944470422,2125.5534918867866,311.5071363262605,972.624067376554
0.010738440002781872,1.9837292930538997,13750.38025261626,1096.9605083542992,261.0038749074423,1029.4073691637407
0.007833920081022362,1.0092702522509085,9805.694564192105,506.7445675966079,52.77696700266409,1803.4987989683655
0.014899302597587939,5.9046663042623,14937.963408995189,783.8291629364074,180.10191301007117,587.247324793749
0.007918644006924542,0.9857273480022334,9925.74742370879,4048.567264927515,179.06728456590918,4720.647028082529
0.010126423027466937,2.9628180439456466,11998.353514931408,2855.949834984432,223.29706407915566,1576.8957192361845
0.005784714670184989,1.9841871241538191,9961.816503873468,1489.9351000640233,197.72219825301968,1214.676549101442
0.007941921556125381,1.9941396552299866,7748.284137080407,2794.6518234534788,181.57969073821445,2324.605476929451
0.008012922328834321,0.7842900331658466,9772.052597561877,986.018512297227,51.10563231277917,3276.776779192454
0.010106871806886497,1.9942633629406101,3994.9794307170487,2651.488220087513,50.030164409290215,4012.510897075222
0.008145900412266077,0.9950860415159976,13538.626432950814,2754.4910806622834,260.10881124234106,2584.626851492819
0.008036946353963362,1.9855848134152179,4868.939282266555,2191.461955474033,229.82899758347796,1870.104166097128
0.006118781650357991,0.8079926520673821,9784.295816286047,1599.3350878013568,233.73387915245922,2300.528863703811
0.010801550042105717,1.02030434576953,9810.54143717966,1514.0047408405499,260.67653558751044,2253.8384235354165
0.010502218052999503,1.8153780632254262,13738.756719744055,958.5327900557818,271.8284531647467,953.194339766802
0.010149270705657068,4.9588629745211374,3018.203688291033,3485.1630076900233,211.33082397474973,1241.4378929759234
0.010288962526056098,3.810100388612466,19966.26833399592,2938.029069540853,314.45346552976616,1035.8523068699965
0.007661007905548595,1.013958011481067,6922.820399020491,504.71437704246307,138.61787811403403,1781.9367427222476
0.010044889106298362,1.973436636486856,9777.465898200946,666.3475474485895,102.51333646490998,1419.5634155436987
0.005603797536245817,2.9866923811352173,14775.55262482831,3367.1934579749864,98.12037642930113,2046.8169238624498
0.0077601740519712865,1.0137611315442945,9689.522193960245,2020.1391855397683,188.6839039219097,2914.3010707343283
0.009879711883582781,2.929576355327391,13443.007434699768,5533.818012658509,227.17664336140916,3065.1300572610194
0.007988064769178904,1.5989966236282107,14718.574361311203,3220.677002319228,297.40990132319723,1578.829244436088
0.00799167836862444,1.0067401598879115,6886.000626580511,2023.0507410698444,168.52443301007742,3259.477009794557
0.007998852665721487,3.5377165083470095,7930.0568464372445,1989.3978234840138,186.40507164661258,1287.7871273909204
0.008005537512462637,2.5148145233294583,17607.915119682726,3877.761858165196,342.8252818578879,1184.7106003873491
0.00792917358137978,1.5726958995931601,17810.85096147792,4955.28194320948,330.6471148819766,2222.303112969286
0.0100504394209915,1.9949656061990537,17556.88754816093,1554.2976941795825,146.35642663685664,2034.531073421457
0.007993204290245616,1.595720485372037,14685.888415294554,1596.5145686724263,309.42024061622493,902.4299244579364
0.009266908502030798,3.0888834983980273,13928.023513107068,4191.020970661456,307.15763214783794,1262.4895189043318
0.009577580468665655,2.006814323893234,6988.91113339465,3357.5656555177675,275.44503164680225,2095.4156570998803
0.00997903161892274,2.0774910985012793,3715.6000061354284,440.1957043939987,105.93703014384747,1164.8108246651084
0.005832567618826578,1.9984027160051494,13751.143548981512,1478.8141668567441,159.6112001380582,1266.5706539135138
0.008170913554971891,4.981219846255577,17972.267977124036,2945.1461704663266,254.3598289843224,1004.9278860562598
0.00789941570824058,2.9699189034834346,9595.123958936749,1006.5833826160759,193.47462156615438,876.1709281815757
0.010038489581684367,0.9888378157441136,1805.4579348250047,164.23870293899648,33.223040878348584,991.6572686649123
0.010067109604332668,0.9922192513868495,13762.366596069778,434.5497871505119,182.52610832176478,1348.7497844250015
0.009275531167106036,1.8313486424570335,118.0389499372733,119.58298055300727,88.06223963039479,317.8278998213046
0.007992518860755523,4.061557877788155,13778.984496982466,990.9330018824372,300.6725401330686,356.1334332867253
0.010488792551576469,3.8022104728237163,10060.713921957038,1691.7622693428539,120.2088138684347,1460.6272025798035
0.007965377486024456,0.9881928267747704,9812.677814611356,1593.957376114826,240.35814247599095,2180.4089736360943
